0.000000 0.000000 1.000000 
0.000000 0.101435 0.898565 
0.000000 0.190271 0.809729 
0.000000 0.268867 0.731133 
0.000000 0.338975 0.661025 
0.000000 0.401934 0.598066 
0.000000 0.458794 0.541206 
0.000000 0.510393 0.489607 
0.000000 0.557417 0.442583 
0.000000 0.600434 0.399566 
0.000000 0.639920 0.360080 
0.000000 0.676284 0.323716 
0.000000 0.709878 0.290122 
0.000000 0.741010 0.258990 
0.000000 0.769952 0.230048 
0.000000 0.796946 0.203054 
0.000000 0.822212 0.177788 
0.000000 0.845948 0.154052 
0.000000 0.868336 0.131664 
0.000000 0.889544 0.110456 
0.000000 0.909726 0.090274 
0.000000 0.929028 0.070972 
0.000000 0.947584 0.052416 
0.000000 0.965520 0.034480 
0.000000 0.982955 0.017045 
0.101435 0.000000 0.898565 
0.101435 0.091146 0.807419 
0.101435 0.170971 0.727594 
0.101435 0.241594 0.656971 
0.101435 0.304591 0.593974 
0.101435 0.361164 0.537401 
0.101435 0.412256 0.486309 
0.101435 0.458621 0.439944 
0.101435 0.500876 0.397689 
0.101435 0.539529 0.359036 
0.101435 0.575010 0.323555 
0.101435 0.607685 0.290879 
0.101435 0.637872 0.260693 
0.101435 0.665846 0.232719 
0.101435 0.691852 0.206713 
0.101435 0.716108 0.182457 
0.101435 0.738811 0.159754 
0.101435 0.760139 0.138426 
0.101435 0.780256 0.118309 
0.101435 0.799313 0.099252 
0.101435 0.817448 0.081117 
0.101435 0.834792 0.063773 
0.101435 0.851466 0.047099 
0.101435 0.867582 0.030983 
0.101435 0.883249 0.015316 
0.190271 0.000000 0.809729 
0.190271 0.082135 0.727594 
0.190271 0.154068 0.655661 
0.190271 0.217709 0.592020 
0.190271 0.274478 0.535251 
0.190271 0.325458 0.484271 
0.190271 0.371499 0.438231 
0.190271 0.413280 0.396449 
0.190271 0.451357 0.358372 
0.190271 0.486189 0.323540 
0.190271 0.518162 0.291567 
0.190271 0.547607 0.262122 
0.190271 0.574809 0.234920 
0.190271 0.600017 0.209712 
0.190271 0.623452 0.186277 
0.190271 0.645310 0.164419 
0.190271 0.665769 0.143960 
0.190271 0.684989 0.124741 
0.190271 0.703117 0.106612 
0.190271 0.720289 0.089440 
0.190271 0.736632 0.073097 
0.190271 0.752261 0.057468 
0.190271 0.767286 0.042443 
0.190271 0.781810 0.027920 
0.190271 0.795927 0.013802 
0.268867 0.000000 0.731133 
0.268867 0.074162 0.656971 
0.268867 0.139113 0.592020 
0.268867 0.196578 0.534555 
0.268867 0.247836 0.483297 
0.268867 0.293867 0.437266 
0.268867 0.335439 0.395694 
0.268867 0.373165 0.357968 
0.268867 0.407546 0.323587 
0.268867 0.438997 0.292136 
0.268867 0.467867 0.263266 
0.268867 0.494454 0.236679 
0.268867 0.519016 0.212117 
0.268867 0.541777 0.189356 
0.268867 0.562937 0.168196 
0.268867 0.582673 0.148460 
0.268867 0.601146 0.129987 
0.268867 0.618500 0.112633 
0.268867 0.634869 0.096264 
0.268867 0.650375 0.080758 
0.268867 0.665131 0.066002 
0.268867 0.679243 0.051890 
0.268867 0.692810 0.038323 
0.268867 0.705923 0.025210 
0.268867 0.718671 0.012462 
0.338975 0.000000 0.661025 
0.338975 0.067051 0.593974 
0.338975 0.125774 0.535251 
0.338975 0.177728 0.483297 
0.338975 0.224071 0.436954 
0.338975 0.265689 0.395336 
0.338975 0.303274 0.357751 
0.338975 0.337383 0.323642 
0.338975 0.368467 0.292558 
0.338975 0.396902 0.264123 
0.338975 0.423003 0.238022 
0.338975 0.447041 0.213984 
0.338975 0.469247 0.191778 
0.338975 0.489826 0.171199 
0.338975 0.508957 0.152068 
0.338975 0.526801 0.134224 
0.338975 0.543503 0.117522 
0.338975 0.559193 0.101832 
0.338975 0.573992 0.087033 
0.338975 0.588011 0.073014 
0.338975 0.601352 0.059673 
0.338975 0.614111 0.046914 
0.338975 0.626377 0.034648 
0.338975 0.638233 0.022792 
0.338975 0.649758 0.011267 
0.401934 0.000000 0.598066 
0.401934 0.060665 0.537401 
0.401934 0.113795 0.484271 
0.401934 0.160800 0.437266 
0.401934 0.202729 0.395336 
0.401934 0.240383 0.357683 
0.401934 0.274389 0.323677 
0.401934 0.305249 0.292817 
0.401934 0.333372 0.264694 
0.401934 0.359099 0.238967 
0.401934 0.382714 0.215351 
0.401934 0.404463 0.193603 
0.401934 0.424554 0.173512 
0.401934 0.443173 0.154893 
0.401934 0.460482 0.137584 
0.401934 0.476626 0.121440 
0.401934 0.491737 0.106329 
0.401934 0.505933 0.092133 
0.401934 0.519322 0.078744 
0.401934 0.532006 0.066060 
0.401934 0.544076 0.053990 
0.401934 0.555620 0.042446 
0.401934 0.566717 0.031348 
0.401934 0.577444 0.020621 
0.401934 0.587872 0.010194 
0.458794 0.000000 0.541206 
0.458794 0.054897 0.486309 
0.458794 0.102976 0.438231 
0.458794 0.145513 0.395694 
0.458794 0.183455 0.357751 
0.458794 0.217529 0.323677 
0.458794 0.248302 0.292904 
0.458794 0.276228 0.264978 
0.458794 0.301678 0.239529 
0.458794 0.324959 0.216248 
0.458794 0.346329 0.194877 
0.458794 0.366009 0.175197 
0.458794 0.384191 0.157016 
0.458794 0.401039 0.140167 
0.458794 0.416703 0.124504 
0.458794 0.431312 0.109894 
0.458794 0.444986 0.096220 
0.458794 0.457832 0.083374 
0.458794 0.469949 0.071257 
0.458794 0.481427 0.059780 
0.458794 0.492350 0.048857 
0.458794 0.502796 0.038411 
0.458794 0.512838 0.028368 
0.458794 0.522546 0.018661 
0.458794 0.531981 0.009225 
0.510393 0.000000 0.489607 
0.510393 0.049663 0.439944 
0.510393 0.093158 0.396449 
0.510393 0.131639 0.357968 
0.510393 0.165964 0.323642 
0.510393 0.196790 0.292817 
0.510393 0.224629 0.264978 
0.510393 0.249892 0.239715 
0.510393 0.272915 0.216692 
0.510393 0.293977 0.195630 
0.510393 0.313309 0.176298 
0.510393 0.331114 0.158493 
0.510393 0.347561 0.142046 
0.510393 0.362804 0.126803 
0.510393 0.376974 0.112633 
0.510393 0.390190 0.099417 
0.510393 0.402561 0.087046 
0.510393 0.414182 0.075425 
0.510393 0.425143 0.064464 
0.510393 0.435527 0.054080 
0.510393 0.445408 0.044199 
0.510393 0.454858 0.034748 
0.510393 0.463944 0.025663 
0.510393 0.472725 0.016882 
0.510393 0.481261 0.008345 
0.557417 0.000000 0.442583 
0.557417 0.044893 0.397689 
0.557417 0.084211 0.358372 
0.557417 0.118996 0.323587 
0.557417 0.150024 0.292558 
0.557417 0.177889 0.264694 
0.557417 0.203054 0.239529 
0.557417 0.225891 0.216692 
0.557417 0.246703 0.195879 
0.557417 0.265742 0.176841 
0.557417 0.283218 0.159365 
0.557417 0.299312 0.143271 
0.557417 0.314180 0.128403 
0.557417 0.327958 0.114624 
0.557417 0.340767 0.101815 
0.557417 0.352714 0.089868 
0.557417 0.363897 0.078686 
0.557417 0.374402 0.068181 
0.557417 0.384310 0.058272 
0.557417 0.393697 0.048886 
0.557417 0.402629 0.039954 
0.557417 0.411172 0.031411 
0.557417 0.419384 0.023199 
0.557417 0.427322 0.015260 
0.557417 0.435039 0.007544 
0.600434 0.000000 0.399566 
0.600434 0.040530 0.359036 
0.600434 0.076026 0.323540 
0.600434 0.107430 0.292136 
0.600434 0.135443 0.264123 
0.600434 0.160599 0.238967 
0.600434 0.183318 0.216248 
0.600434 0.203936 0.195630 
0.600434 0.222725 0.176841 
0.600434 0.239913 0.159653 
0.600434 0.255691 0.143876 
0.600434 0.270220 0.129346 
0.600434 0.283643 0.115923 
0.600434 0.296083 0.103484 
0.600434 0.307647 0.091920 
0.600434 0.318433 0.081134 
0.600434 0.328528 0.071038 
0.600434 0.338012 0.061554 
0.600434 0.346958 0.052609 
0.600434 0.355432 0.044135 
0.600434 0.363496 0.036070 
0.600434 0.371208 0.028358 
0.600434 0.378622 0.020944 
0.600434 0.385789 0.013777 
0.600434 0.392756 0.006811 
0.639920 0.000000 0.360080 
0.639920 0.036525 0.323555 
0.639920 0.068513 0.291567 
0.639920 0.096814 0.263266 
0.639920 0.122058 0.238022 
0.639920 0.144728 0.215351 
0.639920 0.165202 0.194877 
0.639920 0.183782 0.176298 
0.639920 0.200715 0.159365 
0.639920 0.216204 0.143876 
0.639920 0.230422 0.129657 
0.639920 0.243516 0.116563 
0.639920 0.255613 0.104467 
0.639920 0.266823 0.093257 
0.639920 0.277244 0.082836 
0.639920 0.286964 0.073116 
0.639920 0.296062 0.064018 
0.639920 0.304609 0.055471 
0.639920 0.312670 0.047410 
0.639920 0.320307 0.039773 
0.639920 0.327574 0.032506 
0.639920 0.334524 0.025556 
0.639920 0.341206 0.018874 
0.639920 0.347664 0.012416 
0.639920 0.353942 0.006138 
0.676284 0.000000 0.323716 
0.676284 0.032836 0.290879 
0.676284 0.061594 0.262122 
0.676284 0.087036 0.236679 
0.676284 0.109731 0.213984 
0.676284 0.130112 0.193603 
0.676284 0.148519 0.175197 
0.676284 0.165222 0.158493 
0.676284 0.180445 0.143271 
0.676284 0.194370 0.129346 
0.676284 0.207152 0.116563 
0.676284 0.218924 0.104792 
0.676284 0.229799 0.093917 
0.676284 0.239877 0.083839 
0.676284 0.249245 0.074470 
0.676284 0.257984 0.065732 
0.676284 0.266163 0.057553 
0.676284 0.273846 0.049869 
0.676284 0.281094 0.042622 
0.676284 0.287959 0.035756 
0.676284 0.294493 0.029223 
0.676284 0.300741 0.022975 
0.676284 0.306748 0.016968 
0.676284 0.312554 0.011162 
0.676284 0.318198 0.005518 
0.709878 0.000000 0.290122 
0.709878 0.029428 0.260693 
0.709878 0.055202 0.234920 
0.709878 0.078004 0.212117 
0.709878 0.098344 0.191778 
0.709878 0.116610 0.173512 
0.709878 0.133106 0.157016 
0.709878 0.148076 0.142046 
0.709878 0.161719 0.128403 
0.709878 0.174199 0.115923 
0.709878 0.185655 0.104467 
0.709878 0.196205 0.093917 
0.709878 0.205951 0.084171 
0.709878 0.214983 0.075139 
0.709878 0.223380 0.066742 
0.709878 0.231211 0.058910 
0.709878 0.238541 0.051580 
0.709878 0.245428 0.044694 
0.709878 0.251923 0.038199 
0.709878 0.258076 0.032046 
0.709878 0.263931 0.026190 
0.709878 0.269531 0.020591 
0.709878 0.274915 0.015207 
0.709878 0.280118 0.010003 
0.709878 0.285176 0.004945 
0.741010 0.000000 0.258990 
0.741010 0.026271 0.232719 
0.741010 0.049278 0.209712 
0.741010 0.069634 0.189356 
0.741010 0.087791 0.171199 
0.741010 0.104097 0.154893 
0.741010 0.118823 0.140167 
0.741010 0.132187 0.126803 
0.741010 0.144365 0.114624 
0.741010 0.155506 0.103484 
0.741010 0.165733 0.093257 
0.741010 0.175151 0.083839 
0.741010 0.183851 0.075139 
0.741010 0.191914 0.067076 
0.741010 0.199410 0.059580 
0.741010 0.206401 0.052589 
0.741010 0.212945 0.046045 
0.741010 0.219092 0.039898 
0.741010 0.224890 0.034100 
0.741010 0.230383 0.028607 
0.741010 0.235610 0.023380 
0.741010 0.240609 0.018381 
0.741010 0.245415 0.013575 
0.741010 0.250060 0.008930 
0.741010 0.254575 0.004415 
0.769952 0.000000 0.230048 
0.769952 0.023335 0.206713 
0.769952 0.043772 0.186277 
0.769952 0.061852 0.168196 
0.769952 0.077981 0.152068 
0.769952 0.092464 0.137584 
0.769952 0.105545 0.124504 
0.769952 0.117415 0.112633 
0.769952 0.128233 0.101815 
0.769952 0.138129 0.091920 
0.769952 0.147213 0.082836 
0.769952 0.155578 0.074470 
0.769952 0.163306 0.066742 
0.769952 0.170468 0.059580 
0.769952 0.177126 0.052922 
0.769952 0.183336 0.046712 
0.769952 0.189148 0.040900 
0.769952 0.194609 0.035439 
0.769952 0.199759 0.030289 
0.769952 0.204638 0.025410 
0.769952 0.209281 0.020767 
0.769952 0.213721 0.016327 
0.769952 0.217990 0.012058 
0.769952 0.222116 0.007932 
0.769952 0.226127 0.003921 
0.796946 0.000000 0.203054 
0.796946 0.020597 0.182457 
0.796946 0.038635 0.164419 
0.796946 0.054595 0.148460 
0.796946 0.068830 0.134224 
0.796946 0.081614 0.121440 
0.796946 0.093160 0.109894 
0.796946 0.103637 0.099417 
0.796946 0.113186 0.089868 
0.796946 0.121921 0.081134 
0.796946 0.129938 0.073116 
0.796946 0.137322 0.065732 
0.796946 0.144144 0.058910 
0.796946 0.150465 0.052589 
0.796946 0.156342 0.046712 
0.796946 0.161823 0.041231 
0.796946 0.166953 0.036101 
0.796946 0.171773 0.031281 
0.796946 0.176319 0.026735 
0.796946 0.180625 0.022429 
0.796946 0.184724 0.018330 
0.796946 0.188643 0.014411 
0.796946 0.192411 0.010643 
0.796946 0.196053 0.007001 
0.796946 0.199593 0.003461 
0.822212 0.000000 0.177788 
0.822212 0.018034 0.159754 
0.822212 0.033828 0.143960 
0.822212 0.047801 0.129987 
0.822212 0.060266 0.117522 
0.822212 0.071459 0.106329 
0.822212 0.081568 0.096220 
0.822212 0.090742 0.087046 
0.822212 0.099102 0.078686 
0.822212 0.106750 0.071038 
0.822212 0.113770 0.064018 
0.822212 0.120235 0.057553 
0.822212 0.126208 0.051580 
0.822212 0.131743 0.046045 
0.822212 0.136888 0.040900 
0.822212 0.141688 0.036101 
0.822212 0.146180 0.031609 
0.822212 0.150400 0.027389 
0.822212 0.154380 0.023408 
0.822212 0.158150 0.019638 
0.822212 0.161739 0.016050 
0.822212 0.165170 0.012618 
0.822212 0.168469 0.009319 
0.822212 0.171658 0.006130 
0.822212 0.174758 0.003030 
0.845948 0.000000 0.154052 
0.845948 0.015626 0.138426 
0.845948 0.029312 0.124741 
0.845948 0.041420 0.112633 
0.845948 0.052220 0.101832 
0.845948 0.061919 0.092133 
0.845948 0.070678 0.083374 
0.845948 0.078627 0.075425 
0.845948 0.085871 0.068181 
0.845948 0.092498 0.061554 
0.845948 0.098581 0.055471 
0.845948 0.104183 0.049869 
0.845948 0.109358 0.044694 
0.845948 0.114154 0.039898 
0.845948 0.118613 0.035439 
0.845948 0.122771 0.031281 
0.845948 0.126664 0.027389 
0.845948 0.130320 0.023732 
0.845948 0.133769 0.020283 
0.845948 0.137036 0.017016 
0.845948 0.140145 0.013907 
0.845948 0.143119 0.010933 
0.845948 0.145977 0.008075 
0.845948 0.148740 0.005312 
0.845948 0.151426 0.002626 
0.868336 0.000000 0.131664 
0.868336 0.013355 0.118309 
0.868336 0.025052 0.106612 
0.868336 0.035400 0.096264 
0.868336 0.044631 0.087033 
0.868336 0.052920 0.078744 
0.868336 0.060407 0.071257 
0.868336 0.067200 0.064464 
0.868336 0.073392 0.058272 
0.868336 0.079056 0.052609 
0.868336 0.084255 0.047410 
0.868336 0.089042 0.042622 
0.868336 0.093465 0.038199 
0.868336 0.097564 0.034100 
0.868336 0.101375 0.030289 
0.868336 0.104929 0.026735 
0.868336 0.108256 0.023408 
0.868336 0.111381 0.020283 
0.868336 0.114329 0.017335 
0.868336 0.117121 0.014543 
0.868336 0.119778 0.011886 
0.868336 0.122320 0.009344 
0.868336 0.124763 0.006901 
0.868336 0.127124 0.004540 
0.868336 0.129420 0.002244 
0.889544 0.000000 0.110456 
0.889544 0.011204 0.099252 
0.889544 0.021017 0.089440 
0.889544 0.029698 0.080758 
0.889544 0.037442 0.073014 
0.889544 0.044396 0.066060 
0.889544 0.050677 0.059780 
0.889544 0.056376 0.054080 
0.889544 0.061570 0.048886 
0.889544 0.066322 0.044135 
0.889544 0.070683 0.039773 
0.889544 0.074700 0.035756 
0.889544 0.078411 0.032046 
0.889544 0.081849 0.028607 
0.889544 0.085046 0.025410 
0.889544 0.088028 0.022429 
0.889544 0.090818 0.019638 
0.889544 0.093440 0.017016 
0.889544 0.095913 0.014543 
0.889544 0.098256 0.012201 
0.889544 0.100485 0.009971 
0.889544 0.102617 0.007839 
0.889544 0.104667 0.005790 
0.889544 0.106648 0.003809 
0.889544 0.108574 0.001883 
0.909726 0.000000 0.090274 
0.909726 0.009157 0.081117 
0.909726 0.017176 0.073097 
0.909726 0.024272 0.066002 
0.909726 0.030601 0.059673 
0.909726 0.036284 0.053990 
0.909726 0.041417 0.048857 
0.909726 0.046075 0.044199 
0.909726 0.050320 0.039954 
0.909726 0.054203 0.036070 
0.909726 0.057768 0.032506 
0.909726 0.061051 0.029223 
0.909726 0.064083 0.026190 
0.909726 0.066894 0.023380 
0.909726 0.069506 0.020767 
0.909726 0.071943 0.018330 
0.909726 0.074224 0.016050 
0.909726 0.076367 0.013907 
0.909726 0.078388 0.011886 
0.909726 0.080302 0.009971 
0.909726 0.082124 0.008149 
0.909726 0.083867 0.006407 
0.909726 0.085542 0.004732 
0.909726 0.087161 0.003113 
0.909726 0.088735 0.001539 
0.929028 0.000000 0.070972 
0.929028 0.007199 0.063773 
0.929028 0.013504 0.057468 
0.929028 0.019082 0.051890 
0.929028 0.024058 0.046914 
0.929028 0.028526 0.042446 
0.929028 0.032562 0.038411 
0.929028 0.036224 0.034748 
0.929028 0.039561 0.031411 
0.929028 0.042614 0.028358 
0.929028 0.045416 0.025556 
0.929028 0.047997 0.022975 
0.929028 0.050382 0.020591 
0.929028 0.052591 0.018381 
0.929028 0.054645 0.016327 
0.929028 0.056561 0.014411 
0.929028 0.058354 0.012618 
0.929028 0.060039 0.010933 
0.929028 0.061628 0.009344 
0.929028 0.063133 0.007839 
0.929028 0.064565 0.006407 
0.929028 0.065935 0.005037 
0.929028 0.067252 0.003720 
0.929028 0.068525 0.002447 
0.929028 0.069762 0.001210 
0.947584 0.000000 0.052416 
0.947584 0.005317 0.047099 
0.947584 0.009973 0.042443 
0.947584 0.014093 0.038323 
0.947584 0.017768 0.034648 
0.947584 0.021068 0.031348 
0.947584 0.024048 0.028368 
0.947584 0.026753 0.025663 
0.947584 0.029218 0.023199 
0.947584 0.031473 0.020944 
0.947584 0.033542 0.018874 
0.947584 0.035448 0.016968 
0.947584 0.037209 0.015207 
0.947584 0.038841 0.013575 
0.947584 0.040358 0.012058 
0.947584 0.041773 0.010643 
0.947584 0.043097 0.009319 
0.947584 0.044341 0.008075 
0.947584 0.045515 0.006901 
0.947584 0.046627 0.005790 
0.947584 0.047684 0.004732 
0.947584 0.048696 0.003720 
0.947584 0.049669 0.002747 
0.947584 0.050609 0.001807 
0.947584 0.051523 0.000893 
0.965520 0.000000 0.034480 
0.965520 0.003497 0.030983 
0.965520 0.006561 0.027920 
0.965520 0.009271 0.025210 
0.965520 0.011688 0.022792 
0.965520 0.013859 0.020621 
0.965520 0.015819 0.018661 
0.965520 0.017598 0.016882 
0.965520 0.019220 0.015260 
0.965520 0.020703 0.013777 
0.965520 0.022065 0.012416 
0.965520 0.023318 0.011162 
0.965520 0.024477 0.010003 
0.965520 0.025550 0.008930 
0.965520 0.026548 0.007932 
0.965520 0.027479 0.007001 
0.965520 0.028350 0.006130 
0.965520 0.029168 0.005312 
0.965520 0.029940 0.004540 
0.965520 0.030672 0.003809 
0.965520 0.031367 0.003113 
0.965520 0.032033 0.002447 
0.965520 0.032673 0.001807 
0.965520 0.033291 0.001189 
0.965520 0.033892 0.000588 
0.982955 0.000000 0.017045 
0.982955 0.001729 0.015316 
0.982955 0.003243 0.013802 
0.982955 0.004583 0.012462 
0.982955 0.005778 0.011267 
0.982955 0.006851 0.010194 
0.982955 0.007820 0.009225 
0.982955 0.008700 0.008345 
0.982955 0.009501 0.007544 
0.982955 0.010234 0.006811 
0.982955 0.010908 0.006138 
0.982955 0.011527 0.005518 
0.982955 0.012100 0.004945 
0.982955 0.012631 0.004415 
0.982955 0.013124 0.003921 
0.982955 0.013584 0.003461 
0.982955 0.014015 0.003030 
0.982955 0.014419 0.002626 
0.982955 0.014801 0.002244 
0.982955 0.015162 0.001883 
0.982955 0.015506 0.001539 
0.982955 0.015835 0.001210 
0.982955 0.016152 0.000893 
0.982955 0.016457 0.000588 
0.982955 0.016755 0.000291 
1.000000 0.000000 0.000000 