0.000000 0.000000 0.000000 1.000000 
0.000000 0.000000 0.230728 0.769272 
0.000000 0.000000 0.401934 0.598066 
0.000000 0.000000 0.534439 0.465561 
0.000000 0.000000 0.639920 0.360080 
0.000000 0.000000 0.725734 0.274266 
0.000000 0.000000 0.796946 0.203054 
0.000000 0.000000 0.857300 0.142700 
0.000000 0.000000 0.909726 0.090274 
0.000000 0.000000 0.956622 0.043378 
0.000000 0.230728 0.000000 0.769272 
0.000000 0.230728 0.177493 0.591780 
0.000000 0.230728 0.309197 0.460075 
0.000000 0.230728 0.411129 0.358143 
0.000000 0.230728 0.492273 0.276999 
0.000000 0.230728 0.558287 0.210985 
0.000000 0.230728 0.613068 0.156204 
0.000000 0.230728 0.659497 0.109775 
0.000000 0.230728 0.699827 0.069445 
0.000000 0.230728 0.735902 0.033370 
0.000000 0.401934 0.000000 0.598066 
0.000000 0.401934 0.137991 0.460075 
0.000000 0.401934 0.240383 0.357683 
0.000000 0.401934 0.319630 0.278436 
0.000000 0.401934 0.382714 0.215351 
0.000000 0.401934 0.434037 0.164029 
0.000000 0.401934 0.476626 0.121440 
0.000000 0.401934 0.512722 0.085344 
0.000000 0.401934 0.544076 0.053990 
0.000000 0.401934 0.572123 0.025943 
0.000000 0.534439 0.000000 0.465561 
0.000000 0.534439 0.107418 0.358143 
0.000000 0.534439 0.187125 0.278436 
0.000000 0.534439 0.248814 0.216747 
0.000000 0.534439 0.297922 0.167639 
0.000000 0.534439 0.337873 0.127687 
0.000000 0.534439 0.371027 0.094534 
0.000000 0.534439 0.399125 0.066436 
0.000000 0.534439 0.423533 0.042028 
0.000000 0.534439 0.445365 0.020195 
0.000000 0.639920 0.000000 0.360080 
0.000000 0.639920 0.083080 0.276999 
0.000000 0.639920 0.144728 0.215351 
0.000000 0.639920 0.192441 0.167639 
0.000000 0.639920 0.230422 0.129657 
0.000000 0.639920 0.261322 0.098758 
0.000000 0.639920 0.286964 0.073116 
0.000000 0.639920 0.308696 0.051384 
0.000000 0.639920 0.327574 0.032506 
0.000000 0.639920 0.344460 0.015620 
0.000000 0.725734 0.000000 0.274266 
0.000000 0.725734 0.063281 0.210985 
0.000000 0.725734 0.110237 0.164029 
0.000000 0.725734 0.146578 0.127687 
0.000000 0.725734 0.175508 0.098758 
0.000000 0.725734 0.199044 0.075222 
0.000000 0.725734 0.218575 0.055691 
0.000000 0.725734 0.235128 0.039138 
0.000000 0.725734 0.249507 0.024759 
0.000000 0.725734 0.262369 0.011897 
0.000000 0.796946 0.000000 0.203054 
0.000000 0.796946 0.046850 0.156204 
0.000000 0.796946 0.081614 0.121440 
0.000000 0.796946 0.108520 0.094534 
0.000000 0.796946 0.129938 0.073116 
0.000000 0.796946 0.147363 0.055691 
0.000000 0.796946 0.161823 0.041231 
0.000000 0.796946 0.174078 0.028976 
0.000000 0.796946 0.184724 0.018330 
0.000000 0.796946 0.194246 0.008808 
0.000000 0.857300 0.000000 0.142700 
0.000000 0.857300 0.032925 0.109775 
0.000000 0.857300 0.057356 0.085344 
0.000000 0.857300 0.076265 0.066436 
0.000000 0.857300 0.091317 0.051384 
0.000000 0.857300 0.103563 0.039138 
0.000000 0.857300 0.113725 0.028976 
0.000000 0.857300 0.122337 0.020363 
0.000000 0.857300 0.129818 0.012882 
0.000000 0.857300 0.136510 0.006190 
0.000000 0.909726 0.000000 0.090274 
0.000000 0.909726 0.020829 0.069445 
0.000000 0.909726 0.036284 0.053990 
0.000000 0.909726 0.048246 0.042028 
0.000000 0.909726 0.057768 0.032506 
0.000000 0.909726 0.065515 0.024759 
0.000000 0.909726 0.071943 0.018330 
0.000000 0.909726 0.077392 0.012882 
0.000000 0.909726 0.082124 0.008149 
0.000000 0.909726 0.086358 0.003916 
0.000000 0.956622 0.000000 0.043378 
0.000000 0.956622 0.010009 0.033370 
0.000000 0.956622 0.017435 0.025943 
0.000000 0.956622 0.023183 0.020195 
0.000000 0.956622 0.027759 0.015620 
0.000000 0.956622 0.031481 0.011897 
0.000000 0.956622 0.034570 0.008808 
0.000000 0.956622 0.037188 0.006190 
0.000000 0.956622 0.039462 0.003916 
0.000000 0.956622 0.041497 0.001882 
0.230728 0.000000 0.000000 0.769272 
0.230728 0.000000 0.177493 0.591780 
0.230728 0.000000 0.309197 0.460075 
0.230728 0.000000 0.411129 0.358143 
0.230728 0.000000 0.492273 0.276999 
0.230728 0.000000 0.558287 0.210985 
0.230728 0.000000 0.613068 0.156204 
0.230728 0.000000 0.659497 0.109775 
0.230728 0.000000 0.699827 0.069445 
0.230728 0.000000 0.735902 0.033370 
0.230728 0.177493 0.000000 0.591780 
0.230728 0.177493 0.136540 0.455239 
0.230728 0.177493 0.237856 0.353923 
0.230728 0.177493 0.316270 0.275509 
0.230728 0.177493 0.378692 0.213088 
0.230728 0.177493 0.429475 0.162305 
0.230728 0.177493 0.471616 0.120163 
0.230728 0.177493 0.507332 0.084447 
0.230728 0.177493 0.538357 0.053422 
0.230728 0.177493 0.566109 0.025670 
0.230728 0.309197 0.000000 0.460075 
0.230728 0.309197 0.106152 0.353923 
0.230728 0.309197 0.184920 0.275155 
0.230728 0.309197 0.245882 0.214193 
0.230728 0.309197 0.294412 0.165664 
0.230728 0.309197 0.333892 0.126183 
0.230728 0.309197 0.366655 0.093420 
0.230728 0.309197 0.394422 0.065653 
0.230728 0.309197 0.418543 0.041533 
0.230728 0.309197 0.440118 0.019957 
0.230728 0.411129 0.000000 0.358143 
0.230728 0.411129 0.082634 0.275509 
0.230728 0.411129 0.143950 0.214193 
0.230728 0.411129 0.191406 0.166737 
0.230728 0.411129 0.229183 0.128960 
0.230728 0.411129 0.259917 0.098226 
0.230728 0.411129 0.285421 0.072722 
0.230728 0.411129 0.307036 0.051107 
0.230728 0.411129 0.325812 0.032331 
0.230728 0.411129 0.342607 0.015536 
0.230728 0.492273 0.000000 0.276999 
0.230728 0.492273 0.063911 0.213088 
0.230728 0.492273 0.111335 0.165664 
0.230728 0.492273 0.148039 0.128960 
0.230728 0.492273 0.177257 0.099742 
0.230728 0.492273 0.201028 0.075971 
0.230728 0.492273 0.220753 0.056246 
0.230728 0.492273 0.237471 0.039528 
0.230728 0.492273 0.251993 0.025006 
0.230728 0.492273 0.264983 0.012016 
0.230728 0.558287 0.000000 0.210985 
0.230728 0.558287 0.048680 0.162305 
0.230728 0.558287 0.084802 0.126183 
0.230728 0.558287 0.112759 0.098226 
0.230728 0.558287 0.135014 0.075971 
0.230728 0.558287 0.153119 0.057866 
0.230728 0.558287 0.168144 0.042841 
0.230728 0.558287 0.180877 0.030108 
0.230728 0.558287 0.191939 0.019046 
0.230728 0.558287 0.201833 0.009152 
0.230728 0.613068 0.000000 0.156204 
0.230728 0.613068 0.036041 0.120163 
0.230728 0.613068 0.062784 0.093420 
0.230728 0.613068 0.083481 0.072722 
0.230728 0.613068 0.099958 0.056246 
0.230728 0.613068 0.113362 0.042841 
0.230728 0.613068 0.124486 0.031718 
0.230728 0.613068 0.133913 0.022290 
0.230728 0.613068 0.142103 0.014101 
0.230728 0.613068 0.149428 0.006776 
0.230728 0.659497 0.000000 0.109775 
0.230728 0.659497 0.025328 0.084447 
0.230728 0.659497 0.044122 0.065653 
0.230728 0.659497 0.058668 0.051107 
0.230728 0.659497 0.070248 0.039528 
0.230728 0.659497 0.079668 0.030108 
0.230728 0.659497 0.087485 0.022290 
0.230728 0.659497 0.094110 0.015665 
0.230728 0.659497 0.099866 0.009910 
0.230728 0.659497 0.105014 0.004762 
0.230728 0.699827 0.000000 0.069445 
0.230728 0.699827 0.016023 0.053422 
0.230728 0.699827 0.027912 0.041533 
0.230728 0.699827 0.037114 0.032331 
0.230728 0.699827 0.044439 0.025006 
0.230728 0.699827 0.050399 0.019046 
0.230728 0.699827 0.055344 0.014101 
0.230728 0.699827 0.059535 0.009910 
0.230728 0.699827 0.063176 0.006269 
0.230728 0.699827 0.066433 0.003012 
0.230728 0.735902 0.000000 0.033370 
0.230728 0.735902 0.007699 0.025670 
0.230728 0.735902 0.013412 0.019957 
0.230728 0.735902 0.017834 0.015536 
0.230728 0.735902 0.021354 0.012016 
0.230728 0.735902 0.024218 0.009152 
0.230728 0.735902 0.026594 0.006776 
0.230728 0.735902 0.028608 0.004762 
0.230728 0.735902 0.030357 0.003012 
0.230728 0.735902 0.031922 0.001448 
0.401934 0.000000 0.000000 0.598066 
0.401934 0.000000 0.137991 0.460075 
0.401934 0.000000 0.240383 0.357683 
0.401934 0.000000 0.319630 0.278436 
0.401934 0.000000 0.382714 0.215351 
0.401934 0.000000 0.434037 0.164029 
0.401934 0.000000 0.476626 0.121440 
0.401934 0.000000 0.512722 0.085344 
0.401934 0.000000 0.544076 0.053990 
0.401934 0.000000 0.572123 0.025943 
0.401934 0.137991 0.000000 0.460075 
0.401934 0.137991 0.106152 0.353923 
0.401934 0.137991 0.184920 0.275155 
0.401934 0.137991 0.245882 0.214193 
0.401934 0.137991 0.294412 0.165664 
0.401934 0.137991 0.333892 0.126183 
0.401934 0.137991 0.366655 0.093420 
0.401934 0.137991 0.394422 0.065653 
0.401934 0.137991 0.418543 0.041533 
0.401934 0.137991 0.440118 0.019957 
0.401934 0.240383 0.000000 0.357683 
0.401934 0.240383 0.082527 0.275155 
0.401934 0.240383 0.143765 0.213918 
0.401934 0.240383 0.191160 0.166523 
0.401934 0.240383 0.228888 0.128794 
0.401934 0.240383 0.259583 0.098100 
0.401934 0.240383 0.285054 0.072629 
0.401934 0.240383 0.306641 0.051041 
0.401934 0.240383 0.325393 0.032289 
0.401934 0.240383 0.342167 0.015516 
0.401934 0.319630 0.000000 0.278436 
0.401934 0.319630 0.064243 0.214193 
0.401934 0.319630 0.111913 0.166523 
0.401934 0.319630 0.148807 0.129629 
0.401934 0.319630 0.178177 0.100259 
0.401934 0.319630 0.202071 0.076365 
0.401934 0.319630 0.221898 0.056538 
0.401934 0.319630 0.238703 0.039733 
0.401934 0.319630 0.253301 0.025135 
0.401934 0.319630 0.266358 0.012078 
0.401934 0.382714 0.000000 0.215351 
0.401934 0.382714 0.049688 0.165664 
0.401934 0.382714 0.086557 0.128794 
0.401934 0.382714 0.115092 0.100259 
0.401934 0.382714 0.137808 0.077544 
0.401934 0.382714 0.156288 0.059064 
0.401934 0.382714 0.171623 0.043728 
0.401934 0.382714 0.184621 0.030731 
0.401934 0.382714 0.195911 0.019441 
0.401934 0.382714 0.206010 0.009342 
0.401934 0.434037 0.000000 0.164029 
0.401934 0.434037 0.037846 0.126183 
0.401934 0.434037 0.065929 0.098100 
0.401934 0.434037 0.087664 0.076365 
0.401934 0.434037 0.104965 0.059064 
0.401934 0.434037 0.119041 0.044988 
0.401934 0.434037 0.130722 0.033307 
0.401934 0.434037 0.140622 0.023407 
0.401934 0.434037 0.149221 0.014808 
0.401934 0.434037 0.156914 0.007115 
0.401934 0.476626 0.000000 0.121440 
0.401934 0.476626 0.028020 0.093420 
0.401934 0.476626 0.048811 0.072629 
0.401934 0.476626 0.064902 0.056538 
0.401934 0.476626 0.077712 0.043728 
0.401934 0.476626 0.088133 0.033307 
0.401934 0.476626 0.096781 0.024659 
0.401934 0.476626 0.104110 0.017329 
0.401934 0.476626 0.110477 0.010963 
0.401934 0.476626 0.116172 0.005268 
0.401934 0.512722 0.000000 0.085344 
0.401934 0.512722 0.019691 0.065653 
0.401934 0.512722 0.034303 0.051041 
0.401934 0.512722 0.045611 0.039733 
0.401934 0.512722 0.054614 0.030731 
0.401934 0.512722 0.061937 0.023407 
0.401934 0.512722 0.068015 0.017329 
0.401934 0.512722 0.073166 0.012179 
0.401934 0.512722 0.077640 0.007704 
0.401934 0.512722 0.081642 0.003702 
0.401934 0.544076 0.000000 0.053990 
0.401934 0.544076 0.012457 0.041533 
0.401934 0.544076 0.021700 0.032289 
0.401934 0.544076 0.028854 0.025135 
0.401934 0.544076 0.034549 0.019441 
0.401934 0.544076 0.039182 0.014808 
0.401934 0.544076 0.043027 0.010963 
0.401934 0.544076 0.046285 0.007704 
0.401934 0.544076 0.049116 0.004874 
0.401934 0.544076 0.051648 0.002342 
0.401934 0.572123 0.000000 0.025943 
0.401934 0.572123 0.005986 0.019957 
0.401934 0.572123 0.010427 0.015516 
0.401934 0.572123 0.013865 0.012078 
0.401934 0.572123 0.016602 0.009342 
0.401934 0.572123 0.018828 0.007115 
0.401934 0.572123 0.020675 0.005268 
0.401934 0.572123 0.022241 0.003702 
0.401934 0.572123 0.023601 0.002342 
0.401934 0.572123 0.024818 0.001125 
0.534439 0.000000 0.000000 0.465561 
0.534439 0.000000 0.107418 0.358143 
0.534439 0.000000 0.187125 0.278436 
0.534439 0.000000 0.248814 0.216747 
0.534439 0.000000 0.297922 0.167639 
0.534439 0.000000 0.337873 0.127687 
0.534439 0.000000 0.371027 0.094534 
0.534439 0.000000 0.399125 0.066436 
0.534439 0.000000 0.423533 0.042028 
0.534439 0.000000 0.445365 0.020195 
0.534439 0.107418 0.000000 0.358143 
0.534439 0.107418 0.082634 0.275509 
0.534439 0.107418 0.143950 0.214193 
0.534439 0.107418 0.191406 0.166737 
0.534439 0.107418 0.229183 0.128960 
0.534439 0.107418 0.259917 0.098226 
0.534439 0.107418 0.285421 0.072722 
0.534439 0.107418 0.307036 0.051107 
0.534439 0.107418 0.325812 0.032331 
0.534439 0.107418 0.342607 0.015536 
0.534439 0.187125 0.000000 0.278436 
0.534439 0.187125 0.064243 0.214193 
0.534439 0.187125 0.111913 0.166523 
0.534439 0.187125 0.148807 0.129629 
0.534439 0.187125 0.178177 0.100259 
0.534439 0.187125 0.202071 0.076365 
0.534439 0.187125 0.221898 0.056538 
0.534439 0.187125 0.238703 0.039733 
0.534439 0.187125 0.253301 0.025135 
0.534439 0.187125 0.266358 0.012078 
0.534439 0.248814 0.000000 0.216747 
0.534439 0.248814 0.050010 0.166737 
0.534439 0.248814 0.087118 0.129629 
0.534439 0.248814 0.115838 0.100909 
0.534439 0.248814 0.138701 0.078046 
0.534439 0.248814 0.157301 0.059446 
0.534439 0.248814 0.172735 0.044011 
0.534439 0.248814 0.185817 0.030930 
0.534439 0.248814 0.197180 0.019567 
0.534439 0.248814 0.207345 0.009402 
0.534439 0.297922 0.000000 0.167639 
0.534439 0.297922 0.038679 0.128960 
0.534439 0.297922 0.067380 0.100259 
0.534439 0.297922 0.089593 0.078046 
0.534439 0.297922 0.107276 0.060363 
0.534439 0.297922 0.121661 0.045978 
0.534439 0.297922 0.133599 0.034040 
0.534439 0.297922 0.143717 0.023922 
0.534439 0.297922 0.152506 0.015133 
0.534439 0.297922 0.160367 0.007272 
0.534439 0.337873 0.000000 0.127687 
0.534439 0.337873 0.029461 0.098226 
0.534439 0.337873 0.051322 0.076365 
0.534439 0.337873 0.068241 0.059446 
0.534439 0.337873 0.081710 0.045978 
0.534439 0.337873 0.092667 0.035020 
0.534439 0.337873 0.101760 0.025927 
0.534439 0.337873 0.109466 0.018221 
0.534439 0.337873 0.116161 0.011527 
0.534439 0.337873 0.122148 0.005539 
0.534439 0.371027 0.000000 0.094534 
0.534439 0.371027 0.021812 0.072722 
0.534439 0.371027 0.037996 0.056538 
0.534439 0.371027 0.050523 0.044011 
0.534439 0.371027 0.060494 0.034040 
0.534439 0.371027 0.068607 0.025927 
0.534439 0.371027 0.075338 0.019196 
0.534439 0.371027 0.081044 0.013490 
0.534439 0.371027 0.086000 0.008534 
0.534439 0.371027 0.090433 0.004101 
0.534439 0.399125 0.000000 0.066436 
0.534439 0.399125 0.015329 0.051107 
0.534439 0.399125 0.026703 0.039733 
0.534439 0.399125 0.035506 0.030930 
0.534439 0.399125 0.042514 0.023922 
0.534439 0.399125 0.048215 0.018221 
0.534439 0.399125 0.052946 0.013490 
0.534439 0.399125 0.056955 0.009480 
0.534439 0.399125 0.060438 0.005997 
0.534439 0.399125 0.063554 0.002882 
0.534439 0.423533 0.000000 0.042028 
0.534439 0.423533 0.009697 0.032331 
0.534439 0.423533 0.016892 0.025135 
0.534439 0.423533 0.022461 0.019567 
0.534439 0.423533 0.026895 0.015133 
0.534439 0.423533 0.030501 0.011527 
0.534439 0.423533 0.033494 0.008534 
0.534439 0.423533 0.036031 0.005997 
0.534439 0.423533 0.038234 0.003794 
0.534439 0.423533 0.040205 0.001823 
0.534439 0.445365 0.000000 0.020195 
0.534439 0.445365 0.004660 0.015536 
0.534439 0.445365 0.008117 0.012078 
0.534439 0.445365 0.010793 0.009402 
0.534439 0.445365 0.012923 0.007272 
0.534439 0.445365 0.014656 0.005539 
0.534439 0.445365 0.016095 0.004101 
0.534439 0.445365 0.017313 0.002882 
0.534439 0.445365 0.018372 0.001823 
0.534439 0.445365 0.019319 0.000876 
0.639920 0.000000 0.000000 0.360080 
0.639920 0.000000 0.083080 0.276999 
0.639920 0.000000 0.144728 0.215351 
0.639920 0.000000 0.192441 0.167639 
0.639920 0.000000 0.230422 0.129657 
0.639920 0.000000 0.261322 0.098758 
0.639920 0.000000 0.286964 0.073116 
0.639920 0.000000 0.308696 0.051384 
0.639920 0.000000 0.327574 0.032506 
0.639920 0.000000 0.344460 0.015620 
0.639920 0.083080 0.000000 0.276999 
0.639920 0.083080 0.063911 0.213088 
0.639920 0.083080 0.111335 0.165664 
0.639920 0.083080 0.148039 0.128960 
0.639920 0.083080 0.177257 0.099742 
0.639920 0.083080 0.201028 0.075971 
0.639920 0.083080 0.220753 0.056246 
0.639920 0.083080 0.237471 0.039528 
0.639920 0.083080 0.251993 0.025006 
0.639920 0.083080 0.264983 0.012016 
0.639920 0.144728 0.000000 0.215351 
0.639920 0.144728 0.049688 0.165664 
0.639920 0.144728 0.086557 0.128794 
0.639920 0.144728 0.115092 0.100259 
0.639920 0.144728 0.137808 0.077544 
0.639920 0.144728 0.156288 0.059064 
0.639920 0.144728 0.171623 0.043728 
0.639920 0.144728 0.184621 0.030731 
0.639920 0.144728 0.195911 0.019441 
0.639920 0.144728 0.206010 0.009342 
0.639920 0.192441 0.000000 0.167639 
0.639920 0.192441 0.038679 0.128960 
0.639920 0.192441 0.067380 0.100259 
0.639920 0.192441 0.089593 0.078046 
0.639920 0.192441 0.107276 0.060363 
0.639920 0.192441 0.121661 0.045978 
0.639920 0.192441 0.133599 0.034040 
0.639920 0.192441 0.143717 0.023922 
0.639920 0.192441 0.152506 0.015133 
0.639920 0.192441 0.160367 0.007272 
0.639920 0.230422 0.000000 0.129657 
0.639920 0.230422 0.029916 0.099742 
0.639920 0.230422 0.052114 0.077544 
0.639920 0.230422 0.069294 0.060363 
0.639920 0.230422 0.082970 0.046687 
0.639920 0.230422 0.094097 0.035561 
0.639920 0.230422 0.103330 0.026327 
0.639920 0.230422 0.111155 0.018502 
0.639920 0.230422 0.117953 0.011705 
0.639920 0.230422 0.124033 0.005624 
0.639920 0.261322 0.000000 0.098758 
0.639920 0.261322 0.022786 0.075971 
0.639920 0.261322 0.039694 0.059064 
0.639920 0.261322 0.052780 0.045978 
0.639920 0.261322 0.063197 0.035561 
0.639920 0.261322 0.071672 0.027086 
0.639920 0.261322 0.078704 0.020053 
0.639920 0.261322 0.084665 0.014093 
0.639920 0.261322 0.089842 0.008915 
0.639920 0.261322 0.094474 0.004284 
0.639920 0.286964 0.000000 0.073116 
0.639920 0.286964 0.016870 0.056246 
0.639920 0.286964 0.029388 0.043728 
0.639920 0.286964 0.039076 0.034040 
0.639920 0.286964 0.046788 0.026327 
0.639920 0.286964 0.053063 0.020053 
0.639920 0.286964 0.058269 0.014846 
0.639920 0.286964 0.062682 0.010434 
0.639920 0.286964 0.066515 0.006600 
0.639920 0.286964 0.069944 0.003172 
0.639920 0.308696 0.000000 0.051384 
0.639920 0.308696 0.011856 0.039528 
0.639920 0.308696 0.020653 0.030731 
0.639920 0.308696 0.027461 0.023922 
0.639920 0.308696 0.032881 0.018502 
0.639920 0.308696 0.037291 0.014093 
0.639920 0.308696 0.040950 0.010434 
0.639920 0.308696 0.044051 0.007332 
0.639920 0.308696 0.046745 0.004639 
0.639920 0.308696 0.049155 0.002229 
0.639920 0.327574 0.000000 0.032506 
0.639920 0.327574 0.007500 0.025006 
0.639920 0.327574 0.013065 0.019441 
0.639920 0.327574 0.017372 0.015133 
0.639920 0.327574 0.020801 0.011705 
0.639920 0.327574 0.023591 0.008915 
0.639920 0.327574 0.025905 0.006600 
0.639920 0.327574 0.027867 0.004639 
0.639920 0.327574 0.029571 0.002934 
0.639920 0.327574 0.031096 0.001410 
0.639920 0.344460 0.000000 0.015620 
0.639920 0.344460 0.003604 0.012016 
0.639920 0.344460 0.006278 0.009342 
0.639920 0.344460 0.008348 0.007272 
0.639920 0.344460 0.009995 0.005624 
0.639920 0.344460 0.011336 0.004284 
0.639920 0.344460 0.012448 0.003172 
0.639920 0.344460 0.013391 0.002229 
0.639920 0.344460 0.014210 0.001410 
0.639920 0.344460 0.014942 0.000678 
0.725734 0.000000 0.000000 0.274266 
0.725734 0.000000 0.063281 0.210985 
0.725734 0.000000 0.110237 0.164029 
0.725734 0.000000 0.146578 0.127687 
0.725734 0.000000 0.175508 0.098758 
0.725734 0.000000 0.199044 0.075222 
0.725734 0.000000 0.218575 0.055691 
0.725734 0.000000 0.235128 0.039138 
0.725734 0.000000 0.249507 0.024759 
0.725734 0.000000 0.262369 0.011897 
0.725734 0.063281 0.000000 0.210985 
0.725734 0.063281 0.048680 0.162305 
0.725734 0.063281 0.084802 0.126183 
0.725734 0.063281 0.112759 0.098226 
0.725734 0.063281 0.135014 0.075971 
0.725734 0.063281 0.153119 0.057866 
0.725734 0.063281 0.168144 0.042841 
0.725734 0.063281 0.180877 0.030108 
0.725734 0.063281 0.191939 0.019046 
0.725734 0.063281 0.201833 0.009152 
0.725734 0.110237 0.000000 0.164029 
0.725734 0.110237 0.037846 0.126183 
0.725734 0.110237 0.065929 0.098100 
0.725734 0.110237 0.087664 0.076365 
0.725734 0.110237 0.104965 0.059064 
0.725734 0.110237 0.119041 0.044988 
0.725734 0.110237 0.130722 0.033307 
0.725734 0.110237 0.140622 0.023407 
0.725734 0.110237 0.149221 0.014808 
0.725734 0.110237 0.156914 0.007115 
0.725734 0.146578 0.000000 0.127687 
0.725734 0.146578 0.029461 0.098226 
0.725734 0.146578 0.051322 0.076365 
0.725734 0.146578 0.068241 0.059446 
0.725734 0.146578 0.081710 0.045978 
0.725734 0.146578 0.092667 0.035020 
0.725734 0.146578 0.101760 0.025927 
0.725734 0.146578 0.109466 0.018221 
0.725734 0.146578 0.116161 0.011527 
0.725734 0.146578 0.122148 0.005539 
0.725734 0.175508 0.000000 0.098758 
0.725734 0.175508 0.022786 0.075971 
0.725734 0.175508 0.039694 0.059064 
0.725734 0.175508 0.052780 0.045978 
0.725734 0.175508 0.063197 0.035561 
0.725734 0.175508 0.071672 0.027086 
0.725734 0.175508 0.078704 0.020053 
0.725734 0.175508 0.084665 0.014093 
0.725734 0.175508 0.089842 0.008915 
0.725734 0.175508 0.094474 0.004284 
0.725734 0.199044 0.000000 0.075222 
0.725734 0.199044 0.017356 0.057866 
0.725734 0.199044 0.030234 0.044988 
0.725734 0.199044 0.040201 0.035020 
0.725734 0.199044 0.048136 0.027086 
0.725734 0.199044 0.054591 0.020631 
0.725734 0.199044 0.059948 0.015274 
0.725734 0.199044 0.064488 0.010734 
0.725734 0.199044 0.068431 0.006791 
0.725734 0.199044 0.071959 0.003263 
0.725734 0.218575 0.000000 0.055691 
0.725734 0.218575 0.012849 0.042841 
0.725734 0.218575 0.022384 0.033307 
0.725734 0.218575 0.029763 0.025927 
0.725734 0.218575 0.035638 0.020053 
0.725734 0.218575 0.040417 0.015274 
0.725734 0.218575 0.044383 0.011308 
0.725734 0.218575 0.047744 0.007947 
0.725734 0.218575 0.050663 0.005027 
0.725734 0.218575 0.053275 0.002416 
0.725734 0.235128 0.000000 0.039138 
0.725734 0.235128 0.009030 0.030108 
0.725734 0.235128 0.015731 0.023407 
0.725734 0.235128 0.020917 0.018221 
0.725734 0.235128 0.025045 0.014093 
0.725734 0.235128 0.028404 0.010734 
0.725734 0.235128 0.031191 0.007947 
0.725734 0.235128 0.033553 0.005585 
0.725734 0.235128 0.035605 0.003533 
0.725734 0.235128 0.037440 0.001698 
0.725734 0.249507 0.000000 0.024759 
0.725734 0.249507 0.005713 0.019046 
0.725734 0.249507 0.009951 0.014808 
0.725734 0.249507 0.013232 0.011527 
0.725734 0.249507 0.015844 0.008915 
0.725734 0.249507 0.017968 0.006791 
0.725734 0.249507 0.019732 0.005027 
0.725734 0.249507 0.021226 0.003533 
0.725734 0.249507 0.022524 0.002235 
0.725734 0.249507 0.023685 0.001074 
0.725734 0.262369 0.000000 0.011897 
0.725734 0.262369 0.002745 0.009152 
0.725734 0.262369 0.004782 0.007115 
0.725734 0.262369 0.006358 0.005539 
0.725734 0.262369 0.007613 0.004284 
0.725734 0.262369 0.008634 0.003263 
0.725734 0.262369 0.009481 0.002416 
0.725734 0.262369 0.010199 0.001698 
0.725734 0.262369 0.010823 0.001074 
0.725734 0.262369 0.011381 0.000516 
0.796946 0.000000 0.000000 0.203054 
0.796946 0.000000 0.046850 0.156204 
0.796946 0.000000 0.081614 0.121440 
0.796946 0.000000 0.108520 0.094534 
0.796946 0.000000 0.129938 0.073116 
0.796946 0.000000 0.147363 0.055691 
0.796946 0.000000 0.161823 0.041231 
0.796946 0.000000 0.174078 0.028976 
0.796946 0.000000 0.184724 0.018330 
0.796946 0.000000 0.194246 0.008808 
0.796946 0.046850 0.000000 0.156204 
0.796946 0.046850 0.036041 0.120163 
0.796946 0.046850 0.062784 0.093420 
0.796946 0.046850 0.083481 0.072722 
0.796946 0.046850 0.099958 0.056246 
0.796946 0.046850 0.113362 0.042841 
0.796946 0.046850 0.124486 0.031718 
0.796946 0.046850 0.133913 0.022290 
0.796946 0.046850 0.142103 0.014101 
0.796946 0.046850 0.149428 0.006776 
0.796946 0.081614 0.000000 0.121440 
0.796946 0.081614 0.028020 0.093420 
0.796946 0.081614 0.048811 0.072629 
0.796946 0.081614 0.064902 0.056538 
0.796946 0.081614 0.077712 0.043728 
0.796946 0.081614 0.088133 0.033307 
0.796946 0.081614 0.096781 0.024659 
0.796946 0.081614 0.104110 0.017329 
0.796946 0.081614 0.110477 0.010963 
0.796946 0.081614 0.116172 0.005268 
0.796946 0.108520 0.000000 0.094534 
0.796946 0.108520 0.021812 0.072722 
0.796946 0.108520 0.037996 0.056538 
0.796946 0.108520 0.050523 0.044011 
0.796946 0.108520 0.060494 0.034040 
0.796946 0.108520 0.068607 0.025927 
0.796946 0.108520 0.075338 0.019196 
0.796946 0.108520 0.081044 0.013490 
0.796946 0.108520 0.086000 0.008534 
0.796946 0.108520 0.090433 0.004101 
0.796946 0.129938 0.000000 0.073116 
0.796946 0.129938 0.016870 0.056246 
0.796946 0.129938 0.029388 0.043728 
0.796946 0.129938 0.039076 0.034040 
0.796946 0.129938 0.046788 0.026327 
0.796946 0.129938 0.053063 0.020053 
0.796946 0.129938 0.058269 0.014846 
0.796946 0.129938 0.062682 0.010434 
0.796946 0.129938 0.066515 0.006600 
0.796946 0.129938 0.069944 0.003172 
0.796946 0.147363 0.000000 0.055691 
0.796946 0.147363 0.012849 0.042841 
0.796946 0.147363 0.022384 0.033307 
0.796946 0.147363 0.029763 0.025927 
0.796946 0.147363 0.035638 0.020053 
0.796946 0.147363 0.040417 0.015274 
0.796946 0.147363 0.044383 0.011308 
0.796946 0.147363 0.047744 0.007947 
0.796946 0.147363 0.050663 0.005027 
0.796946 0.147363 0.053275 0.002416 
0.796946 0.161823 0.000000 0.041231 
0.796946 0.161823 0.009513 0.031718 
0.796946 0.161823 0.016572 0.024659 
0.796946 0.161823 0.022035 0.019196 
0.796946 0.161823 0.026385 0.014846 
0.796946 0.161823 0.029923 0.011308 
0.796946 0.161823 0.032859 0.008372 
0.796946 0.161823 0.035347 0.005884 
0.796946 0.161823 0.037509 0.003722 
0.796946 0.161823 0.039442 0.001789 
0.796946 0.174078 0.000000 0.028976 
0.796946 0.174078 0.006686 0.022290 
0.796946 0.174078 0.011646 0.017329 
0.796946 0.174078 0.015486 0.013490 
0.796946 0.174078 0.018542 0.010434 
0.796946 0.174078 0.021029 0.007947 
0.796946 0.174078 0.023092 0.005884 
0.796946 0.174078 0.024841 0.004135 
0.796946 0.174078 0.026360 0.002616 
0.796946 0.174078 0.027719 0.001257 
0.796946 0.184724 0.000000 0.018330 
0.796946 0.184724 0.004229 0.014101 
0.796946 0.184724 0.007368 0.010963 
0.796946 0.184724 0.009797 0.008534 
0.796946 0.184724 0.011730 0.006600 
0.796946 0.184724 0.013303 0.005027 
0.796946 0.184724 0.014608 0.003722 
0.796946 0.184724 0.015715 0.002616 
0.796946 0.184724 0.016676 0.001655 
0.796946 0.184724 0.017535 0.000795 
0.796946 0.194246 0.000000 0.008808 
0.796946 0.194246 0.002032 0.006776 
0.796946 0.194246 0.003540 0.005268 
0.796946 0.194246 0.004707 0.004101 
0.796946 0.194246 0.005637 0.003172 
0.796946 0.194246 0.006392 0.002416 
0.796946 0.194246 0.007020 0.001789 
0.796946 0.194246 0.007551 0.001257 
0.796946 0.194246 0.008013 0.000795 
0.796946 0.194246 0.008426 0.000382 
0.857300 0.000000 0.000000 0.142700 
0.857300 0.000000 0.032925 0.109775 
0.857300 0.000000 0.057356 0.085344 
0.857300 0.000000 0.076265 0.066436 
0.857300 0.000000 0.091317 0.051384 
0.857300 0.000000 0.103563 0.039138 
0.857300 0.000000 0.113725 0.028976 
0.857300 0.000000 0.122337 0.020363 
0.857300 0.000000 0.129818 0.012882 
0.857300 0.000000 0.136510 0.006190 
0.857300 0.032925 0.000000 0.109775 
0.857300 0.032925 0.025328 0.084447 
0.857300 0.032925 0.044122 0.065653 
0.857300 0.032925 0.058668 0.051107 
0.857300 0.032925 0.070248 0.039528 
0.857300 0.032925 0.079668 0.030108 
0.857300 0.032925 0.087485 0.022290 
0.857300 0.032925 0.094110 0.015665 
0.857300 0.032925 0.099866 0.009910 
0.857300 0.032925 0.105014 0.004762 
0.857300 0.057356 0.000000 0.085344 
0.857300 0.057356 0.019691 0.065653 
0.857300 0.057356 0.034303 0.051041 
0.857300 0.057356 0.045611 0.039733 
0.857300 0.057356 0.054614 0.030731 
0.857300 0.057356 0.061937 0.023407 
0.857300 0.057356 0.068015 0.017329 
0.857300 0.057356 0.073166 0.012179 
0.857300 0.057356 0.077640 0.007704 
0.857300 0.057356 0.081642 0.003702 
0.857300 0.076265 0.000000 0.066436 
0.857300 0.076265 0.015329 0.051107 
0.857300 0.076265 0.026703 0.039733 
0.857300 0.076265 0.035506 0.030930 
0.857300 0.076265 0.042514 0.023922 
0.857300 0.076265 0.048215 0.018221 
0.857300 0.076265 0.052946 0.013490 
0.857300 0.076265 0.056955 0.009480 
0.857300 0.076265 0.060438 0.005997 
0.857300 0.076265 0.063554 0.002882 
0.857300 0.091317 0.000000 0.051384 
0.857300 0.091317 0.011856 0.039528 
0.857300 0.091317 0.020653 0.030731 
0.857300 0.091317 0.027461 0.023922 
0.857300 0.091317 0.032881 0.018502 
0.857300 0.091317 0.037291 0.014093 
0.857300 0.091317 0.040950 0.010434 
0.857300 0.091317 0.044051 0.007332 
0.857300 0.091317 0.046745 0.004639 
0.857300 0.091317 0.049155 0.002229 
0.857300 0.103563 0.000000 0.039138 
0.857300 0.103563 0.009030 0.030108 
0.857300 0.103563 0.015731 0.023407 
0.857300 0.103563 0.020917 0.018221 
0.857300 0.103563 0.025045 0.014093 
0.857300 0.103563 0.028404 0.010734 
0.857300 0.103563 0.031191 0.007947 
0.857300 0.103563 0.033553 0.005585 
0.857300 0.103563 0.035605 0.003533 
0.857300 0.103563 0.037440 0.001698 
0.857300 0.113725 0.000000 0.028976 
0.857300 0.113725 0.006686 0.022290 
0.857300 0.113725 0.011646 0.017329 
0.857300 0.113725 0.015486 0.013490 
0.857300 0.113725 0.018542 0.010434 
0.857300 0.113725 0.021029 0.007947 
0.857300 0.113725 0.023092 0.005884 
0.857300 0.113725 0.024841 0.004135 
0.857300 0.113725 0.026360 0.002616 
0.857300 0.113725 0.027719 0.001257 
0.857300 0.122337 0.000000 0.020363 
0.857300 0.122337 0.004698 0.015665 
0.857300 0.122337 0.008185 0.012179 
0.857300 0.122337 0.010883 0.009480 
0.857300 0.122337 0.013031 0.007332 
0.857300 0.122337 0.014778 0.005585 
0.857300 0.122337 0.016229 0.004135 
0.857300 0.122337 0.017458 0.002906 
0.857300 0.122337 0.018525 0.001838 
0.857300 0.122337 0.019480 0.000883 
0.857300 0.129818 0.000000 0.012882 
0.857300 0.129818 0.002972 0.009910 
0.857300 0.129818 0.005178 0.007704 
0.857300 0.129818 0.006885 0.005997 
0.857300 0.129818 0.008244 0.004639 
0.857300 0.129818 0.009349 0.003533 
0.857300 0.129818 0.010266 0.002616 
0.857300 0.129818 0.011044 0.001838 
0.857300 0.129818 0.011719 0.001163 
0.857300 0.129818 0.012323 0.000559 
0.857300 0.136510 0.000000 0.006190 
0.857300 0.136510 0.001428 0.004762 
0.857300 0.136510 0.002488 0.003702 
0.857300 0.136510 0.003308 0.002882 
0.857300 0.136510 0.003961 0.002229 
0.857300 0.136510 0.004492 0.001698 
0.857300 0.136510 0.004933 0.001257 
0.857300 0.136510 0.005307 0.000883 
0.857300 0.136510 0.005631 0.000559 
0.857300 0.136510 0.005922 0.000269 
0.909726 0.000000 0.000000 0.090274 
0.909726 0.000000 0.020829 0.069445 
0.909726 0.000000 0.036284 0.053990 
0.909726 0.000000 0.048246 0.042028 
0.909726 0.000000 0.057768 0.032506 
0.909726 0.000000 0.065515 0.024759 
0.909726 0.000000 0.071943 0.018330 
0.909726 0.000000 0.077392 0.012882 
0.909726 0.000000 0.082124 0.008149 
0.909726 0.000000 0.086358 0.003916 
0.909726 0.020829 0.000000 0.069445 
0.909726 0.020829 0.016023 0.053422 
0.909726 0.020829 0.027912 0.041533 
0.909726 0.020829 0.037114 0.032331 
0.909726 0.020829 0.044439 0.025006 
0.909726 0.020829 0.050399 0.019046 
0.909726 0.020829 0.055344 0.014101 
0.909726 0.020829 0.059535 0.009910 
0.909726 0.020829 0.063176 0.006269 
0.909726 0.020829 0.066433 0.003012 
0.909726 0.036284 0.000000 0.053990 
0.909726 0.036284 0.012457 0.041533 
0.909726 0.036284 0.021700 0.032289 
0.909726 0.036284 0.028854 0.025135 
0.909726 0.036284 0.034549 0.019441 
0.909726 0.036284 0.039182 0.014808 
0.909726 0.036284 0.043027 0.010963 
0.909726 0.036284 0.046285 0.007704 
0.909726 0.036284 0.049116 0.004874 
0.909726 0.036284 0.051648 0.002342 
0.909726 0.048246 0.000000 0.042028 
0.909726 0.048246 0.009697 0.032331 
0.909726 0.048246 0.016892 0.025135 
0.909726 0.048246 0.022461 0.019567 
0.909726 0.048246 0.026895 0.015133 
0.909726 0.048246 0.030501 0.011527 
0.909726 0.048246 0.033494 0.008534 
0.909726 0.048246 0.036031 0.005997 
0.909726 0.048246 0.038234 0.003794 
0.909726 0.048246 0.040205 0.001823 
0.909726 0.057768 0.000000 0.032506 
0.909726 0.057768 0.007500 0.025006 
0.909726 0.057768 0.013065 0.019441 
0.909726 0.057768 0.017372 0.015133 
0.909726 0.057768 0.020801 0.011705 
0.909726 0.057768 0.023591 0.008915 
0.909726 0.057768 0.025905 0.006600 
0.909726 0.057768 0.027867 0.004639 
0.909726 0.057768 0.029571 0.002934 
0.909726 0.057768 0.031096 0.001410 
0.909726 0.065515 0.000000 0.024759 
0.909726 0.065515 0.005713 0.019046 
0.909726 0.065515 0.009951 0.014808 
0.909726 0.065515 0.013232 0.011527 
0.909726 0.065515 0.015844 0.008915 
0.909726 0.065515 0.017968 0.006791 
0.909726 0.065515 0.019732 0.005027 
0.909726 0.065515 0.021226 0.003533 
0.909726 0.065515 0.022524 0.002235 
0.909726 0.065515 0.023685 0.001074 
0.909726 0.071943 0.000000 0.018330 
0.909726 0.071943 0.004229 0.014101 
0.909726 0.071943 0.007368 0.010963 
0.909726 0.071943 0.009797 0.008534 
0.909726 0.071943 0.011730 0.006600 
0.909726 0.071943 0.013303 0.005027 
0.909726 0.071943 0.014608 0.003722 
0.909726 0.071943 0.015715 0.002616 
0.909726 0.071943 0.016676 0.001655 
0.909726 0.071943 0.017535 0.000795 
0.909726 0.077392 0.000000 0.012882 
0.909726 0.077392 0.002972 0.009910 
0.909726 0.077392 0.005178 0.007704 
0.909726 0.077392 0.006885 0.005997 
0.909726 0.077392 0.008244 0.004639 
0.909726 0.077392 0.009349 0.003533 
0.909726 0.077392 0.010266 0.002616 
0.909726 0.077392 0.011044 0.001838 
0.909726 0.077392 0.011719 0.001163 
0.909726 0.077392 0.012323 0.000559 
0.909726 0.082124 0.000000 0.008149 
0.909726 0.082124 0.001880 0.006269 
0.909726 0.082124 0.003276 0.004874 
0.909726 0.082124 0.004355 0.003794 
0.909726 0.082124 0.005215 0.002934 
0.909726 0.082124 0.005914 0.002235 
0.909726 0.082124 0.006495 0.001655 
0.909726 0.082124 0.006986 0.001163 
0.909726 0.082124 0.007414 0.000736 
0.909726 0.082124 0.007796 0.000354 
0.909726 0.086358 0.000000 0.003916 
0.909726 0.086358 0.000904 0.003012 
0.909726 0.086358 0.001574 0.002342 
0.909726 0.086358 0.002093 0.001823 
0.909726 0.086358 0.002506 0.001410 
0.909726 0.086358 0.002842 0.001074 
0.909726 0.086358 0.003121 0.000795 
0.909726 0.086358 0.003357 0.000559 
0.909726 0.086358 0.003562 0.000354 
0.909726 0.086358 0.003746 0.000170 
0.956622 0.000000 0.000000 0.043378 
0.956622 0.000000 0.010009 0.033370 
0.956622 0.000000 0.017435 0.025943 
0.956622 0.000000 0.023183 0.020195 
0.956622 0.000000 0.027759 0.015620 
0.956622 0.000000 0.031481 0.011897 
0.956622 0.000000 0.034570 0.008808 
0.956622 0.000000 0.037188 0.006190 
0.956622 0.000000 0.039462 0.003916 
0.956622 0.000000 0.041497 0.001882 
0.956622 0.010009 0.000000 0.033370 
0.956622 0.010009 0.007699 0.025670 
0.956622 0.010009 0.013412 0.019957 
0.956622 0.010009 0.017834 0.015536 
0.956622 0.010009 0.021354 0.012016 
0.956622 0.010009 0.024218 0.009152 
0.956622 0.010009 0.026594 0.006776 
0.956622 0.010009 0.028608 0.004762 
0.956622 0.010009 0.030357 0.003012 
0.956622 0.010009 0.031922 0.001448 
0.956622 0.017435 0.000000 0.025943 
0.956622 0.017435 0.005986 0.019957 
0.956622 0.017435 0.010427 0.015516 
0.956622 0.017435 0.013865 0.012078 
0.956622 0.017435 0.016602 0.009342 
0.956622 0.017435 0.018828 0.007115 
0.956622 0.017435 0.020675 0.005268 
0.956622 0.017435 0.022241 0.003702 
0.956622 0.017435 0.023601 0.002342 
0.956622 0.017435 0.024818 0.001125 
0.956622 0.023183 0.000000 0.020195 
0.956622 0.023183 0.004660 0.015536 
0.956622 0.023183 0.008117 0.012078 
0.956622 0.023183 0.010793 0.009402 
0.956622 0.023183 0.012923 0.007272 
0.956622 0.023183 0.014656 0.005539 
0.956622 0.023183 0.016095 0.004101 
0.956622 0.023183 0.017313 0.002882 
0.956622 0.023183 0.018372 0.001823 
0.956622 0.023183 0.019319 0.000876 
0.956622 0.027759 0.000000 0.015620 
0.956622 0.027759 0.003604 0.012016 
0.956622 0.027759 0.006278 0.009342 
0.956622 0.027759 0.008348 0.007272 
0.956622 0.027759 0.009995 0.005624 
0.956622 0.027759 0.011336 0.004284 
0.956622 0.027759 0.012448 0.003172 
0.956622 0.027759 0.013391 0.002229 
0.956622 0.027759 0.014210 0.001410 
0.956622 0.027759 0.014942 0.000678 
0.956622 0.031481 0.000000 0.011897 
0.956622 0.031481 0.002745 0.009152 
0.956622 0.031481 0.004782 0.007115 
0.956622 0.031481 0.006358 0.005539 
0.956622 0.031481 0.007613 0.004284 
0.956622 0.031481 0.008634 0.003263 
0.956622 0.031481 0.009481 0.002416 
0.956622 0.031481 0.010199 0.001698 
0.956622 0.031481 0.010823 0.001074 
0.956622 0.031481 0.011381 0.000516 
0.956622 0.034570 0.000000 0.008808 
0.956622 0.034570 0.002032 0.006776 
0.956622 0.034570 0.003540 0.005268 
0.956622 0.034570 0.004707 0.004101 
0.956622 0.034570 0.005637 0.003172 
0.956622 0.034570 0.006392 0.002416 
0.956622 0.034570 0.007020 0.001789 
0.956622 0.034570 0.007551 0.001257 
0.956622 0.034570 0.008013 0.000795 
0.956622 0.034570 0.008426 0.000382 
0.956622 0.037188 0.000000 0.006190 
0.956622 0.037188 0.001428 0.004762 
0.956622 0.037188 0.002488 0.003702 
0.956622 0.037188 0.003308 0.002882 
0.956622 0.037188 0.003961 0.002229 
0.956622 0.037188 0.004492 0.001698 
0.956622 0.037188 0.004933 0.001257 
0.956622 0.037188 0.005307 0.000883 
0.956622 0.037188 0.005631 0.000559 
0.956622 0.037188 0.005922 0.000269 
0.956622 0.039462 0.000000 0.003916 
0.956622 0.039462 0.000904 0.003012 
0.956622 0.039462 0.001574 0.002342 
0.956622 0.039462 0.002093 0.001823 
0.956622 0.039462 0.002506 0.001410 
0.956622 0.039462 0.002842 0.001074 
0.956622 0.039462 0.003121 0.000795 
0.956622 0.039462 0.003357 0.000559 
0.956622 0.039462 0.003562 0.000354 
0.956622 0.039462 0.003746 0.000170 
0.956622 0.041497 0.000000 0.001882 
0.956622 0.041497 0.000434 0.001448 
0.956622 0.041497 0.000756 0.001125 
0.956622 0.041497 0.001006 0.000876 
0.956622 0.041497 0.001204 0.000678 
0.956622 0.041497 0.001366 0.000516 
0.956622 0.041497 0.001500 0.000382 
0.956622 0.041497 0.001613 0.000269 
0.956622 0.041497 0.001712 0.000170 
0.956622 0.041497 0.001800 0.000082 
1.000000 0.000000 0.000000 0.000000 