# LOG: Iteration 50: Reflective tuning. Trend='exploration', L=7, kappa=0.070

7880.000000 10007.000000 
7926.000000 10002.000000 
7975.000000 9990.000000 
8088.000000 9969.000000 
8145.000000 9947.000000 
8041.000000 9983.000000 
8095.000000 9967.000000 
8099.000000 9964.000000 
8122.000000 9954.000000 
8167.000000 9945.000000 
8181.000000 9935.000000 
8180.000000 9939.000000 
8137.000000 9949.000000 
8191.000000 9930.000000 
8263.000000 9900.000000 
8262.000000 9902.000000 
8254.000000 9920.000000 
8267.000000 9898.000000 
8293.000000 9889.000000 
8302.000000 9885.000000 
8303.000000 9879.000000 
8308.000000 9875.000000 
9082.000000 9427.000000 
9049.000000 9448.000000 
9121.000000 9390.000000 
9161.000000 9360.000000 
9136.000000 9362.000000 
9145.000000 9361.000000 
9225.000000 9304.000000 
9359.000000 9144.000000 
9358.000000 9176.000000 
9426.000000 9055.000000 
9510.000000 8956.000000 
9531.000000 8926.000000 
9550.000000 8866.000000 
9542.000000 8888.000000 
9556.000000 8842.000000 
9559.000000 8839.000000 
9552.000000 8865.000000 
9562.000000 8838.000000 
9590.000000 8808.000000 
9578.000000 8831.000000 
9585.000000 8821.000000 
9616.000000 8792.000000 
9619.000000 8741.000000 
9621.000000 8737.000000 
9635.000000 8732.000000 
9623.000000 8734.000000 
9651.000000 8699.000000 
9656.000000 8658.000000 
9655.000000 8672.000000 
9676.000000 8625.000000 
9687.000000 8612.000000 
9672.000000 8642.000000 
9698.000000 8549.000000 
9702.000000 8539.000000 
9697.000000 8569.000000 
9716.000000 8476.000000 
9693.000000 8584.000000 
9706.000000 8497.000000 
9729.000000 8418.000000 
9746.000000 8339.000000 
9749.000000 8323.000000 
9730.000000 8360.000000 
9763.000000 8179.000000 
9771.000000 8102.000000 
9784.000000 8080.000000 
9770.000000 8146.000000 
9781.000000 8084.000000 
9822.000000 8068.000000 
9824.000000 7956.000000 
9516.000000 8934.000000 
8324.000000 9869.000000 
8417.000000 9863.000000 
8984.000000 9509.000000 
8955.000000 9546.000000 
8495.000000 9836.000000 
8472.000000 9859.000000 
8606.000000 9808.000000 
8529.000000 9834.000000 
8538.000000 9827.000000 
8689.000000 9765.000000 
8651.000000 9773.000000 
8679.000000 9771.000000 
8647.000000 9787.000000 
8715.000000 9741.000000 
8731.000000 9733.000000 
8754.000000 9724.000000 
8777.000000 9690.000000 
8798.000000 9682.000000 
8759.000000 9717.000000 
8762.000000 9694.000000 
8812.000000 9680.000000 
8823.000000 9669.000000 
8814.000000 9675.000000 
8850.000000 9649.000000 
8833.000000 9658.000000 
8876.000000 9617.000000 
8902.000000 9591.000000 
8907.000000 9586.000000 
8898.000000 9598.000000 
8953.000000 9557.000000 
8950.000000 9578.000000 
9001.000000 9508.000000 
8965.000000 9533.000000 
8981.000000 9515.000000 
8979.000000 9519.000000 
9009.000000 9493.000000 
9032.000000 9485.000000 
9023.000000 9492.000000 
9054.000000 9441.000000 
9086.000000 9422.000000 
9122.000000 9376.000000 
9097.000000 9396.000000 
9177.000000 9358.000000 
9190.000000 9346.000000 
9204.000000 9340.000000 
9134.000000 9374.000000 
9376.000000 9108.000000 
9222.000000 9311.000000 
9223.000000 9305.000000 
9245.000000 9291.000000 
9280.000000 9269.000000 
9291.000000 9232.000000 
9303.000000 9227.000000 
9282.000000 9242.000000 
9333.000000 9179.000000 
9325.000000 9181.000000 
9320.000000 9218.000000 
9323.000000 9197.000000 
9372.000000 9132.000000 
9362.000000 9137.000000 
9434.000000 9046.000000 
9418.000000 9094.000000 
9463.000000 9026.000000 
9501.000000 8977.000000 
9491.000000 8990.000000 
9534.000000 8908.000000 
9555.000000 8855.000000 
9735.000000 8358.000000 
9744.000000 8342.000000 
9759.000000 8224.000000 
9758.000000 8256.000000 
