# LOG: Run 1 finished. Total repairs attempted: 0

7880.000000 10007.000000 
7926.000000 10002.000000 
7975.000000 9990.000000 
8088.000000 9969.000000 
8145.000000 9947.000000 
8041.000000 9983.000000 
8095.000000 9967.000000 
8099.000000 9964.000000 
8122.000000 9954.000000 
8167.000000 9945.000000 
8181.000000 9935.000000 
8180.000000 9939.000000 
8137.000000 9949.000000 
8191.000000 9930.000000 
8263.000000 9900.000000 
8262.000000 9902.000000 
8254.000000 9920.000000 
8267.000000 9898.000000 
8293.000000 9889.000000 
8302.000000 9885.000000 
8303.000000 9879.000000 
8308.000000 9875.000000 
8314.000000 9863.000000 
8318.000000 9853.000000 
8323.000000 9824.000000 
8407.000000 9795.000000 
8401.000000 9805.000000 
8446.000000 9785.000000 
8518.000000 9763.000000 
9192.000000 9326.000000 
9301.000000 9225.000000 
9484.000000 8990.000000 
9510.000000 8956.000000 
9531.000000 8926.000000 
9616.000000 8792.000000 
9635.000000 8732.000000 
9655.000000 8672.000000 
9687.000000 8612.000000 
9698.000000 8549.000000 
9702.000000 8539.000000 
9697.000000 8569.000000 
9716.000000 8476.000000 
9693.000000 8584.000000 
9706.000000 8497.000000 
9749.000000 8323.000000 
9822.000000 8068.000000 
9824.000000 7956.000000 
7745.000000 10011.000000 
7702.000000 10021.000000 
7718.000000 10014.000000 
8795.000000 9609.000000 
8590.000000 9746.000000 
8604.000000 9744.000000 
8705.000000 9719.000000 
8695.000000 9732.000000 
8751.000000 9651.000000 
8737.000000 9707.000000 
8711.000000 9714.000000 
8749.000000 9683.000000 
8772.000000 9642.000000 
8778.000000 9632.000000 
8762.000000 9644.000000 
8789.000000 9629.000000 
8855.000000 9597.000000 
8825.000000 9608.000000 
8864.000000 9558.000000 
8859.000000 9584.000000 
8934.000000 9546.000000 
8952.000000 9531.000000 
8960.000000 9524.000000 
8961.000000 9519.000000 
8981.000000 9513.000000 
9033.000000 9479.000000 
9032.000000 9498.000000 
9052.000000 9453.000000 
9074.000000 9451.000000 
9121.000000 9405.000000 
9113.000000 9407.000000 
9105.000000 9428.000000 
9233.000000 9317.000000 
9273.000000 9266.000000 
9299.000000 9251.000000 
9078.000000 9431.000000 
9126.000000 9386.000000 
9094.000000 9430.000000 
9162.000000 9376.000000 
9180.000000 9351.000000 
9183.000000 9340.000000 
9259.000000 9302.000000 
9264.000000 9273.000000 
9238.000000 9313.000000 
9327.000000 9217.000000 
9342.000000 9199.000000 
9376.000000 9148.000000 
9360.000000 9160.000000 
9359.000000 9179.000000 
9337.000000 9201.000000 
9415.000000 9060.000000 
9396.000000 9109.000000 
9401.000000 9085.000000 
9412.000000 9068.000000 
9420.000000 9059.000000 
9414.000000 9065.000000 
9448.000000 9043.000000 
9429.000000 9055.000000 
9456.000000 9040.000000 
9479.000000 8999.000000 
9466.000000 9017.000000 
9550.000000 8886.000000 
9559.000000 8851.000000 
9545.000000 8910.000000 
9463.000000 9039.000000 
9472.000000 9001.000000 
9471.000000 9004.000000 
9502.000000 8972.000000 
9557.000000 8871.000000 
9594.000000 8817.000000 
9619.000000 8783.000000 
9589.000000 8844.000000 
9629.000000 8770.000000 
9651.000000 8702.000000 
9640.000000 8714.000000 
9645.000000 8706.000000 
9659.000000 8664.000000 
9639.000000 8722.000000 
9681.000000 8652.000000 
9705.000000 8507.000000 
9699.000000 8546.000000 
9660.000000 8653.000000 
9729.000000 8468.000000 
9752.000000 8303.000000 
9741.000000 8416.000000 
9746.000000 8403.000000 
9744.000000 8409.000000 
9775.000000 8185.000000 
9768.000000 8195.000000 
9762.000000 8273.000000 
9767.000000 8251.000000 
9785.000000 8114.000000 
9794.000000 8109.000000 
9799.000000 8095.000000 
9776.000000 8127.000000 
