
8830.000000 9603.000000 
8841.000000 9600.000000 
8879.000000 9597.000000 
8931.000000 9524.000000 
8949.000000 9522.000000 
9025.000000 9453.000000 
9062.000000 9448.000000 
9061.000000 9452.000000 
9133.000000 9405.000000 
9148.000000 9391.000000 
9151.000000 9386.000000 
9143.000000 9392.000000 
9205.000000 9338.000000 
9198.000000 9344.000000 
9187.000000 9357.000000 
9189.000000 9355.000000 
9238.000000 9287.000000 
9240.000000 9279.000000 
9236.000000 9313.000000 
9237.000000 9296.000000 
9251.000000 9265.000000 
9261.000000 9242.000000 
9266.000000 9235.000000 
9392.000000 9076.000000 
9459.000000 8992.000000 
8882.000000 9536.000000 
8734.000000 9652.000000 
8729.000000 9656.000000 
8691.000000 9665.000000 
8749.000000 9648.000000 
8771.000000 9644.000000 
9331.000000 9173.000000 
9318.000000 9219.000000 
9234.000000 9321.000000 
9363.000000 9169.000000 
9376.000000 9159.000000 
9364.000000 9164.000000 
9377.000000 9139.000000 
9428.000000 9056.000000 
9452.000000 9001.000000 
9446.000000 9038.000000 
9469.000000 8979.000000 
9471.000000 8902.000000 

8301.000000 9677.000000 
8337.000000 9659.000000 
8339.000000 9657.000000 
8360.000000 9651.000000 
8358.000000 9653.000000 
8356.000000 9655.000000 
8369.000000 9650.000000 
9136.000000 9439.000000 
9163.000000 9416.000000 
9171.000000 9401.000000 
9208.000000 9370.000000 
9204.000000 9374.000000 
9233.000000 9367.000000 
9249.000000 9333.000000 
9248.000000 9350.000000 
9261.000000 9328.000000 
9323.000000 9244.000000 
9328.000000 9233.000000 
9336.000000 9222.000000 
9355.000000 9216.000000 
9409.000000 9164.000000 
9370.000000 9196.000000 
9410.000000 9147.000000 
9399.000000 9177.000000 
9431.000000 9114.000000 
9432.000000 9094.000000 
9442.000000 9092.000000 
9478.000000 8998.000000 
9474.000000 9022.000000 
9476.000000 9001.000000 
9489.000000 8968.000000 
9492.000000 8962.000000 
9495.000000 8915.000000 
9518.000000 8833.000000 
9521.000000 8810.000000 
9513.000000 8892.000000 
8833.000000 9594.000000 
8792.000000 9609.000000 
8867.000000 9593.000000 
8767.000000 9617.000000 
8763.000000 9618.000000 
8756.000000 9620.000000 
8775.000000 9615.000000 
8785.000000 9610.000000 
8822.000000 9604.000000 
8898.000000 9588.000000 
8900.000000 9586.000000 
8935.000000 9562.000000 
8946.000000 9559.000000 
8953.000000 9540.000000 
8948.000000 9551.000000 
8973.000000 9534.000000 
8981.000000 9519.000000 
8972.000000 9539.000000 
9021.000000 9489.000000 
9055.000000 9485.000000 
9018.000000 9501.000000 
9017.000000 9506.000000 
9076.000000 9443.000000 
9065.000000 9465.000000 
9288.000000 9275.000000 
9295.000000 9269.000000 
9282.000000 9291.000000 
9305.000000 9267.000000 
9313.000000 9248.000000 
9318.000000 9245.000000 
9329.000000 9223.000000 
9457.000000 9069.000000 
9448.000000 9079.000000 
9458.000000 9049.000000 
9453.000000 9070.000000 
9461.000000 9042.000000 
9469.000000 9027.000000 
9485.000000 8979.000000 
9494.000000 8939.000000 
9507.000000 8914.000000 

8529.000000 9720.000000 
8573.000000 9708.000000 
8607.000000 9705.000000 
8704.000000 9634.000000 
8720.000000 9630.000000 
8715.000000 9632.000000 
8724.000000 9626.000000 
8805.000000 9588.000000 
8799.000000 9600.000000 
8798.000000 9604.000000 
8923.000000 9545.000000 
8945.000000 9531.000000 
9028.000000 9470.000000 
9033.000000 9468.000000 
9076.000000 9437.000000 
9148.000000 9356.000000 
9174.000000 9351.000000 
9163.000000 9354.000000 
9175.000000 9335.000000 
9192.000000 9305.000000 
9207.000000 9303.000000 
9187.000000 9320.000000 
9210.000000 9285.000000 
9219.000000 9284.000000 
9348.000000 9170.000000 
9263.000000 9236.000000 
9256.000000 9242.000000 
9266.000000 9213.000000 
9355.000000 9167.000000 
9361.000000 9156.000000 
9371.000000 9133.000000 
9393.000000 9089.000000 
9398.000000 9054.000000 
9412.000000 9031.000000 
9440.000000 9000.000000 
9452.000000 8910.000000 
9450.000000 8918.000000 
9456.000000 8754.000000 
8852.000000 9557.000000 
8828.000000 9571.000000 
8839.000000 9568.000000 
8830.000000 9569.000000 
8856.000000 9555.000000 
8870.000000 9551.000000 
8849.000000 9562.000000 
8859.000000 9554.000000 
8901.000000 9550.000000 
8902.000000 9546.000000 
8950.000000 9519.000000 
8966.000000 9509.000000 
8940.000000 9543.000000 
8968.000000 9507.000000 
9022.000000 9476.000000 
9045.000000 9452.000000 
9044.000000 9463.000000 
9089.000000 9420.000000 
9092.000000 9415.000000 
9082.000000 9428.000000 
9130.000000 9374.000000 
9120.000000 9387.000000 
9127.000000 9379.000000 
9250.000000 9263.000000 
9243.000000 9269.000000 
9249.000000 9267.000000 
9290.000000 9212.000000 
9297.000000 9209.000000 
9295.000000 9211.000000 
9328.000000 9190.000000 
9402.000000 9049.000000 
9406.000000 9037.000000 
9428.000000 9016.000000 
9444.000000 8973.000000 
9447.000000 8924.000000 

8340.000000 9674.000000 
8384.000000 9667.000000 
8495.000000 9642.000000 
8477.000000 9657.000000 
8548.000000 9614.000000 
8501.000000 9617.000000 
8500.000000 9618.000000 
8568.000000 9605.000000 
9109.000000 9415.000000 
9010.000000 9492.000000 
9023.000000 9467.000000 
9037.000000 9460.000000 
9090.000000 9458.000000 
9101.000000 9443.000000 
9154.000000 9379.000000 
9141.000000 9390.000000 
9149.000000 9385.000000 
9147.000000 9387.000000 
9125.000000 9412.000000 
9164.000000 9366.000000 
9169.000000 9362.000000 
9185.000000 9351.000000 
9199.000000 9343.000000 
9244.000000 9287.000000 
9262.000000 9283.000000 
9237.000000 9291.000000 
9233.000000 9306.000000 
9275.000000 9270.000000 
9266.000000 9271.000000 
9285.000000 9257.000000 
9276.000000 9258.000000 
9287.000000 9245.000000 
9288.000000 9232.000000 
9303.000000 9226.000000 
9310.000000 9220.000000 
9308.000000 9222.000000 
9398.000000 9105.000000 
9447.000000 9036.000000 
9476.000000 8935.000000 
9490.000000 8928.000000 
9491.000000 8890.000000 
9493.000000 8879.000000 
9505.000000 8860.000000 
8736.000000 9601.000000 
8777.000000 9593.000000 
8868.000000 9583.000000 
8858.000000 9590.000000 
8925.000000 9566.000000 
8889.000000 9573.000000 
9345.000000 9156.000000 
9300.000000 9227.000000 
9334.000000 9205.000000 
9453.000000 9004.000000 
9329.000000 9219.000000 
9382.000000 9134.000000 
9391.000000 9118.000000 
9388.000000 9120.000000 
9385.000000 9127.000000 
9335.000000 9188.000000 
9372.000000 9147.000000 
9375.000000 9140.000000 
9473.000000 8961.000000 
9474.000000 8957.000000 
9417.000000 9090.000000 
9416.000000 9094.000000 
9428.000000 9068.000000 
9431.000000 9045.000000 
9430.000000 9049.000000 
9435.000000 9037.000000 

8473.000000 9692.000000 
8478.000000 9657.000000 
8433.000000 9694.000000 
8568.000000 9645.000000 
8793.000000 9587.000000 
8813.000000 9579.000000 
8803.000000 9585.000000 
8815.000000 9578.000000 
8804.000000 9581.000000 
8893.000000 9532.000000 
8836.000000 9562.000000 
8873.000000 9554.000000 
9096.000000 9453.000000 
9100.000000 9440.000000 
9109.000000 9439.000000 
9089.000000 9455.000000 
9132.000000 9413.000000 
9143.000000 9410.000000 
9216.000000 9347.000000 
9215.000000 9364.000000 
9224.000000 9339.000000 
9250.000000 9307.000000 
9298.000000 9259.000000 
9307.000000 9248.000000 
9314.000000 9242.000000 
9326.000000 9223.000000 
9472.000000 8995.000000 
9463.000000 9006.000000 
9460.000000 9029.000000 
9486.000000 8898.000000 
9489.000000 8875.000000 
9498.000000 8864.000000 
9499.000000 8805.000000 
8948.000000 9497.000000 
8894.000000 9512.000000 
8675.000000 9641.000000 
8684.000000 9638.000000 
8686.000000 9633.000000 
8713.000000 9632.000000 
9219.000000 9343.000000 
9043.000000 9474.000000 
9012.000000 9491.000000 
9436.000000 9073.000000 
9050.000000 9470.000000 
9163.000000 9392.000000 
9154.000000 9393.000000 
9239.000000 9323.000000 
9229.000000 9330.000000 
9232.000000 9328.000000 
9456.000000 9032.000000 
9255.000000 9293.000000 
9272.000000 9286.000000 
9270.000000 9290.000000 
9276.000000 9275.000000 
9267.000000 9292.000000 
9324.000000 9229.000000 
9334.000000 9206.000000 
9331.000000 9211.000000 
9340.000000 9200.000000 
9356.000000 9188.000000 
9350.000000 9194.000000 
9357.000000 9176.000000 
9366.000000 9165.000000 
9320.000000 9238.000000 
9361.000000 9168.000000 
9383.000000 9152.000000 
9385.000000 9146.000000 
9392.000000 9141.000000 
9419.000000 9112.000000 
9410.000000 9123.000000 
9421.000000 9101.000000 
9431.000000 9078.000000 
9450.000000 9067.000000 
9454.000000 9050.000000 
9485.000000 8950.000000 

8601.000000 9732.000000 
8584.000000 9745.000000 
8595.000000 9736.000000 
8564.000000 9753.000000 
8673.000000 9708.000000 
8647.000000 9727.000000 
8646.000000 9729.000000 
8664.000000 9714.000000 
8672.000000 9710.000000 
8656.000000 9723.000000 
8707.000000 9706.000000 
8763.000000 9674.000000 
8788.000000 9671.000000 
8800.000000 9660.000000 
8816.000000 9651.000000 
8866.000000 9628.000000 
8868.000000 9623.000000 
8864.000000 9634.000000 
8993.000000 9555.000000 
9007.000000 9542.000000 
9059.000000 9508.000000 
9070.000000 9486.000000 
9087.000000 9481.000000 
9168.000000 9415.000000 
9170.000000 9399.000000 
9120.000000 9453.000000 
9308.000000 9266.000000 
9287.000000 9267.000000 
9320.000000 9246.000000 
9321.000000 9244.000000 
9328.000000 9231.000000 
9344.000000 9202.000000 
9359.000000 9195.000000 
9366.000000 9171.000000 
9390.000000 9137.000000 
9395.000000 9125.000000 
9422.000000 9109.000000 
9432.000000 9096.000000 
9434.000000 9090.000000 
9439.000000 9078.000000 
9448.000000 9067.000000 
9453.000000 9051.000000 
9475.000000 9015.000000 
9480.000000 9008.000000 
9526.000000 8895.000000 
9521.000000 8902.000000 
9517.000000 8929.000000 
9518.000000 8925.000000 
9529.000000 8870.000000 
9533.000000 8833.000000 
9530.000000 8856.000000 
8828.000000 9644.000000 
8743.000000 9692.000000 
8729.000000 9696.000000 
9189.000000 9321.000000 
9171.000000 9322.000000 
8923.000000 9617.000000 
8970.000000 9587.000000 
8932.000000 9608.000000 
9051.000000 9510.000000 
9213.000000 9318.000000 
9195.000000 9319.000000 
8948.000000 9600.000000 
8952.000000 9592.000000 
8954.000000 9590.000000 
9260.000000 9295.000000 
9249.000000 9304.000000 
9261.000000 9284.000000 
9278.000000 9281.000000 
9262.000000 9282.000000 
9041.000000 9524.000000 
9044.000000 9511.000000 
9495.000000 8959.000000 
9496.000000 8937.000000 
9486.000000 8970.000000 
9337.000000 9213.000000 
9329.000000 9218.000000 
9460.000000 9048.000000 
9461.000000 9036.000000 
9470.000000 9025.000000 
9451.000000 9059.000000 
9468.000000 9027.000000 
9467.000000 9030.000000 
9494.000000 8969.000000 
9484.000000 8992.000000 
9485.000000 8980.000000 
9507.000000 8936.000000 

8495.000000 9698.000000 
8539.000000 9691.000000 

8914.000000 9532.000000 
8945.000000 9524.000000 
8946.000000 9520.000000 
8981.000000 9502.000000 
9003.000000 9495.000000 
9031.000000 9477.000000 
9078.000000 9439.000000 
9095.000000 9408.000000 
9089.000000 9425.000000 
9088.000000 9426.000000 
9113.000000 9393.000000 
9135.000000 9374.000000 
9161.000000 9366.000000 
9203.000000 9307.000000 
9253.000000 9258.000000 
9259.000000 9257.000000 
9306.000000 9191.000000 
9301.000000 9217.000000 
9304.000000 9196.000000 
9302.000000 9200.000000 
9316.000000 9168.000000 
9312.000000 9177.000000 
9315.000000 9174.000000 
9441.000000 8956.000000 
9437.000000 9009.000000 
9438.000000 9005.000000 
9461.000000 8923.000000 
9488.000000 8903.000000 
9479.000000 8914.000000 
9490.000000 8826.000000 
9489.000000 8830.000000 
9491.000000 8779.000000 
9493.000000 8777.000000 
9503.000000 8717.000000 
9505.000000 8715.000000 
9498.000000 8725.000000 
8934.000000 9526.000000 
8703.000000 9649.000000 
8811.000000 9621.000000 
8839.000000 9600.000000 
8814.000000 9617.000000 
8824.000000 9611.000000 
8862.000000 9590.000000 
8842.000000 9596.000000 
9383.000000 9102.000000 
9036.000000 9460.000000 
9362.000000 9123.000000 
9356.000000 9149.000000 
9361.000000 9142.000000 
9355.000000 9152.000000 
9058.000000 9449.000000 
9129.000000 9380.000000 
9128.000000 9391.000000 
9374.000000 9118.000000 
9373.000000 9122.000000 
9379.000000 9108.000000 
9381.000000 9107.000000 
9386.000000 9100.000000 
9392.000000 9099.000000 
9408.000000 9067.000000 
9405.000000 9092.000000 
9410.000000 9055.000000 
9409.000000 9059.000000 
9422.000000 9054.000000 
9425.000000 9031.000000 

9065.000000 9457.000000 
9235.000000 9309.000000 
9241.000000 9305.000000 
9250.000000 9304.000000 
9303.000000 9254.000000 
9327.000000 9210.000000 
9322.000000 9217.000000 
9431.000000 9041.000000 
9417.000000 9056.000000 
9428.000000 9048.000000 
9430.000000 9045.000000 
9407.000000 9065.000000 
9434.000000 9018.000000 
9448.000000 8992.000000 
9451.000000 8959.000000 
9444.000000 8999.000000 
9449.000000 8978.000000 
9452.000000 8955.000000 
9439.000000 9003.000000 
9454.000000 8916.000000 
8734.000000 9660.000000 
8709.000000 9662.000000 
8745.000000 9655.000000 
8775.000000 9637.000000 
8776.000000 9635.000000 
8766.000000 9641.000000 
8850.000000 9618.000000 
8829.000000 9625.000000 
8836.000000 9622.000000 
8759.000000 9643.000000 
8857.000000 9614.000000 
8856.000000 9616.000000 
8874.000000 9601.000000 
8843.000000 9620.000000 
8883.000000 9593.000000 
8904.000000 9592.000000 
8917.000000 9570.000000 
8924.000000 9560.000000 
8948.000000 9552.000000 
8957.000000 9544.000000 
8955.000000 9549.000000 
8995.000000 9523.000000 
9011.000000 9514.000000 
9016.000000 9507.000000 
9043.000000 9501.000000 
9054.000000 9495.000000 
9123.000000 9426.000000 
9115.000000 9427.000000 
9112.000000 9448.000000 
9161.000000 9405.000000 
9177.000000 9396.000000 
9208.000000 9372.000000 
9195.000000 9394.000000 
9202.000000 9376.000000 
9211.000000 9365.000000 
9218.000000 9359.000000 
9271.000000 9292.000000 
9282.000000 9286.000000 
9219.000000 9350.000000 
9298.000000 9257.000000 
9305.000000 9251.000000 
9292.000000 9273.000000 
9307.000000 9249.000000 
9309.000000 9242.000000 
9311.000000 9240.000000 
9333.000000 9207.000000 
9344.000000 9185.000000 
9342.000000 9187.000000 
9345.000000 9173.000000 
9354.000000 9162.000000 
9362.000000 9127.000000 
9357.000000 9139.000000 
9369.000000 9094.000000 
9377.000000 9093.000000 
9397.000000 9087.000000 
9464.000000 8912.000000 
9465.000000 8873.000000 
9453.000000 8942.000000 

8530.000000 9720.000000 
8994.000000 9525.000000 
9002.000000 9499.000000 
8995.000000 9511.000000 
9062.000000 9476.000000 
9080.000000 9454.000000 
9067.000000 9464.000000 
9072.000000 9462.000000 
9074.000000 9456.000000 
9083.000000 9447.000000 
9092.000000 9446.000000 
9076.000000 9455.000000 
9287.000000 9295.000000 
9193.000000 9385.000000 
9228.000000 9347.000000 
9231.000000 9326.000000 
9273.000000 9314.000000 
9292.000000 9277.000000 
9320.000000 9252.000000 
9330.000000 9229.000000 
9361.000000 9222.000000 
9384.000000 9181.000000 
9391.000000 9163.000000 
9387.000000 9174.000000 
9394.000000 9158.000000 
9400.000000 9152.000000 
9403.000000 9138.000000 
9412.000000 9127.000000 
9401.000000 9150.000000 
9417.000000 9101.000000 
9463.000000 9066.000000 
9485.000000 9001.000000 
9482.000000 9008.000000 
9497.000000 8965.000000 
9498.000000 8960.000000 
9493.000000 8983.000000 
9505.000000 8914.000000 
9509.000000 8896.000000 
9529.000000 8814.000000 
9517.000000 8883.000000 
9550.000000 8797.000000 
9555.000000 8783.000000 
9145.000000 9416.000000 
8935.000000 9565.000000 
8710.000000 9665.000000 
8707.000000 9667.000000 
8660.000000 9689.000000 
8698.000000 9668.000000 
8639.000000 9701.000000 
8621.000000 9706.000000 
8609.000000 9714.000000 
8789.000000 9656.000000 
8738.000000 9661.000000 
8745.000000 9658.000000 
8807.000000 9639.000000 
8849.000000 9621.000000 
8886.000000 9598.000000 
8874.000000 9604.000000 
8855.000000 9615.000000 
8909.000000 9590.000000 
8923.000000 9567.000000 
8919.000000 9575.000000 
8964.000000 9542.000000 
8943.000000 9562.000000 
8945.000000 9560.000000 
8954.000000 9559.000000 
9056.000000 9494.000000 
9057.000000 9483.000000 
9125.000000 9441.000000 
9118.000000 9444.000000 
9173.000000 9398.000000 
9199.000000 9354.000000 
9207.000000 9350.000000 
9233.000000 9318.000000 
9279.000000 9302.000000 
9269.000000 9315.000000 
9288.000000 9286.000000 
9298.000000 9273.000000 
9303.000000 9269.000000 
9428.000000 9087.000000 
9434.000000 9081.000000 
9427.000000 9099.000000 
9467.000000 9060.000000 
9476.000000 9049.000000 
9460.000000 9078.000000 
9477.000000 9027.000000 
9504.000000 8942.000000 
