7.212000000000000000e+03 8.550000000000000000e+03
7.632000000000000000e+03 8.501000000000000000e+03
7.776000000000000000e+03 8.483000000000000000e+03
7.896000000000000000e+03 8.413000000000000000e+03
8.019000000000000000e+03 8.376000000000000000e+03
8.109000000000000000e+03 8.283000000000000000e+03
8.118000000000000000e+03 8.239000000000000000e+03
8.154000000000000000e+03 8.216000000000000000e+03
8.242000000000000000e+03 8.075000000000000000e+03
8.247000000000000000e+03 8.046000000000000000e+03
8.250000000000000000e+03 8.009000000000000000e+03
8.270000000000000000e+03 7.867000000000000000e+03
8.333000000000000000e+03 7.731000000000000000e+03
8.357000000000000000e+03 7.705000000000000000e+03
