
7880.000000 10007.000000 
7926.000000 10002.000000 
7975.000000 9990.000000 
8088.000000 9969.000000 
8145.000000 9947.000000 
8041.000000 9983.000000 
8095.000000 9967.000000 
8099.000000 9964.000000 
8122.000000 9954.000000 
8167.000000 9945.000000 
8181.000000 9935.000000 
8180.000000 9939.000000 
8137.000000 9949.000000 
8191.000000 9930.000000 
8263.000000 9900.000000 
8262.000000 9902.000000 
8254.000000 9920.000000 
8267.000000 9898.000000 
8293.000000 9889.000000 
8302.000000 9885.000000 
8303.000000 9879.000000 
8308.000000 9875.000000 
8314.000000 9863.000000 
8318.000000 9853.000000 
8323.000000 9824.000000 
8407.000000 9795.000000 
8401.000000 9805.000000 
8446.000000 9785.000000 
8518.000000 9763.000000 
8919.000000 9543.000000 
9020.000000 9465.000000 
9007.000000 9486.000000 
9018.000000 9483.000000 
9082.000000 9427.000000 
9049.000000 9448.000000 
9083.000000 9418.000000 
9176.000000 9344.000000 
9121.000000 9390.000000 
9161.000000 9360.000000 
9192.000000 9326.000000 
9225.000000 9304.000000 
9262.000000 9267.000000 
9426.000000 9055.000000 
9484.000000 8990.000000 
9510.000000 8956.000000 
9531.000000 8926.000000 
9590.000000 8808.000000 
9616.000000 8792.000000 
9619.000000 8741.000000 
9621.000000 8737.000000 
9635.000000 8732.000000 
9623.000000 8734.000000 
9651.000000 8699.000000 
9656.000000 8658.000000 
9655.000000 8672.000000 
9676.000000 8625.000000 
9687.000000 8612.000000 
9672.000000 8642.000000 
9698.000000 8549.000000 
9702.000000 8539.000000 
9697.000000 8569.000000 
9693.000000 8584.000000 
9746.000000 8339.000000 
9749.000000 8323.000000 
9822.000000 8068.000000 
9824.000000 7956.000000 
8541.000000 9745.000000 
8613.000000 9719.000000 
8570.000000 9738.000000 
8594.000000 9727.000000 
8572.000000 9736.000000 
8697.000000 9694.000000 
8676.000000 9696.000000 
8657.000000 9716.000000 
8754.000000 9673.000000 
8791.000000 9656.000000 
8760.000000 9664.000000 
8761.000000 9657.000000 
8821.000000 9640.000000 
8851.000000 9612.000000 
8858.000000 9603.000000 
8908.000000 9551.000000 
8885.000000 9569.000000 
8875.000000 9581.000000 
8914.000000 9544.000000 
8898.000000 9566.000000 
8933.000000 9537.000000 
8904.000000 9555.000000 
8926.000000 9541.000000 
8900.000000 9565.000000 
8949.000000 9525.000000 
8959.000000 9512.000000 
8978.000000 9506.000000 
9051.000000 9440.000000 
9093.000000 9410.000000 
9063.000000 9428.000000 
9095.000000 9408.000000 
9106.000000 9397.000000 
9086.000000 9414.000000 
9123.000000 9388.000000 
9102.000000 9402.000000 
9189.000000 9337.000000 
9160.000000 9384.000000 
9237.000000 9287.000000 
9270.000000 9254.000000 
9258.000000 9273.000000 
9247.000000 9278.000000 
9234.000000 9295.000000 
9299.000000 9243.000000 
9313.000000 9229.000000 
9326.000000 9205.000000 
9329.000000 9199.000000 
9328.000000 9203.000000 
9350.000000 9187.000000 
9349.000000 9194.000000 
9370.000000 9178.000000 
9372.000000 9165.000000 
9360.000000 9182.000000 
9380.000000 9155.000000 
9393.000000 9147.000000 
9419.000000 9081.000000 
9409.000000 9105.000000 
9469.000000 9042.000000 
9490.000000 8972.000000 
9478.000000 8997.000000 
9487.000000 8978.000000 
9473.000000 9001.000000 
9589.000000 8827.000000 
9518.000000 8950.000000 
9578.000000 8845.000000 
9557.000000 8914.000000 
9565.000000 8859.000000 
9594.000000 8803.000000 
9571.000000 8855.000000 
9675.000000 8631.000000 
9718.000000 8499.000000 
9730.000000 8463.000000 
9729.000000 8464.000000 
9726.000000 8471.000000 
9736.000000 8415.000000 
9734.000000 8460.000000 
9725.000000 8473.000000 
9744.000000 8386.000000 
9754.000000 8293.000000 
9759.000000 8260.000000 
9779.000000 8235.000000 
9793.000000 8140.000000 
9791.000000 8161.000000 
9800.000000 8128.000000 

7809.000000 9958.000000 
7810.000000 9956.000000 
7726.000000 9987.000000 
7518.000000 9994.000000 
7790.000000 9985.000000 
8552.000000 9794.000000 
8553.000000 9775.000000 
8533.000000 9821.000000 
8544.000000 9818.000000 
8503.000000 9822.000000 
7819.000000 9949.000000 
8286.000000 9897.000000 
8314.000000 9870.000000 
9031.000000 9479.000000 
9215.000000 9321.000000 
9243.000000 9250.000000 
9654.000000 8604.000000 
9750.000000 8355.000000 
9742.000000 8411.000000 
9737.000000 8433.000000 
9751.000000 8277.000000 
9719.000000 8477.000000 
9759.000000 8209.000000 
9760.000000 8202.000000 
9738.000000 8419.000000 
9712.000000 8485.000000 
9752.000000 8265.000000 
9754.000000 8226.000000 
9782.000000 8096.000000 
9787.000000 8082.000000 
9804.000000 7965.000000 
9798.000000 8023.000000 
8016.000000 9944.000000 
7985.000000 9945.000000 
7951.000000 9947.000000 
8042.000000 9943.000000 
8135.000000 9926.000000 
8125.000000 9933.000000 
8100.000000 9934.000000 
8099.000000 9941.000000 
8156.000000 9921.000000 
8253.000000 9907.000000 
8291.000000 9894.000000 
8211.000000 9911.000000 
8208.000000 9920.000000 
8356.000000 9866.000000 
8302.000000 9878.000000 
8365.000000 9858.000000 
8360.000000 9861.000000 
8381.000000 9849.000000 
8454.000000 9824.000000 
8428.000000 9839.000000 
8438.000000 9833.000000 
8447.000000 9826.000000 
8608.000000 9741.000000 
8604.000000 9764.000000 
8705.000000 9726.000000 
8698.000000 9734.000000 
8714.000000 9725.000000 
8723.000000 9711.000000 
8721.000000 9713.000000 
8703.000000 9728.000000 
8720.000000 9715.000000 
8741.000000 9693.000000 
8732.000000 9705.000000 
8755.000000 9679.000000 
8748.000000 9681.000000 
8763.000000 9661.000000 
8778.000000 9656.000000 
8826.000000 9631.000000 
8839.000000 9624.000000 
8824.000000 9633.000000 
8843.000000 9621.000000 
8845.000000 9619.000000 
8866.000000 9614.000000 
8876.000000 9610.000000 
8890.000000 9595.000000 
8911.000000 9574.000000 
8903.000000 9582.000000 
8946.000000 9552.000000 
8980.000000 9533.000000 
8935.000000 9568.000000 
8940.000000 9559.000000 
8962.000000 9534.000000 
9038.000000 9473.000000 
9011.000000 9513.000000 
9002.000000 9516.000000 
9012.000000 9487.000000 
9082.000000 9436.000000 
9067.000000 9455.000000 
9087.000000 9429.000000 
9114.000000 9422.000000 
9133.000000 9413.000000 
9137.000000 9398.000000 
9144.000000 9378.000000 
9153.000000 9371.000000 
9176.000000 9345.000000 
9158.000000 9351.000000 
9261.000000 9228.000000 
9291.000000 9209.000000 
9250.000000 9236.000000 
9242.000000 9268.000000 
9353.000000 9172.000000 
9340.000000 9208.000000 
9346.000000 9187.000000 
9367.000000 9147.000000 
9362.000000 9161.000000 
9372.000000 9145.000000 
9384.000000 9126.000000 
9402.000000 9066.000000 
9398.000000 9112.000000 
9399.000000 9069.000000 
9419.000000 9036.000000 
9464.000000 9021.000000 
9467.000000 8987.000000 
9472.000000 8938.000000 
9505.000000 8892.000000 
9498.000000 8910.000000 
9522.000000 8836.000000 
9548.000000 8826.000000 
9574.000000 8818.000000 
9605.000000 8767.000000 
9588.000000 8793.000000 
9610.000000 8732.000000 
9630.000000 8725.000000 
9639.000000 8659.000000 
9638.000000 8669.000000 
9633.000000 8673.000000 
9644.000000 8624.000000 
9646.000000 8617.000000 
9664.000000 8578.000000 
9697.000000 8535.000000 
9688.000000 8546.000000 
9662.000000 8589.000000 
9666.000000 8575.000000 
9668.000000 8554.000000 
9765.000000 8189.000000 
9756.000000 8215.000000 
9773.000000 8156.000000 
9777.000000 8113.000000 

9772.000000 7919.000000 
7839.000000 9981.000000 
7824.000000 9985.000000 
7758.000000 10004.000000 
7822.000000 9997.000000 
7908.000000 9979.000000 
8008.000000 9975.000000 
8052.000000 9963.000000 
8145.000000 9943.000000 
8135.000000 9958.000000 
8178.000000 9931.000000 
8185.000000 9930.000000 
8203.000000 9915.000000 
8193.000000 9918.000000 
8283.000000 9913.000000 
8333.000000 9892.000000 
8334.000000 9881.000000 
8301.000000 9896.000000 
8359.000000 9879.000000 
8377.000000 9864.000000 
8450.000000 9842.000000 
8406.000000 9854.000000 
8414.000000 9847.000000 
8393.000000 9859.000000 
8509.000000 9789.000000 
8498.000000 9808.000000 
8525.000000 9788.000000 
8607.000000 9787.000000 
8627.000000 9764.000000 
8687.000000 9740.000000 
8635.000000 9762.000000 
8650.000000 9757.000000 
9385.000000 9149.000000 
9359.000000 9157.000000 
9393.000000 9134.000000 
9395.000000 9120.000000 
9448.000000 9066.000000 
9413.000000 9118.000000 
9418.000000 9100.000000 
9437.000000 9074.000000 
9436.000000 9099.000000 
9454.000000 9052.000000 
9474.000000 9010.000000 
9512.000000 8961.000000 
9496.000000 8990.000000 
9487.000000 9001.000000 
9516.000000 8946.000000 
9552.000000 8881.000000 
9565.000000 8853.000000 
9592.000000 8800.000000 
9605.000000 8759.000000 
9599.000000 8792.000000 
9604.000000 8780.000000 
9642.000000 8654.000000 
9652.000000 8644.000000 
9663.000000 8620.000000 
9725.000000 8418.000000 
9738.000000 8344.000000 
9740.000000 8332.000000 
9747.000000 8305.000000 
9728.000000 8385.000000 
9765.000000 8295.000000 
9023.000000 9446.000000 
8741.000000 9680.000000 
8725.000000 9686.000000 
8796.000000 9649.000000 
8764.000000 9678.000000 
8735.000000 9683.000000 
8724.000000 9705.000000 
8789.000000 9661.000000 
8771.000000 9676.000000 
8842.000000 9642.000000 
8832.000000 9647.000000 
8858.000000 9640.000000 
8872.000000 9623.000000 
8863.000000 9631.000000 
8892.000000 9621.000000 
8895.000000 9610.000000 
8963.000000 9567.000000 
8928.000000 9596.000000 
8918.000000 9609.000000 
8958.000000 9579.000000 
9003.000000 9542.000000 
8947.000000 9585.000000 
8976.000000 9560.000000 
9014.000000 9539.000000 
8993.000000 9546.000000 
9018.000000 9521.000000 
9122.000000 9390.000000 
9113.000000 9420.000000 
9164.000000 9380.000000 
9193.000000 9357.000000 
9233.000000 9293.000000 
9206.000000 9327.000000 
9226.000000 9309.000000 
9245.000000 9273.000000 
9259.000000 9261.000000 
9292.000000 9241.000000 
9273.000000 9256.000000 
9312.000000 9194.000000 
9295.000000 9238.000000 
9299.000000 9218.000000 
9348.000000 9164.000000 
9341.000000 9170.000000 
9333.000000 9185.000000 
9531.000000 8910.000000 
9536.000000 8897.000000 
9559.000000 8873.000000 
9577.000000 8820.000000 
9569.000000 8824.000000 
9567.000000 8842.000000 
9619.000000 8729.000000 
9620.000000 8697.000000 
9638.000000 8695.000000 
9669.000000 8536.000000 
9694.000000 8529.000000 
9703.000000 8498.000000 
9709.000000 8483.000000 
9713.000000 8436.000000 
9724.000000 8429.000000 
9771.000000 8155.000000 
9769.000000 8241.000000 

9790.000000 7959.000000 
9797.000000 7822.000000 
7631.000000 10009.000000 
7654.000000 10007.000000 
7500.000000 10017.000000 
7744.000000 9999.000000 
7702.000000 10005.000000 
7784.000000 9998.000000 
7817.000000 9988.000000 
7974.000000 9975.000000 
7930.000000 9986.000000 
8192.000000 9932.000000 
8144.000000 9939.000000 
8212.000000 9927.000000 
8293.000000 9913.000000 
8275.000000 9916.000000 
8320.000000 9905.000000 
8333.000000 9897.000000 
8416.000000 9895.000000 
8379.000000 9896.000000 
8436.000000 9864.000000 
8434.000000 9880.000000 
8488.000000 9837.000000 
8534.000000 9826.000000 
8490.000000 9831.000000 
8535.000000 9816.000000 
8579.000000 9790.000000 
8644.000000 9764.000000 
8622.000000 9782.000000 
8617.000000 9789.000000 
8634.000000 9766.000000 
8645.000000 9749.000000 
8658.000000 9729.000000 
8673.000000 9727.000000 
8705.000000 9704.000000 
8694.000000 9715.000000 
8683.000000 9718.000000 
8779.000000 9671.000000 
8781.000000 9661.000000 
8788.000000 9654.000000 
8830.000000 9651.000000 
8882.000000 9605.000000 
8864.000000 9626.000000 
8880.000000 9619.000000 
8924.000000 9574.000000 
8912.000000 9580.000000 
8911.000000 9596.000000 
8995.000000 9533.000000 
8949.000000 9555.000000 
8933.000000 9557.000000 
9012.000000 9521.000000 
9024.000000 9499.000000 
9010.000000 9526.000000 
9033.000000 9494.000000 
9021.000000 9501.000000 
9047.000000 9483.000000 
9067.000000 9477.000000 
9123.000000 9444.000000 
9106.000000 9448.000000 
9102.000000 9455.000000 
9096.000000 9473.000000 
9101.000000 9464.000000 
9124.000000 9423.000000 
9135.000000 9415.000000 
9136.000000 9391.000000 
9162.000000 9383.000000 
9145.000000 9387.000000 
9164.000000 9345.000000 
9202.000000 9344.000000 
9218.000000 9313.000000 
9272.000000 9245.000000 
9247.000000 9294.000000 
9250.000000 9277.000000 
9327.000000 9185.000000 
9328.000000 9184.000000 
9308.000000 9201.000000 
9359.000000 9175.000000 
9375.000000 9137.000000 
9370.000000 9141.000000 
9399.000000 9119.000000 
9393.000000 9122.000000 
9400.000000 9096.000000 
9388.000000 9124.000000 
9417.000000 9083.000000 
9422.000000 9079.000000 
9424.000000 9063.000000 
9385.000000 9133.000000 
9565.000000 8877.000000 
9611.000000 8746.000000 
9683.000000 8607.000000 
9674.000000 8645.000000 
9628.000000 8681.000000 
9654.000000 8677.000000 
9590.000000 8804.000000 
9575.000000 8855.000000 
9509.000000 8972.000000 
9476.000000 9042.000000 
9499.000000 9007.000000 
9486.000000 9029.000000 
9477.000000 9036.000000 
9502.000000 9000.000000 
9475.000000 9051.000000 
9479.000000 9035.000000 
9492.000000 9013.000000 
9466.000000 9055.000000 
9512.000000 8971.000000 
9491.000000 9022.000000 
9515.000000 8959.000000 
9543.000000 8900.000000 
9556.000000 8884.000000 
9526.000000 8952.000000 
9534.000000 8913.000000 
9578.000000 8835.000000 
9528.000000 8935.000000 
9536.000000 8902.000000 
9609.000000 8757.000000 
9607.000000 8792.000000 
9621.000000 8733.000000 
9619.000000 8735.000000 
9625.000000 8720.000000 
9631.000000 8678.000000 
9686.000000 8500.000000 
9687.000000 8456.000000 
9710.000000 8374.000000 
9709.000000 8409.000000 
9696.000000 8423.000000 
9730.000000 8327.000000 
9749.000000 8272.000000 
9744.000000 8283.000000 
9728.000000 8371.000000 
9739.000000 8296.000000 
9760.000000 8237.000000 
9750.000000 8250.000000 
9770.000000 8226.000000 
9757.000000 8247.000000 
9780.000000 8139.000000 
9778.000000 8181.000000 
9772.000000 8217.000000 

9824.000000 8075.000000 
9860.000000 7924.000000 
9861.000000 7776.000000 
9846.000000 7975.000000 
9856.000000 7952.000000 
7949.000000 9948.000000 
7957.000000 9939.000000 
7919.000000 9949.000000 
7733.000000 9989.000000 
7716.000000 9997.000000 
7746.000000 9985.000000 
7798.000000 9983.000000 
8152.000000 9911.000000 
8241.000000 9891.000000 
8220.000000 9910.000000 
8221.000000 9897.000000 
8238.000000 9895.000000 
8267.000000 9886.000000 
8252.000000 9890.000000 
8286.000000 9872.000000 
8312.000000 9870.000000 
8279.000000 9878.000000 
8383.000000 9867.000000 
8412.000000 9857.000000 
8413.000000 9847.000000 
8462.000000 9843.000000 
8485.000000 9818.000000 
8476.000000 9839.000000 
8583.000000 9788.000000 
8585.000000 9786.000000 
8632.000000 9757.000000 
8636.000000 9749.000000 
8688.000000 9726.000000 
9048.000000 9465.000000 
9091.000000 9417.000000 
9086.000000 9427.000000 
9262.000000 9270.000000 
9317.000000 9225.000000 
9385.000000 9054.000000 
9384.000000 9086.000000 
9430.000000 9027.000000 
9457.000000 8987.000000 
9487.000000 8960.000000 
9531.000000 8900.000000 
9541.000000 8882.000000 
9608.000000 8772.000000 
9590.000000 8806.000000 
9618.000000 8740.000000 
9610.000000 8761.000000 
9639.000000 8681.000000 
9628.000000 8735.000000 
9631.000000 8714.000000 
9755.000000 8275.000000 
9799.000000 8083.000000 
9798.000000 8095.000000 
9780.000000 8234.000000 
9792.000000 8156.000000 
9783.000000 8178.000000 
9804.000000 8080.000000 
9843.000000 7995.000000 
9830.000000 8021.000000 
8761.000000 9680.000000 
8738.000000 9683.000000 
8736.000000 9698.000000 
8714.000000 9714.000000 
8849.000000 9636.000000 
8820.000000 9659.000000 
8818.000000 9673.000000 
9528.000000 8915.000000 
9538.000000 8892.000000 
9533.000000 8893.000000 
8847.000000 9650.000000 
8865.000000 9635.000000 
8878.000000 9633.000000 
8925.000000 9587.000000 
8919.000000 9606.000000 
8943.000000 9579.000000 
8924.000000 9590.000000 
8991.000000 9555.000000 
9001.000000 9542.000000 
9017.000000 9525.000000 
9033.000000 9508.000000 
9029.000000 9515.000000 
9035.000000 9489.000000 
9057.000000 9464.000000 
9085.000000 9453.000000 
9143.000000 9359.000000 
9121.000000 9409.000000 
9177.000000 9351.000000 
9200.000000 9325.000000 
9192.000000 9342.000000 
9185.000000 9344.000000 
9254.000000 9283.000000 
9222.000000 9299.000000 
9300.000000 9226.000000 
9284.000000 9268.000000 
9295.000000 9243.000000 
9289.000000 9261.000000 
9347.000000 9154.000000 
9360.000000 9111.000000 
9335.000000 9174.000000 
9332.000000 9197.000000 
9359.000000 9140.000000 
9426.000000 9044.000000 
9416.000000 9047.000000 
9486.000000 8967.000000 
9463.000000 8971.000000 
9453.000000 9012.000000 
9446.000000 9023.000000 
9508.000000 8948.000000 
9540.000000 8884.000000 
9527.000000 8932.000000 
9549.000000 8878.000000 
9585.000000 8807.000000 
9566.000000 8859.000000 
9583.000000 8816.000000 
9580.000000 8836.000000 
9559.000000 8877.000000 
9561.000000 8871.000000 
9569.000000 8837.000000 
9592.000000 8788.000000 
9596.000000 8774.000000 
9638.000000 8682.000000 
9634.000000 8687.000000 
9633.000000 8691.000000 
9652.000000 8671.000000 
9665.000000 8624.000000 
9688.000000 8606.000000 
9714.000000 8508.000000 
9704.000000 8514.000000 
9745.000000 8419.000000 
9724.000000 8488.000000 
9726.000000 8441.000000 

9809.000000 8018.000000 
9791.000000 8138.000000 
9794.000000 8074.000000 
8116.000000 9954.000000 
8162.000000 9927.000000 
8684.000000 9716.000000 
8701.000000 9704.000000 
8677.000000 9734.000000 
8680.000000 9722.000000 
8662.000000 9751.000000 
9291.000000 9198.000000 
9272.000000 9211.000000 
8291.000000 9867.000000 
8298.000000 9854.000000 
8284.000000 9870.000000 
8281.000000 9874.000000 
8349.000000 9852.000000 
8350.000000 9847.000000 
8356.000000 9837.000000 
8358.000000 9830.000000 
8416.000000 9827.000000 
8460.000000 9815.000000 
8421.000000 9824.000000 
8474.000000 9802.000000 
8464.000000 9810.000000 
8507.000000 9800.000000 
8528.000000 9795.000000 
8562.000000 9764.000000 
8549.000000 9779.000000 
8558.000000 9768.000000 
8723.000000 9696.000000 
8781.000000 9649.000000 
8755.000000 9683.000000 
8730.000000 9685.000000 
8799.000000 9634.000000 
8782.000000 9641.000000 
8880.000000 9571.000000 
8887.000000 9545.000000 
8955.000000 9513.000000 
8942.000000 9541.000000 
8977.000000 9508.000000 
8979.000000 9502.000000 
8952.000000 9529.000000 
8951.000000 9540.000000 
8980.000000 9498.000000 
9038.000000 9454.000000 
9070.000000 9438.000000 
9075.000000 9428.000000 
9091.000000 9408.000000 
9071.000000 9435.000000 
9090.000000 9425.000000 
9122.000000 9405.000000 
9133.000000 9401.000000 
9280.000000 9200.000000 
9353.000000 9128.000000 
9381.000000 9094.000000 
9365.000000 9108.000000 
9391.000000 9080.000000 
9389.000000 9086.000000 
9402.000000 9070.000000 
9436.000000 9065.000000 
9442.000000 9047.000000 
9460.000000 9021.000000 
9465.000000 8984.000000 
9457.000000 9042.000000 
9454.000000 9044.000000 
9458.000000 9022.000000 
9475.000000 8977.000000 
9487.000000 8941.000000 
9466.000000 8981.000000 
9479.000000 8975.000000 
9480.000000 8971.000000 
9527.000000 8907.000000 
9550.000000 8847.000000 
9538.000000 8885.000000 
9525.000000 8939.000000 
9553.000000 8830.000000 
9751.000000 8376.000000 
9750.000000 8380.000000 
7730.000000 10023.000000 
7777.000000 10013.000000 
7728.000000 10036.000000 
7732.000000 10014.000000 
7841.000000 9984.000000 
7788.000000 10010.000000 
7892.000000 9977.000000 
7848.000000 9981.000000 
7832.000000 9991.000000 
7827.000000 9993.000000 
7912.000000 9966.000000 
8093.000000 9960.000000 
8138.000000 9940.000000 
8159.000000 9936.000000 
9228.000000 9294.000000 
9223.000000 9318.000000 
9236.000000 9280.000000 
9198.000000 9360.000000 
9205.000000 9352.000000 
9188.000000 9381.000000 
9213.000000 9346.000000 
9017.000000 9466.000000 
9015.000000 9488.000000 
9222.000000 9334.000000 
9581.000000 8815.000000 
9590.000000 8796.000000 
9266.000000 9236.000000 
9246.000000 9277.000000 
9260.000000 9254.000000 
9332.000000 9146.000000 
9324.000000 9154.000000 
9322.000000 9176.000000 
9310.000000 9189.000000 
9330.000000 9150.000000 
9609.000000 8788.000000 
9593.000000 8795.000000 
9358.000000 9116.000000 
9366.000000 9097.000000 
9618.000000 8766.000000 
9625.000000 8751.000000 
9401.000000 9074.000000 
9636.000000 8742.000000 
9616.000000 8768.000000 
9659.000000 8662.000000 
9645.000000 8722.000000 
9656.000000 8677.000000 
9682.000000 8602.000000 
9695.000000 8582.000000 
9670.000000 8654.000000 
9711.000000 8530.000000 
9739.000000 8477.000000 
9740.000000 8436.000000 
9737.000000 8511.000000 
9745.000000 8423.000000 
9706.000000 8560.000000 
9760.000000 8273.000000 
9782.000000 8196.000000 
9783.000000 8153.000000 
9773.000000 8204.000000 
9772.000000 8255.000000 

9755.000000 8293.000000 
9751.000000 8316.000000 
9759.000000 8272.000000 
9821.000000 8123.000000 
9810.000000 8145.000000 
9809.000000 8256.000000 
7959.000000 9992.000000 
7930.000000 9995.000000 
7831.000000 10009.000000 
7739.000000 10015.000000 
7896.000000 10003.000000 
7817.000000 10011.000000 
7861.000000 10008.000000 
7885.000000 10006.000000 
7900.000000 9999.000000 
8137.000000 9947.000000 
8082.000000 9955.000000 
8215.000000 9923.000000 
8148.000000 9939.000000 
8172.000000 9933.000000 
8416.000000 9867.000000 
8373.000000 9877.000000 
8472.000000 9837.000000 
8445.000000 9840.000000 
8524.000000 9816.000000 
8551.000000 9805.000000 
8547.000000 9815.000000 
8570.000000 9803.000000 
8577.000000 9757.000000 
8588.000000 9754.000000 
8598.000000 9752.000000 
8647.000000 9738.000000 
8652.000000 9734.000000 
8678.000000 9713.000000 
8622.000000 9746.000000 
8621.000000 9748.000000 
8737.000000 9690.000000 
8746.000000 9682.000000 
8741.000000 9686.000000 
8773.000000 9674.000000 
8786.000000 9671.000000 
8800.000000 9644.000000 
8809.000000 9637.000000 
8838.000000 9623.000000 
8890.000000 9592.000000 
8851.000000 9604.000000 
8848.000000 9616.000000 
8901.000000 9570.000000 
8850.000000 9608.000000 
8845.000000 9617.000000 
8897.000000 9580.000000 
8888.000000 9594.000000 
8953.000000 9543.000000 
8984.000000 9514.000000 
8955.000000 9527.000000 
9092.000000 9436.000000 
9063.000000 9476.000000 
9070.000000 9458.000000 
9115.000000 9394.000000 
9103.000000 9414.000000 
9102.000000 9423.000000 
9110.000000 9395.000000 
9125.000000 9381.000000 
9186.000000 9297.000000 
9166.000000 9340.000000 
9223.000000 9295.000000 
9251.000000 9270.000000 
9228.000000 9294.000000 
9254.000000 9264.000000 
9158.000000 9373.000000 
9183.000000 9300.000000 
9180.000000 9313.000000 
9303.000000 9176.000000 
9270.000000 9213.000000 
9304.000000 9162.000000 
9292.000000 9198.000000 
9274.000000 9199.000000 
9348.000000 9116.000000 
9357.000000 9114.000000 
9345.000000 9150.000000 
9372.000000 9113.000000 
9375.000000 9108.000000 
9384.000000 9099.000000 
9403.000000 9087.000000 
9443.000000 9065.000000 
9472.000000 8990.000000 
9484.000000 8972.000000 
9460.000000 9007.000000 
9475.000000 8983.000000 
9496.000000 8959.000000 
9516.000000 8910.000000 
9643.000000 8699.000000 
9711.000000 8412.000000 
9716.000000 8411.000000 
9708.000000 8425.000000 
9739.000000 8380.000000 
9743.000000 8351.000000 
9749.000000 8321.000000 
9745.000000 8338.000000 
9750.000000 8317.000000 
9747.000000 8325.000000 
9746.000000 8330.000000 
9760.000000 8260.000000 
9841.000000 8001.000000 
9837.000000 8044.000000 
7650.000000 10030.000000 
7630.000000 10037.000000 
7661.000000 10029.000000 
7674.000000 10021.000000 
7717.000000 10016.000000 
7783.000000 10014.000000 
8903.000000 9561.000000 
8278.000000 9922.000000 
8309.000000 9905.000000 
8933.000000 9550.000000 
8926.000000 9560.000000 
8306.000000 9915.000000 
8331.000000 9898.000000 
8316.000000 9902.000000 
8324.000000 9900.000000 
8365.000000 9888.000000 
8422.000000 9853.000000 
8441.000000 9841.000000 
8488.000000 9828.000000 
9574.000000 8838.000000 
9600.000000 8802.000000 
9583.000000 8837.000000 
9541.000000 8882.000000 
9539.000000 8885.000000 
9573.000000 8842.000000 
9549.000000 8874.000000 
9535.000000 8889.000000 
9542.000000 8879.000000 
9566.000000 8869.000000 
9568.000000 8851.000000 
9569.000000 8849.000000 
9561.000000 8871.000000 
9586.000000 8836.000000 
9598.000000 8817.000000 
9620.000000 8756.000000 
9616.000000 8798.000000 
9623.000000 8753.000000 
9638.000000 8718.000000 
9628.000000 8731.000000 
9655.000000 8680.000000 
9651.000000 8691.000000 
9652.000000 8687.000000 
9617.000000 8766.000000 
9659.000000 8649.000000 
9662.000000 8646.000000 
9676.000000 8628.000000 
9666.000000 8636.000000 
9691.000000 8583.000000 
9665.000000 8639.000000 

9738.000000 8403.000000 
9766.000000 8291.000000 
9764.000000 8302.000000 
9784.000000 8141.000000 
9779.000000 8176.000000 
9769.000000 8268.000000 
9778.000000 8229.000000 
9749.000000 8356.000000 
9760.000000 8326.000000 
9746.000000 8395.000000 
9759.000000 8354.000000 
8846.000000 9636.000000 
8856.000000 9635.000000 
8873.000000 9619.000000 
8889.000000 9610.000000 
8898.000000 9594.000000 
8926.000000 9579.000000 
8940.000000 9571.000000 
8958.000000 9559.000000 
8962.000000 9544.000000 
8965.000000 9540.000000 
8978.000000 9538.000000 
9011.000000 9527.000000 
9067.000000 9457.000000 
9198.000000 9327.000000 
9227.000000 9316.000000 
9211.000000 9318.000000 
9184.000000 9383.000000 
9245.000000 9305.000000 
9301.000000 9239.000000 
9298.000000 9242.000000 
9339.000000 9212.000000 
9311.000000 9230.000000 
9315.000000 9215.000000 
9312.000000 9217.000000 
9343.000000 9170.000000 
9346.000000 9167.000000 
9366.000000 9142.000000 
9342.000000 9200.000000 
9347.000000 9162.000000 
9348.000000 9161.000000 
9357.000000 9157.000000 
9424.000000 9078.000000 
9502.000000 8939.000000 
9497.000000 8974.000000 
9500.000000 8948.000000 
9518.000000 8892.000000 
9587.000000 8790.000000 
9660.000000 8588.000000 
9629.000000 8701.000000 
9720.000000 8472.000000 
9662.000000 8551.000000 
9664.000000 8545.000000 
9686.000000 8495.000000 
9683.000000 8530.000000 
9692.000000 8477.000000 
9681.000000 8540.000000 
7650.000000 10009.000000 
7584.000000 10014.000000 
7590.000000 10012.000000 
7666.000000 10000.000000 
7690.000000 9999.000000 
7791.000000 9993.000000 
7710.000000 9998.000000 
7816.000000 9976.000000 
7822.000000 9974.000000 
7806.000000 9979.000000 
7909.000000 9973.000000 
8048.000000 9962.000000 
8012.000000 9968.000000 
8076.000000 9953.000000 
8056.000000 9961.000000 
8045.000000 9965.000000 
8130.000000 9938.000000 
8149.000000 9931.000000 
8125.000000 9940.000000 
8118.000000 9943.000000 
8132.000000 9933.000000 
8241.000000 9930.000000 
8277.000000 9927.000000 
8304.000000 9924.000000 
8317.000000 9910.000000 
8334.000000 9901.000000 
8338.000000 9898.000000 
8329.000000 9907.000000 
8364.000000 9896.000000 
8340.000000 9897.000000 
8367.000000 9881.000000 
8391.000000 9868.000000 
8439.000000 9854.000000 
8447.000000 9842.000000 
8555.000000 9805.000000 
8534.000000 9825.000000 
8541.000000 9809.000000 
8622.000000 9776.000000 
8600.000000 9780.000000 
8595.000000 9789.000000 
8591.000000 9795.000000 
8689.000000 9756.000000 
8709.000000 9737.000000 
8685.000000 9757.000000 
8749.000000 9699.000000 
8729.000000 9722.000000 
8787.000000 9680.000000 
8747.000000 9713.000000 
8753.000000 9690.000000 
8769.000000 9681.000000 
8842.000000 9666.000000 
8822.000000 9675.000000 
8839.000000 9671.000000 
8844.000000 9644.000000 
9015.000000 9493.000000 
9014.000000 9508.000000 
9063.000000 9465.000000 
9052.000000 9483.000000 
9061.000000 9467.000000 
9058.000000 9471.000000 
9068.000000 9444.000000 
9087.000000 9432.000000 
9086.000000 9441.000000 
9150.000000 9427.000000 
9155.000000 9420.000000 
9165.000000 9397.000000 
9156.000000 9405.000000 
9194.000000 9365.000000 
9161.000000 9404.000000 
9283.000000 9273.000000 
9280.000000 9278.000000 
9293.000000 9260.000000 
9271.000000 9294.000000 
9290.000000 9265.000000 
9391.000000 9132.000000 
9406.000000 9111.000000 
9439.000000 9063.000000 
9421.000000 9079.000000 
9447.000000 9033.000000 
9454.000000 9027.000000 
9461.000000 9008.000000 
9471.000000 8989.000000 
9466.000000 9001.000000 
9469.000000 8997.000000 
9464.000000 9004.000000 
9478.000000 8988.000000 
9513.000000 8937.000000 
9491.000000 8976.000000 
9498.000000 8965.000000 
9530.000000 8883.000000 
9577.000000 8809.000000 
9555.000000 8860.000000 
9570.000000 8833.000000 
9552.000000 8872.000000 
9557.000000 8839.000000 
9580.000000 8801.000000 
9607.000000 8772.000000 
9597.000000 8779.000000 
9625.000000 8741.000000 
9652.000000 8671.000000 

9784.000000 8279.000000 
9808.000000 8184.000000 
9799.000000 8254.000000 
9780.000000 8281.000000 
9800.000000 8194.000000 
9789.000000 8267.000000 
7749.000000 10028.000000 
7845.000000 10014.000000 
7848.000000 10006.000000 
7868.000000 10002.000000 
7831.000000 10022.000000 
7928.000000 9997.000000 
7918.000000 9998.000000 
7948.000000 9988.000000 
7987.000000 9983.000000 
8076.000000 9971.000000 
8037.000000 9976.000000 
8166.000000 9952.000000 
8135.000000 9960.000000 
8187.000000 9943.000000 
8210.000000 9933.000000 
8218.000000 9923.000000 
8243.000000 9918.000000 
8250.000000 9911.000000 
8290.000000 9908.000000 
8259.000000 9910.000000 
8318.000000 9902.000000 
8321.000000 9887.000000 
8300.000000 9907.000000 
8351.000000 9875.000000 
8394.000000 9863.000000 
8421.000000 9862.000000 
8385.000000 9871.000000 
8422.000000 9851.000000 
8470.000000 9849.000000 
8506.000000 9848.000000 
8598.000000 9771.000000 
8622.000000 9754.000000 
8635.000000 9752.000000 
8607.000000 9766.000000 
8618.000000 9765.000000 
8604.000000 9769.000000 
8667.000000 9751.000000 
8689.000000 9747.000000 
8717.000000 9729.000000 
8561.000000 9812.000000 
8538.000000 9825.000000 
8770.000000 9693.000000 
8818.000000 9666.000000 
8854.000000 9650.000000 
8896.000000 9625.000000 
8869.000000 9645.000000 
8908.000000 9618.000000 
8889.000000 9626.000000 
8927.000000 9592.000000 
8939.000000 9546.000000 
8937.000000 9561.000000 
9026.000000 9496.000000 
8994.000000 9543.000000 
9004.000000 9520.000000 
9023.000000 9508.000000 
9014.000000 9514.000000 
9039.000000 9467.000000 
9032.000000 9485.000000 
9070.000000 9459.000000 
9083.000000 9439.000000 
9104.000000 9413.000000 
9093.000000 9435.000000 
9107.000000 9400.000000 
9134.000000 9392.000000 
9114.000000 9396.000000 
9186.000000 9343.000000 
9219.000000 9302.000000 
9229.000000 9289.000000 
9218.000000 9327.000000 
9260.000000 9274.000000 
9159.000000 9367.000000 
9135.000000 9370.000000 
9226.000000 9294.000000 
9231.000000 9277.000000 
9292.000000 9262.000000 
9368.000000 9164.000000 
9317.000000 9241.000000 
9350.000000 9174.000000 
9409.000000 9093.000000 
9400.000000 9101.000000 
9398.000000 9114.000000 
9426.000000 9063.000000 
9331.000000 9207.000000 
9320.000000 9229.000000 
9322.000000 9219.000000 
9327.000000 9212.000000 
9341.000000 9195.000000 
9381.000000 9142.000000 
9425.000000 9086.000000 
9388.000000 9131.000000 
9428.000000 9057.000000 
9468.000000 9031.000000 
9460.000000 9049.000000 
9483.000000 8998.000000 
9477.000000 9006.000000 
9494.000000 8980.000000 
9516.000000 8957.000000 
9503.000000 8979.000000 
9509.000000 8963.000000 
9540.000000 8914.000000 
9519.000000 8942.000000 
9522.000000 8921.000000 
9545.000000 8913.000000 
9558.000000 8873.000000 
9554.000000 8879.000000 
9589.000000 8814.000000 
9574.000000 8843.000000 
9656.000000 8618.000000 
9666.000000 8585.000000 
9664.000000 8604.000000 
9653.000000 8626.000000 
9665.000000 8600.000000 
9681.000000 8563.000000 
9685.000000 8539.000000 
9676.000000 8577.000000 
9701.000000 8499.000000 
9717.000000 8449.000000 
9750.000000 8343.000000 
9764.000000 8320.000000 
9726.000000 8399.000000 
9721.000000 8414.000000 
9739.000000 8348.000000 
9736.000000 8358.000000 
9728.000000 8366.000000 
8741.000000 9698.000000 
9527.000000 8917.000000 
9567.000000 8857.000000 
9710.000000 8481.000000 
9690.000000 8500.000000 
9687.000000 8512.000000 
9651.000000 8701.000000 
9585.000000 8827.000000 
9611.000000 8762.000000 
9607.000000 8765.000000 
9601.000000 8779.000000 
9600.000000 8793.000000 
9602.000000 8766.000000 
9626.000000 8759.000000 
9637.000000 8724.000000 
9638.000000 8723.000000 
9634.000000 8727.000000 
9628.000000 8736.000000 

9651.000000 8443.000000 
9650.000000 8460.000000 
9643.000000 8478.000000 
9659.000000 8414.000000 
