
7990.000000 9995.000000 
7972.000000 10010.000000 
8067.000000 9985.000000 
8068.000000 9979.000000 
8096.000000 9970.000000 
8101.000000 9955.000000 
8120.000000 9945.000000 
8157.000000 9924.000000 
8134.000000 9943.000000 
8171.000000 9918.000000 
8153.000000 9933.000000 
8266.000000 9900.000000 
8237.000000 9907.000000 
8275.000000 9892.000000 
8284.000000 9889.000000 
8325.000000 9886.000000 
8376.000000 9870.000000 
8406.000000 9852.000000 
8405.000000 9856.000000 
8396.000000 9864.000000 
8450.000000 9837.000000 
8429.000000 9843.000000 
8488.000000 9813.000000 
8508.000000 9805.000000 
8545.000000 9801.000000 
8587.000000 9774.000000 
8563.000000 9778.000000 
8598.000000 9767.000000 
8634.000000 9763.000000 
8672.000000 9742.000000 
8679.000000 9741.000000 
8718.000000 9726.000000 
8687.000000 9731.000000 
8719.000000 9708.000000 
8767.000000 9660.000000 
8750.000000 9666.000000 
8748.000000 9684.000000 
8798.000000 9643.000000 
8845.000000 9623.000000 
8785.000000 9645.000000 
8800.000000 9639.000000 
8878.000000 9621.000000 
8909.000000 9604.000000 
8883.000000 9607.000000 
8918.000000 9576.000000 
8913.000000 9583.000000 
8916.000000 9580.000000 
8959.000000 9570.000000 
8960.000000 9566.000000 
8981.000000 9560.000000 
8986.000000 9538.000000 
8997.000000 9531.000000 
8972.000000 9561.000000 
9031.000000 9506.000000 
9021.000000 9509.000000 
9022.000000 9507.000000 
9094.000000 9481.000000 
9074.000000 9497.000000 
9104.000000 9468.000000 
9106.000000 9466.000000 
9095.000000 9469.000000 
9131.000000 9436.000000 
9110.000000 9460.000000 
9121.000000 9448.000000 
9191.000000 9354.000000 
9206.000000 9343.000000 
9220.000000 9315.000000 
9227.000000 9297.000000 
9149.000000 9395.000000 
9164.000000 9377.000000 
9271.000000 9245.000000 
9268.000000 9262.000000 
9275.000000 9226.000000 
9297.000000 9213.000000 
9312.000000 9209.000000 
9294.000000 9224.000000 
9333.000000 9193.000000 
9353.000000 9168.000000 
9349.000000 9184.000000 
9358.000000 9167.000000 
9367.000000 9153.000000 
9368.000000 9133.000000 
9398.000000 9114.000000 
9406.000000 9099.000000 
9478.000000 8968.000000 
9497.000000 8956.000000 
9516.000000 8875.000000 
9515.000000 8889.000000 
9528.000000 8848.000000 
8460.000000 9814.000000 
8837.000000 9631.000000 
9383.000000 9123.000000 
9544.000000 8821.000000 
9550.000000 8813.000000 
9581.000000 8783.000000 
9512.000000 8938.000000 
9476.000000 9023.000000 
9422.000000 9079.000000 
9429.000000 9064.000000 
9447.000000 9052.000000 
9450.000000 9047.000000 
9472.000000 9033.000000 
9685.000000 8582.000000 
9632.000000 8750.000000 
9645.000000 8728.000000 
9650.000000 8703.000000 
9651.000000 8702.000000 
9649.000000 8706.000000 
9668.000000 8696.000000 
9681.000000 8655.000000 
9689.000000 8546.000000 
9697.000000 8528.000000 
9717.000000 8465.000000 
9714.000000 8482.000000 
9707.000000 8496.000000 
9703.000000 8507.000000 
9718.000000 8451.000000 
9730.000000 8445.000000 
9731.000000 8441.000000 
9746.000000 8387.000000 
9751.000000 8352.000000 
9767.000000 8208.000000 
9772.000000 8194.000000 
9762.000000 8267.000000 
9777.000000 8183.000000 
9813.000000 8027.000000 
9814.000000 7963.000000 
9810.000000 8102.000000 
