1.178495534152190771e+01 4.802343380303434515e+02
8.547708299570592771e+02 4.523366729718458714e+02
6.666811714247885448e+02 8.172615650462151962e+02
9.561135261168302577e+02 4.841149451537665414e+02
2.402377408583373892e+02 8.787341428434208410e+02
4.191323954166875865e+02 4.905123852668008340e+02
3.606377274841012763e+02 1.252552767840604560e+02
8.457684725106925043e+02 3.730839282589304418e+01
7.277664013581759264e+02 3.967779987861930380e+01
9.289774318001966549e+02 6.962404085185487475e+02
3.880953610857545755e+02 8.870145509217617246e+02
3.358267492336464102e+02 6.537235362549929505e+02
9.623402843290551800e+02 6.206517990226116126e+02
3.148412064809469513e+01 4.531602078134648650e+02
2.284871843031675098e+02 3.922391346026187193e+02
2.177815621760506133e+02 6.718848811329507953e+02
8.709243875093412726e+02 1.082746457176985189e+02
2.478999103059642550e+01 8.544541385356352521e+02
7.956633979658128055e+02 4.285899199095555332e+02
4.206962851165814072e+02 6.168917300424777750e+02
7.196520692991149417e+02 4.606755909078663791e+01
3.804476756358919829e+02 2.171276723135255793e+02
5.999274924845310579e+02 4.496399937988703073e+02
3.055912345537534520e+02 6.783433299523933329e+02
8.783324122020962932e+01 5.432546114551128085e+02
7.983008115168020140e+02 6.442295543265213382e+02
6.747576377084881187e+02 4.607987744873970541e+02
3.530649535662772109e+02 2.010769118279272050e+02
5.011556775666657018e+02 3.281553972511784991e+02
8.876035973742231135e+02 1.727540186468432637e+02
4.768730536355438971e+02 4.493438284659542319e+02
5.561904679092037895e+02 2.663342600742222430e+02
3.397788938689449765e+02 4.897858727482112613e+02
8.487765702641057715e+02 6.028893255804111959e+02
2.426114688764851053e+02 3.553919781671479541e+02
6.164585910373265278e+02 8.407292056856226736e+02
7.197138226260348119e+02 3.377481960901595812e+02
2.116944517869329161e+02 7.310022935617699602e+01
6.817509013901453727e+02 4.872251236815424704e+02
9.603032367209207223e+02 8.987633476411926381e+01
2.707698316381174095e+02 2.924121687514729047e+02
7.688843376638375275e+02 4.708535924843606608e+02
6.098130207743670326e+02 3.994132290581583220e+02
5.082335986222513498e+02 9.086707723595170592e+02
6.258637032383813903e+02 4.274346532699667591e+02
8.806424556461223574e+01 9.264245800438583274e+02
9.248163924519272996e+02 3.010197540766449151e+02
3.882480600888291633e+02 7.955216882016688942e+02
8.273970422122434343e+01 7.435070583167802738e+01
3.242181400342923894e+02 5.134670538017921899e+02
9.836605531548722183e+02 6.234580933967371266e+02
5.893708965267611575e+02 9.754364665426204510e+02
1.020825726477031452e+02 2.898533948830317399e+02
5.845324399705973519e+02 1.679040100168467404e+02
8.331433401396417366e+02 7.368647405155995784e+02
6.938775637638025273e+02 1.321590315639669200e+02
5.374464110689148129e+02 1.119130946306236041e+02
2.247621581329887306e+02 8.853375729923407107e+02
1.891223407125837070e+02 5.762033641807519189e+02
9.487554289084825996e+02 5.447010773916396147e+02
3.664373740651581102e+02 4.731579279728925940e+02
4.214588622059945067e+01 3.433925882853622511e+02
9.947877205344470894e+02 8.781222863486475489e+02
3.644302124453824376e+02 6.223746649881742314e+02
3.398113954912992654e+02 4.140011033523297783e+02
7.325279013647708553e+02 9.937732232209452832e+02
5.867644734067094987e+02 7.973087508335744360e+02
2.569112797092547567e+02 9.324465717602132599e+02
1.234839460622219036e+02 3.323408013859540233e+02
5.357404292698125801e+02 2.513343541273482629e+01
6.392881778559253689e+02 8.592180472554306334e+02
4.413474760262240579e+02 4.272964681171594634e+02
1.184185762133942461e+02 5.721035774316610514e+02
9.101455703984597676e+02 4.305837577014756334e+02
3.170396355297822879e+02 4.293813144580318522e+02
9.092366838480161277e+02 4.847969047685775195e+02
3.248014841375201058e+02 4.150072695581471294e+02
9.817362514167018617e+02 2.658783130563795680e+02
2.893259529724567614e+01 7.166327576824369316e+02
2.371725355404001903e+02 9.700735177339829534e+02
6.133125649761415161e+02 4.316732525740014808e+02
9.373904294807789483e+02 9.666617312017126551e+02
5.886735134490734254e+02 1.344885200594647756e+02
3.688051887735468313e+02 9.338922493129847453e+02
8.100614745636056568e+02 1.069899388554248532e+02
9.225139944238510452e+02 8.836179219142206875e+02
7.944472313242158634e+02 2.790903526468979834e+01
5.419058281348802666e+02 2.717668076552292860e+02
6.748580331668587178e+02 3.388528454086282409e+02
1.319165375310492720e+02 9.154915443680769158e+02
7.430209418571860169e+02 3.455089944974341165e+02
1.071234681332984309e+02 7.914072647098862490e+02
6.547637299357406846e+02 2.767812199872508927e+02
8.472228739167031790e+02 8.755618543108380436e+02
6.280070426636229968e+02 2.675266170686918521e+00
3.255162355979590529e+02 9.186282482998020527e+00
9.056420926838766263e+02 7.196076740784897083e+02
8.968204932220654655e+02 7.280655160516789692e+02
7.235978192213179909e+02 2.350957012793518572e+02
4.367013609935036698e+02 2.050486982144218473e+02
