7880.000000 10007.000000 
7926.000000 10002.000000 
7975.000000 9990.000000 
8088.000000 9969.000000 
8145.000000 9947.000000 
8041.000000 9983.000000 
8095.000000 9967.000000 
8099.000000 9964.000000 
8122.000000 9954.000000 
8167.000000 9945.000000 
8181.000000 9935.000000 
8180.000000 9939.000000 
8137.000000 9949.000000 
8191.000000 9930.000000 
8263.000000 9900.000000 
8262.000000 9902.000000 
8254.000000 9920.000000 
8267.000000 9898.000000 
8293.000000 9889.000000 
8302.000000 9885.000000 
8303.000000 9879.000000 
8308.000000 9875.000000 
8314.000000 9863.000000 
8318.000000 9853.000000 
8323.000000 9824.000000 
8407.000000 9795.000000 
8401.000000 9805.000000 
8446.000000 9785.000000 
8518.000000 9763.000000 
8919.000000 9543.000000 
9020.000000 9465.000000 
9007.000000 9486.000000 
9018.000000 9483.000000 
9082.000000 9427.000000 
9049.000000 9448.000000 
9083.000000 9418.000000 
9176.000000 9344.000000 
9121.000000 9390.000000 
9161.000000 9360.000000 
9192.000000 9326.000000 
9225.000000 9304.000000 
9262.000000 9267.000000 
9426.000000 9055.000000 
9484.000000 8990.000000 
9510.000000 8956.000000 
9531.000000 8926.000000 
9590.000000 8808.000000 
9616.000000 8792.000000 
9619.000000 8741.000000 
9621.000000 8737.000000 
9635.000000 8732.000000 
9623.000000 8734.000000 
9651.000000 8699.000000 
9656.000000 8658.000000 
9655.000000 8672.000000 
9676.000000 8625.000000 
9687.000000 8612.000000 
9672.000000 8642.000000 
9698.000000 8549.000000 
9702.000000 8539.000000 
9697.000000 8569.000000 
9693.000000 8584.000000 
9746.000000 8339.000000 
9749.000000 8323.000000 
9822.000000 8068.000000 
9824.000000 7956.000000 
8541.000000 9745.000000 
8613.000000 9719.000000 
8570.000000 9738.000000 
8594.000000 9727.000000 
8572.000000 9736.000000 
8697.000000 9694.000000 
8676.000000 9696.000000 
8657.000000 9716.000000 
8754.000000 9673.000000 
8791.000000 9656.000000 
8760.000000 9664.000000 
8761.000000 9657.000000 
8821.000000 9640.000000 
8851.000000 9612.000000 
8858.000000 9603.000000 
8908.000000 9551.000000 
8885.000000 9569.000000 
8875.000000 9581.000000 
8914.000000 9544.000000 
8898.000000 9566.000000 
8933.000000 9537.000000 
8904.000000 9555.000000 
8926.000000 9541.000000 
8900.000000 9565.000000 
8949.000000 9525.000000 
8959.000000 9512.000000 
8978.000000 9506.000000 
9051.000000 9440.000000 
9093.000000 9410.000000 
9063.000000 9428.000000 
9095.000000 9408.000000 
9106.000000 9397.000000 
9086.000000 9414.000000 
9123.000000 9388.000000 
9102.000000 9402.000000 
9189.000000 9337.000000 
9160.000000 9384.000000 
9237.000000 9287.000000 
9270.000000 9254.000000 
9258.000000 9273.000000 
9247.000000 9278.000000 
9234.000000 9295.000000 
9299.000000 9243.000000 
9313.000000 9229.000000 
9326.000000 9205.000000 
9329.000000 9199.000000 
9328.000000 9203.000000 
9350.000000 9187.000000 
9349.000000 9194.000000 
9370.000000 9178.000000 
9372.000000 9165.000000 
9360.000000 9182.000000 
9380.000000 9155.000000 
9393.000000 9147.000000 
9419.000000 9081.000000 
9409.000000 9105.000000 
9469.000000 9042.000000 
9490.000000 8972.000000 
9478.000000 8997.000000 
9487.000000 8978.000000 
9473.000000 9001.000000 
9589.000000 8827.000000 
9518.000000 8950.000000 
9578.000000 8845.000000 
9557.000000 8914.000000 
9565.000000 8859.000000 
9594.000000 8803.000000 
9571.000000 8855.000000 
9675.000000 8631.000000 
9718.000000 8499.000000 
9730.000000 8463.000000 
9729.000000 8464.000000 
9726.000000 8471.000000 
9736.000000 8415.000000 
9734.000000 8460.000000 
9725.000000 8473.000000 
9744.000000 8386.000000 
9754.000000 8293.000000 
9759.000000 8260.000000 
9779.000000 8235.000000 
9793.000000 8140.000000 
9791.000000 8161.000000 
9800.000000 8128.000000 
