7080.000000 7559.000000 9669.000000 
7166.000000 7483.000000 9683.000000 
7137.000000 7423.000000 9687.000000 
7130.000000 7467.000000 9686.000000 
7014.000000 7491.000000 9700.000000 
7119.000000 7475.000000 9697.000000 
7133.000000 7407.000000 9701.000000 
7121.000000 7488.000000 9690.000000 
7119.000000 7523.000000 9675.000000 
7082.000000 7558.000000 9688.000000 
6996.000000 7649.000000 9681.000000 
7041.000000 7645.000000 9679.000000 
7096.000000 7665.000000 9668.000000 
7059.000000 7657.000000 9677.000000 
7048.000000 7794.000000 9673.000000 
7100.000000 7802.000000 9647.000000 
7047.000000 7841.000000 9647.000000 
7127.000000 7800.000000 9653.000000 
7171.000000 7825.000000 9644.000000 
7123.000000 7874.000000 9642.000000 
7159.000000 7834.000000 9640.000000 
7173.000000 7925.000000 9621.000000 
7187.000000 7966.000000 9613.000000 
7228.000000 7952.000000 9613.000000 
7119.000000 7939.000000 9617.000000 
7147.000000 7926.000000 9617.000000 
7259.000000 8036.000000 9603.000000 
7220.000000 8042.000000 9601.000000 
7150.000000 8062.000000 9601.000000 
7268.000000 8133.000000 9570.000000 
7265.000000 8095.000000 9593.000000 
7304.000000 8089.000000 9595.000000 
7299.000000 8096.000000 9576.000000 
7297.000000 8104.000000 9581.000000 
7290.000000 8127.000000 9585.000000 
7330.000000 8213.000000 9561.000000 
7283.000000 8128.000000 9575.000000 
7348.000000 8219.000000 9552.000000 
7374.000000 8241.000000 9538.000000 
7230.000000 8292.000000 9520.000000 
7369.000000 8226.000000 9549.000000 
7309.000000 8271.000000 9532.000000 
7378.000000 8332.000000 9513.000000 
7493.000000 8350.000000 9478.000000 
7491.000000 8338.000000 9484.000000 
7503.000000 8352.000000 9477.000000 
7498.000000 8360.000000 9474.000000 
7335.000000 8381.000000 9469.000000 
7357.000000 8377.000000 9469.000000 
7360.000000 8372.000000 9468.000000 
7329.000000 8389.000000 9494.000000 
7426.000000 8392.000000 9464.000000 
7415.000000 8428.000000 9443.000000 
7499.000000 8427.000000 9425.000000 
7428.000000 8427.000000 9426.000000 
7543.000000 8446.000000 9414.000000 
7524.000000 8412.000000 9441.000000 
7580.000000 8875.000000 9177.000000 
7538.000000 8887.000000 9201.000000 
7404.000000 8890.000000 9196.000000 
7595.000000 8941.000000 9123.000000 
7502.000000 8920.000000 9170.000000 
7513.000000 8932.000000 9163.000000 
7487.000000 8928.000000 9173.000000 
7496.000000 8947.000000 9158.000000 
7514.000000 8938.000000 9143.000000 
7577.000000 8972.000000 9135.000000 
7513.000000 8970.000000 9151.000000 
7613.000000 8976.000000 9094.000000 
7661.000000 8975.000000 9101.000000 
7494.000000 9000.000000 9087.000000 
7588.000000 8969.000000 9124.000000 
7574.000000 8989.000000 9103.000000 
7570.000000 9043.000000 9072.000000 
7645.000000 9184.000000 8952.000000 
7611.000000 9205.000000 8919.000000 
7600.000000 9202.000000 8952.000000 
7621.000000 9256.000000 8879.000000 
7469.000000 9284.000000 8869.000000 
7532.000000 9265.000000 8884.000000 
7633.000000 9314.000000 8839.000000 
7575.000000 9322.000000 8838.000000 
7614.000000 9338.000000 8814.000000 
7607.000000 9310.000000 8848.000000 
7592.000000 9399.000000 8766.000000 
7484.000000 9351.000000 8798.000000 
7594.000000 9392.000000 8737.000000 
7573.000000 9416.000000 8725.000000 
7574.000000 9408.000000 8728.000000 
7617.000000 9396.000000 8734.000000 
7508.000000 9425.000000 8726.000000 
7554.000000 9400.000000 8743.000000 
7541.000000 9400.000000 8748.000000 
7611.000000 9409.000000 8724.000000 
7536.000000 9412.000000 8735.000000 
7578.000000 9444.000000 8701.000000 
7535.000000 9446.000000 8698.000000 
7569.000000 9432.000000 8719.000000 
7523.000000 9439.000000 8707.000000 
7598.000000 9441.000000 8705.000000 
7605.000000 9450.000000 8682.000000 
7465.000000 9457.000000 8669.000000 
7582.000000 9454.000000 8684.000000 
7572.000000 9487.000000 8632.000000 
7567.000000 9480.000000 8659.000000 
7635.000000 9538.000000 8579.000000 
7608.000000 9492.000000 8610.000000 
7642.000000 9573.000000 8551.000000 
7707.000000 9569.000000 8524.000000 
7763.000000 9552.000000 8564.000000 
7677.000000 9565.000000 8554.000000 
7749.000000 9592.000000 8496.000000 
7789.000000 9588.000000 8500.000000 
7720.000000 9584.000000 8508.000000 
7721.000000 9611.000000 8497.000000 
7800.000000 9589.000000 8478.000000 
7699.000000 9627.000000 8511.000000 
7727.000000 9630.000000 8464.000000 
7765.000000 9624.000000 8483.000000 
7706.000000 9620.000000 8492.000000 
7724.000000 9634.000000 8473.000000 
7728.000000 9645.000000 8450.000000 
7787.000000 9679.000000 8418.000000 
7821.000000 9671.000000 8399.000000 
7797.000000 9673.000000 8369.000000 
7854.000000 9697.000000 8333.000000 
7723.000000 9709.000000 8323.000000 
7846.000000 9698.000000 8305.000000 
7750.000000 9694.000000 8397.000000 
7859.000000 9697.000000 8329.000000 
7621.000000 9701.000000 8325.000000 
7812.000000 9689.000000 8343.000000 
7731.000000 9705.000000 8309.000000 
7783.000000 9741.000000 8289.000000 
7788.000000 9738.000000 8263.000000 
7710.000000 9727.000000 8295.000000 
7833.000000 9735.000000 8279.000000 
7803.000000 9740.000000 8260.000000 
7825.000000 9740.000000 8230.000000 
7805.000000 9737.000000 8236.000000 
7777.000000 9757.000000 8274.000000 
7840.000000 9752.000000 8206.000000 
7730.000000 9749.000000 8288.000000 
7678.000000 9766.000000 8215.000000 
7768.000000 9758.000000 8216.000000 
7790.000000 9751.000000 8239.000000 
7730.000000 9762.000000 8230.000000 
7806.000000 9770.000000 8203.000000 
7639.000000 9779.000000 8158.000000 
7564.000000 9789.000000 8122.000000 
7571.000000 9782.000000 8086.000000 
7526.000000 9800.000000 8081.000000 
7631.000000 9809.000000 8002.000000 
7601.000000 9785.000000 8057.000000 
7575.000000 9845.000000 7920.000000 
7527.000000 9828.000000 7989.000000 
7611.000000 9831.000000 7955.000000 
7623.000000 9838.000000 7906.000000 
7623.000000 9856.000000 7879.000000 
7595.000000 9868.000000 7813.000000 
7645.000000 9889.000000 7805.000000 
7532.000000 9937.000000 7680.000000 
7603.000000 9917.000000 7805.000000 
7534.000000 9929.000000 7711.000000 
7616.000000 9926.000000 7799.000000 
7571.000000 9912.000000 7824.000000 
7595.000000 9912.000000 7810.000000 
7620.000000 9912.000000 7789.000000 
7727.000000 9914.000000 7727.000000 
7718.000000 9931.000000 7694.000000 
7655.000000 9917.000000 7712.000000 
7663.000000 9910.000000 7778.000000 
7708.000000 9909.000000 7759.000000 
7578.000000 9780.000000 8145.000000 
7704.000000 7777.000000 9527.000000 
7713.000000 7747.000000 9541.000000 
7659.000000 7971.000000 9557.000000 
7646.000000 7986.000000 9565.000000 
7667.000000 8065.000000 9550.000000 
7700.000000 8022.000000 9551.000000 
7570.000000 7991.000000 9569.000000 
7646.000000 7935.000000 9573.000000 
7703.000000 8030.000000 9547.000000 
7703.000000 7998.000000 9556.000000 
7660.000000 8013.000000 9552.000000 
7656.000000 8019.000000 9557.000000 
7675.000000 8066.000000 9541.000000 
7631.000000 8088.000000 9543.000000 
7545.000000 8194.000000 9525.000000 
7575.000000 8122.000000 9529.000000 
7600.000000 8164.000000 9520.000000 
7541.000000 8149.000000 9538.000000 
7568.000000 8162.000000 9522.000000 
7551.000000 8224.000000 9515.000000 
7578.000000 8165.000000 9517.000000 
7554.000000 8193.000000 9534.000000 
7587.000000 8208.000000 9515.000000 
7526.000000 8260.000000 9521.000000 
7535.000000 8200.000000 9527.000000 
7464.000000 8244.000000 9530.000000 
7585.000000 8229.000000 9502.000000 
7420.000000 8250.000000 9527.000000 
7522.000000 8207.000000 9529.000000 
7489.000000 8361.000000 9454.000000 
7482.000000 8343.000000 9483.000000 
7395.000000 8328.000000 9487.000000 
7566.000000 8426.000000 9434.000000 
7487.000000 8419.000000 9461.000000 
7543.000000 8532.000000 9376.000000 
7546.000000 8497.000000 9387.000000 
7508.000000 8523.000000 9390.000000 
7593.000000 8478.000000 9388.000000 
7485.000000 8507.000000 9401.000000 
7580.000000 8491.000000 9407.000000 
7534.000000 8479.000000 9412.000000 
7540.000000 8482.000000 9408.000000 
7585.000000 8507.000000 9374.000000 
7466.000000 8644.000000 9374.000000 
7492.000000 8631.000000 9376.000000 
7500.000000 8681.000000 9367.000000 
7512.000000 8614.000000 9375.000000 
7452.000000 8622.000000 9377.000000 
7493.000000 8733.000000 9331.000000 
7527.000000 8726.000000 9339.000000 
7534.000000 8690.000000 9345.000000 
7586.000000 8707.000000 9340.000000 
7507.000000 8694.000000 9344.000000 
7535.000000 8713.000000 9335.000000 
7588.000000 8710.000000 9319.000000 
7575.000000 8750.000000 9304.000000 
7583.000000 8813.000000 9244.000000 
7689.000000 8834.000000 9213.000000 
7725.000000 8802.000000 9233.000000 
7690.000000 8797.000000 9242.000000 
7737.000000 8796.000000 9243.000000 
7714.000000 8804.000000 9236.000000 
7656.000000 8817.000000 9224.000000 
7741.000000 8793.000000 9215.000000 
7582.000000 8856.000000 9216.000000 
7652.000000 8861.000000 9187.000000 
7592.000000 8863.000000 9190.000000 
7672.000000 8863.000000 9181.000000 
7579.000000 8863.000000 9195.000000 
7551.000000 8919.000000 9176.000000 
7766.000000 8862.000000 9183.000000 
7573.000000 9002.000000 9080.000000 
7520.000000 8992.000000 9088.000000 
7531.000000 8979.000000 9120.000000 
7720.000000 9069.000000 9035.000000 
7647.000000 9059.000000 9053.000000 
7709.000000 9031.000000 9073.000000 
7703.000000 9051.000000 9047.000000 
7768.000000 9079.000000 9025.000000 
7718.000000 9080.000000 9031.000000 
7827.000000 9061.000000 9009.000000 
7690.000000 9092.000000 9036.000000 
7801.000000 9078.000000 9023.000000 
7699.000000 9099.000000 9017.000000 
7726.000000 9096.000000 9028.000000 
7654.000000 9118.000000 9019.000000 
7745.000000 9085.000000 9018.000000 
7746.000000 9139.000000 8992.000000 
7787.000000 9090.000000 9006.000000 
7777.000000 9116.000000 8966.000000 
7694.000000 9120.000000 8993.000000 
7801.000000 9136.000000 8945.000000 
7763.000000 9128.000000 8981.000000 
7775.000000 9151.000000 8944.000000 
7715.000000 9166.000000 8939.000000 
7706.000000 9165.000000 8953.000000 
7750.000000 9149.000000 8954.000000 
7743.000000 9165.000000 8952.000000 
7715.000000 9157.000000 8969.000000 
7680.000000 9261.000000 8848.000000 
7684.000000 9243.000000 8914.000000 
7594.000000 9265.000000 8873.000000 
7641.000000 9273.000000 8859.000000 
7643.000000 9248.000000 8910.000000 
7656.000000 9261.000000 8874.000000 
7662.000000 9301.000000 8854.000000 
7643.000000 9266.000000 8865.000000 
7603.000000 9253.000000 8884.000000 
7659.000000 9251.000000 8886.000000 
7697.000000 9254.000000 8873.000000 
7700.000000 9330.000000 8830.000000 
7668.000000 9308.000000 8853.000000 
7663.000000 9298.000000 8857.000000 
7696.000000 9310.000000 8841.000000 
7736.000000 9327.000000 8807.000000 
7820.000000 9329.000000 8801.000000 
7824.000000 9334.000000 8800.000000 
7815.000000 9325.000000 8837.000000 
7883.000000 9324.000000 8806.000000 
7882.000000 9332.000000 8790.000000 
7850.000000 9339.000000 8790.000000 
7771.000000 9359.000000 8779.000000 
7820.000000 9386.000000 8765.000000 
7852.000000 9353.000000 8774.000000 
7795.000000 9359.000000 8770.000000 
7826.000000 9354.000000 8781.000000 
7859.000000 9380.000000 8767.000000 
7838.000000 9355.000000 8775.000000 
7772.000000 9416.000000 8722.000000 
7729.000000 9437.000000 8705.000000 
7733.000000 9422.000000 8720.000000 
7817.000000 9441.000000 8669.000000 
7744.000000 9441.000000 8685.000000 
7804.000000 9448.000000 8683.000000 
7833.000000 9431.000000 8706.000000 
7856.000000 9435.000000 8671.000000 
7839.000000 9437.000000 8700.000000 
7885.000000 9441.000000 8651.000000 
7825.000000 9485.000000 8637.000000 
7934.000000 9442.000000 8647.000000 
7857.000000 9459.000000 8667.000000 
7875.000000 9473.000000 8624.000000 
7846.000000 9498.000000 8609.000000 
7876.000000 9470.000000 8609.000000 
7883.000000 9482.000000 8577.000000 
7876.000000 9473.000000 8583.000000 
7860.000000 9474.000000 8605.000000 
7917.000000 9504.000000 8564.000000 
7852.000000 9497.000000 8567.000000 
7863.000000 9503.000000 8566.000000 
7813.000000 9515.000000 8545.000000 
7866.000000 9526.000000 8533.000000 
7801.000000 9508.000000 8594.000000 
7844.000000 9575.000000 8488.000000 
7866.000000 9556.000000 8513.000000 
7811.000000 9548.000000 8547.000000 
7812.000000 9562.000000 8524.000000 
7825.000000 9556.000000 8520.000000 
7877.000000 9562.000000 8510.000000 
7864.000000 9564.000000 8491.000000 
7832.000000 9576.000000 8505.000000 
7966.000000 9590.000000 8446.000000 
7911.000000 9577.000000 8478.000000 
7824.000000 9573.000000 8516.000000 
7819.000000 9580.000000 8485.000000 
8008.000000 9579.000000 8435.000000 
8003.000000 9575.000000 8467.000000 
7994.000000 9578.000000 8441.000000 
8138.000000 9608.000000 8367.000000 
8031.000000 9613.000000 8392.000000 
8092.000000 9606.000000 8404.000000 
8103.000000 9610.000000 8381.000000 
8029.000000 9640.000000 8357.000000 
7987.000000 9641.000000 8365.000000 
7977.000000 9659.000000 8318.000000 
8040.000000 9638.000000 8355.000000 
8034.000000 9646.000000 8355.000000 
8096.000000 9648.000000 8332.000000 
8021.000000 9658.000000 8345.000000 
8066.000000 9679.000000 8264.000000 
8001.000000 9668.000000 8317.000000 
8109.000000 9662.000000 8307.000000 
8111.000000 9677.000000 8219.000000 
8101.000000 9668.000000 8258.000000 
8099.000000 9670.000000 8268.000000 
8036.000000 9697.000000 8225.000000 
8029.000000 9716.000000 8225.000000 
7919.000000 9743.000000 8133.000000 
7884.000000 9767.000000 8092.000000 
7917.000000 9746.000000 8120.000000 
7875.000000 9746.000000 8134.000000 
7999.000000 9765.000000 8075.000000 
7897.000000 9773.000000 8084.000000 
7897.000000 9763.000000 8090.000000 
7976.000000 9757.000000 8101.000000 
7941.000000 9775.000000 8025.000000 
7927.000000 9778.000000 8080.000000 
7882.000000 9822.000000 7891.000000 
7874.000000 9822.000000 7903.000000 
7907.000000 9837.000000 7877.000000 
7868.000000 9840.000000 7826.000000 
7865.000000 9865.000000 7774.000000 
7831.000000 9893.000000 7691.000000 
7787.000000 9901.000000 7729.000000 
7799.000000 9904.000000 7721.000000 
7824.000000 9886.000000 7723.000000 
7815.000000 9917.000000 7669.000000 
7820.000000 9899.000000 7786.000000 
7781.000000 9905.000000 7707.000000 
7796.000000 9916.000000 7685.000000 
7754.000000 9918.000000 7612.000000 
7744.000000 9929.000000 7686.000000 
7813.000000 9909.000000 7694.000000 
7733.000000 9924.000000 7706.000000 
7778.000000 9909.000000 7736.000000 
7811.000000 9914.000000 7699.000000 
8046.000000 8141.000000 9319.000000 
8023.000000 7896.000000 9467.000000 
8006.000000 8004.000000 9471.000000 
7972.000000 7946.000000 9490.000000 
8008.000000 7931.000000 9482.000000 
8014.000000 7954.000000 9480.000000 
7967.000000 7961.000000 9476.000000 
8092.000000 7965.000000 9453.000000 
7973.000000 8036.000000 9473.000000 
8031.000000 8011.000000 9455.000000 
8007.000000 8040.000000 9445.000000 
7928.000000 8105.000000 9449.000000 
7917.000000 8074.000000 9473.000000 
7955.000000 8088.000000 9453.000000 
7935.000000 8074.000000 9466.000000 
7891.000000 8113.000000 9459.000000 
7922.000000 8151.000000 9445.000000 
7908.000000 8207.000000 9457.000000 
7942.000000 8181.000000 9432.000000 
7961.000000 8167.000000 9436.000000 
7931.000000 8185.000000 9435.000000 
7938.000000 8174.000000 9442.000000 
7912.000000 8195.000000 9425.000000 
7885.000000 8239.000000 9419.000000 
7965.000000 8226.000000 9412.000000 
8008.000000 8305.000000 9406.000000 
7903.000000 8232.000000 9432.000000 
7858.000000 8258.000000 9450.000000 
7912.000000 8223.000000 9422.000000 
7871.000000 8289.000000 9416.000000 
7886.000000 8337.000000 9387.000000 
7865.000000 8330.000000 9412.000000 
7866.000000 8279.000000 9420.000000 
7858.000000 8350.000000 9389.000000 
7805.000000 8331.000000 9401.000000 
7821.000000 8345.000000 9399.000000 
7854.000000 8402.000000 9386.000000 
7877.000000 8329.000000 9389.000000 
7833.000000 8327.000000 9416.000000 
7846.000000 8419.000000 9369.000000 
7837.000000 8437.000000 9374.000000 
7814.000000 8467.000000 9368.000000 
7818.000000 8443.000000 9382.000000 
7817.000000 8458.000000 9372.000000 
7798.000000 8427.000000 9384.000000 
7824.000000 8548.000000 9324.000000 
7818.000000 8560.000000 9325.000000 
7846.000000 8553.000000 9311.000000 
7876.000000 8547.000000 9329.000000 
7832.000000 8556.000000 9305.000000 
7894.000000 8544.000000 9314.000000 
7857.000000 8567.000000 9304.000000 
7834.000000 8596.000000 9304.000000 
7992.000000 8650.000000 9270.000000 
7898.000000 8693.000000 9288.000000 
7933.000000 8663.000000 9277.000000 
7934.000000 8664.000000 9272.000000 
7887.000000 8644.000000 9301.000000 
7902.000000 8711.000000 9267.000000 
7976.000000 8659.000000 9258.000000 
7910.000000 8682.000000 9281.000000 
7914.000000 8666.000000 9287.000000 
7945.000000 8664.000000 9263.000000 
7947.000000 8682.000000 9254.000000 
7937.000000 8709.000000 9244.000000 
7954.000000 8701.000000 9240.000000 
7939.000000 8715.000000 9235.000000 
7920.000000 8713.000000 9261.000000 
7941.000000 8697.000000 9244.000000 
7938.000000 8729.000000 9224.000000 
7902.000000 8729.000000 9242.000000 
7894.000000 8737.000000 9241.000000 
7935.000000 8757.000000 9238.000000 
7890.000000 8751.000000 9243.000000 
7947.000000 8754.000000 9219.000000 
7904.000000 8789.000000 9229.000000 
7971.000000 8819.000000 9169.000000 
7903.000000 8806.000000 9184.000000 
7931.000000 8808.000000 9176.000000 
7953.000000 8786.000000 9180.000000 
7985.000000 8783.000000 9199.000000 
7897.000000 8860.000000 9170.000000 
7923.000000 8791.000000 9183.000000 
7969.000000 8892.000000 9136.000000 
7978.000000 8903.000000 9107.000000 
7924.000000 8956.000000 9098.000000 
7984.000000 8922.000000 9102.000000 
7955.000000 8923.000000 9092.000000 
7889.000000 8937.000000 9146.000000 
7939.000000 8897.000000 9136.000000 
8119.000000 8952.000000 9049.000000 
8049.000000 8958.000000 9059.000000 
8006.000000 8978.000000 9082.000000 
8047.000000 8963.000000 9035.000000 
8043.000000 8951.000000 9062.000000 
8108.000000 8974.000000 9011.000000 
8150.000000 8942.000000 9039.000000 
8135.000000 8971.000000 9013.000000 
8146.000000 8960.000000 9023.000000 
8132.000000 8952.000000 9044.000000 
8150.000000 8957.000000 9010.000000 
8087.000000 8977.000000 9005.000000 
8092.000000 8977.000000 8978.000000 
8157.000000 9016.000000 8962.000000 
8178.000000 9000.000000 8957.000000 
8191.000000 8992.000000 8954.000000 
8191.000000 9008.000000 8944.000000 
8162.000000 9096.000000 8878.000000 
8214.000000 9092.000000 8904.000000 
8232.000000 9079.000000 8889.000000 
8176.000000 9075.000000 8930.000000 
8210.000000 9106.000000 8876.000000 
8152.000000 9138.000000 8875.000000 
8169.000000 9160.000000 8845.000000 
8276.000000 9152.000000 8852.000000 
8249.000000 9167.000000 8825.000000 
8299.000000 9184.000000 8814.000000 
8210.000000 9150.000000 8874.000000 
8219.000000 9183.000000 8825.000000 
8280.000000 9157.000000 8827.000000 
8221.000000 9214.000000 8796.000000 
8255.000000 9195.000000 8798.000000 
8242.000000 9224.000000 8778.000000 
8253.000000 9229.000000 8750.000000 
8272.000000 9201.000000 8777.000000 
8281.000000 9210.000000 8749.000000 
8236.000000 9208.000000 8782.000000 
8328.000000 9220.000000 8739.000000 
8277.000000 9244.000000 8719.000000 
8391.000000 9219.000000 8701.000000 
8266.000000 9222.000000 8756.000000 
8354.000000 9208.000000 8741.000000 
8249.000000 9296.000000 8676.000000 
8272.000000 9308.000000 8671.000000 
8333.000000 9289.000000 8683.000000 
8444.000000 9344.000000 8563.000000 
8341.000000 9332.000000 8634.000000 
8435.000000 9376.000000 8529.000000 
8358.000000 9378.000000 8606.000000 
8395.000000 9379.000000 8598.000000 
8309.000000 9384.000000 8646.000000 
8333.000000 9399.000000 8589.000000 
8315.000000 9384.000000 8642.000000 
8330.000000 9398.000000 8635.000000 
8363.000000 9374.000000 8612.000000 
8336.000000 9389.000000 8604.000000 
8366.000000 9417.000000 8583.000000 
8393.000000 9415.000000 8574.000000 
8325.000000 9428.000000 8569.000000 
8366.000000 9434.000000 8564.000000 
8428.000000 9412.000000 8569.000000 
8375.000000 9442.000000 8546.000000 
8393.000000 9440.000000 8535.000000 
8349.000000 9448.000000 8538.000000 
8406.000000 9438.000000 8505.000000 
8384.000000 9479.000000 8536.000000 
8333.000000 9489.000000 8504.000000 
8347.000000 9504.000000 8493.000000 
8335.000000 9505.000000 8486.000000 
8320.000000 9514.000000 8494.000000 
8296.000000 9539.000000 8466.000000 
8316.000000 9528.000000 8466.000000 
8340.000000 9519.000000 8463.000000 
8354.000000 9511.000000 8480.000000 
8278.000000 9563.000000 8437.000000 
8282.000000 9579.000000 8423.000000 
8313.000000 9558.000000 8450.000000 
8325.000000 9563.000000 8425.000000 
8312.000000 9538.000000 8456.000000 
8337.000000 9537.000000 8435.000000 
8280.000000 9595.000000 8409.000000 
8254.000000 9585.000000 8421.000000 
8255.000000 9598.000000 8384.000000 
8295.000000 9585.000000 8375.000000 
8241.000000 9598.000000 8400.000000 
8289.000000 9588.000000 8374.000000 
8259.000000 9618.000000 8357.000000 
8326.000000 9590.000000 8344.000000 
8260.000000 9603.000000 8333.000000 
8241.000000 9628.000000 8348.000000 
8292.000000 9592.000000 8324.000000 
8244.000000 9638.000000 8294.000000 
8199.000000 9666.000000 8266.000000 
8228.000000 9645.000000 8292.000000 
8278.000000 9658.000000 8276.000000 
8260.000000 9636.000000 8309.000000 
8303.000000 9652.000000 8245.000000 
8273.000000 9644.000000 8289.000000 
8308.000000 9645.000000 8264.000000 
8242.000000 9670.000000 8236.000000 
8132.000000 9726.000000 8132.000000 
8160.000000 9703.000000 8188.000000 
8168.000000 9711.000000 8182.000000 
8202.000000 9707.000000 8168.000000 
8165.000000 9719.000000 8178.000000 
8145.000000 9725.000000 8187.000000 
8172.000000 9719.000000 8138.000000 
8187.000000 9713.000000 8141.000000 
8193.000000 9734.000000 8108.000000 
8170.000000 9756.000000 8111.000000 
8183.000000 9750.000000 8118.000000 
8120.000000 9768.000000 8054.000000 
8150.000000 9762.000000 8015.000000 
8216.000000 9749.000000 8095.000000 
8162.000000 9758.000000 8078.000000 
8199.000000 9753.000000 8042.000000 
8222.000000 9757.000000 8008.000000 
8197.000000 9759.000000 7940.000000 
8162.000000 9789.000000 8003.000000 
8121.000000 9804.000000 7945.000000 
8135.000000 9794.000000 7960.000000 
8117.000000 9809.000000 7983.000000 
8181.000000 9800.000000 7939.000000 
8189.000000 9792.000000 7904.000000 
8205.000000 9790.000000 7888.000000 
8188.000000 9796.000000 7912.000000 
8171.000000 9809.000000 7888.000000 
8149.000000 9815.000000 7944.000000 
8184.000000 9824.000000 7882.000000 
8557.000000 8283.000000 9124.000000 
8592.000000 8189.000000 9117.000000 
8618.000000 8183.000000 9123.000000 
8603.000000 8099.000000 9171.000000 
8579.000000 8130.000000 9168.000000 
8649.000000 8085.000000 9161.000000 
8612.000000 8016.000000 9177.000000 
8610.000000 8069.000000 9169.000000 
8594.000000 8056.000000 9181.000000 
8593.000000 8081.000000 9202.000000 
8632.000000 8089.000000 9154.000000 
8592.000000 8139.000000 9157.000000 
8552.000000 8170.000000 9200.000000 
8586.000000 8199.000000 9151.000000 
8575.000000 8109.000000 9178.000000 
8576.000000 8279.000000 9148.000000 
8568.000000 8195.000000 9163.000000 
8573.000000 8205.000000 9159.000000 
8563.000000 8216.000000 9157.000000 
8613.000000 8188.000000 9148.000000 
8589.000000 8182.000000 9163.000000 
8558.000000 8221.000000 9171.000000 
8587.000000 8193.000000 9133.000000 
8520.000000 8284.000000 9142.000000 
8521.000000 8329.000000 9127.000000 
8570.000000 8315.000000 9109.000000 
8561.000000 8320.000000 9114.000000 
8608.000000 8319.000000 9101.000000 
8584.000000 8336.000000 9092.000000 
8580.000000 8311.000000 9102.000000 
8574.000000 8351.000000 9084.000000 
8561.000000 8369.000000 9106.000000 
8609.000000 8343.000000 9072.000000 
8573.000000 8357.000000 9102.000000 
8615.000000 8340.000000 9072.000000 
8593.000000 8409.000000 9070.000000 
8564.000000 8358.000000 9083.000000 
8591.000000 8434.000000 9060.000000 
8575.000000 8338.000000 9079.000000 
8607.000000 8389.000000 9073.000000 
8605.000000 8550.000000 9024.000000 
8619.000000 8524.000000 9035.000000 
8632.000000 8554.000000 9021.000000 
8609.000000 8514.000000 9042.000000 
8597.000000 8529.000000 9054.000000 
8607.000000 8540.000000 9050.000000 
8631.000000 8538.000000 9030.000000 
8652.000000 8487.000000 8990.000000 
8644.000000 8463.000000 8991.000000 
8608.000000 8555.000000 9010.000000 
8642.000000 8535.000000 8971.000000 
8660.000000 8520.000000 8975.000000 
8640.000000 8527.000000 8985.000000 
8623.000000 8581.000000 8960.000000 
8687.000000 8575.000000 8960.000000 
8617.000000 8608.000000 8956.000000 
8650.000000 8577.000000 8935.000000 
8640.000000 8576.000000 8973.000000 
8611.000000 8577.000000 8995.000000 
8628.000000 8668.000000 8948.000000 
8615.000000 8678.000000 8936.000000 
8648.000000 8677.000000 8914.000000 
8630.000000 8720.000000 8928.000000 
8604.000000 8742.000000 8897.000000 
8637.000000 8748.000000 8872.000000 
8635.000000 8713.000000 8901.000000 
8596.000000 8738.000000 8912.000000 
8580.000000 8766.000000 8910.000000 
8608.000000 8758.000000 8888.000000 
8623.000000 8754.000000 8886.000000 
8619.000000 8737.000000 8904.000000 
8630.000000 8743.000000 8884.000000 
8590.000000 8743.000000 8910.000000 
8579.000000 8897.000000 8793.000000 
8565.000000 8817.000000 8857.000000 
8576.000000 8870.000000 8795.000000 
8561.000000 8832.000000 8852.000000 
8595.000000 8815.000000 8836.000000 
8607.000000 8827.000000 8828.000000 
8609.000000 8802.000000 8846.000000 
8538.000000 8977.000000 8723.000000 
8591.000000 8934.000000 8726.000000 
8543.000000 8932.000000 8730.000000 
8575.000000 8919.000000 8748.000000 
8554.000000 8928.000000 8772.000000 
8583.000000 8917.000000 8748.000000 
8546.000000 8930.000000 8750.000000 
8576.000000 8941.000000 8719.000000 
8540.000000 8944.000000 8749.000000 
8526.000000 9116.000000 8637.000000 
8546.000000 9108.000000 8665.000000 
8485.000000 9172.000000 8685.000000 
8511.000000 9151.000000 8689.000000 
8512.000000 9144.000000 8684.000000 
8509.000000 9164.000000 8653.000000 
8481.000000 9184.000000 8665.000000 
8517.000000 9154.000000 8678.000000 
8571.000000 9213.000000 8619.000000 
8589.000000 9238.000000 8598.000000 
8522.000000 9209.000000 8624.000000 
8562.000000 9255.000000 8545.000000 
8638.000000 9242.000000 8593.000000 
8617.000000 9265.000000 8543.000000 
8626.000000 9243.000000 8586.000000 
8635.000000 9267.000000 8541.000000 
8630.000000 9247.000000 8544.000000 
8641.000000 9290.000000 8467.000000 
8668.000000 9286.000000 8436.000000 
8649.000000 9285.000000 8516.000000 
8691.000000 9281.000000 8484.000000 
8707.000000 9288.000000 8416.000000 
8683.000000 9284.000000 8428.000000 
8693.000000 9289.000000 8414.000000 
8674.000000 9301.000000 8429.000000 
8636.000000 9308.000000 8474.000000 
8696.000000 9309.000000 8397.000000 
8705.000000 9285.000000 8423.000000 
8689.000000 9293.000000 8405.000000 
8675.000000 9322.000000 8390.000000 
8702.000000 9318.000000 8374.000000 
8704.000000 9294.000000 8393.000000 
8724.000000 9305.000000 8386.000000 
8720.000000 9324.000000 8342.000000 
8764.000000 9323.000000 8332.000000 
8721.000000 9308.000000 8337.000000 
8711.000000 9313.000000 8346.000000 
8723.000000 9306.000000 8385.000000 
8738.000000 9300.000000 8358.000000 
8741.000000 9342.000000 8315.000000 
8728.000000 9357.000000 8290.000000 
8708.000000 9335.000000 8340.000000 
8721.000000 9364.000000 8326.000000 
8722.000000 9330.000000 8333.000000 
8746.000000 9329.000000 8332.000000 
8727.000000 9346.000000 8299.000000 
8691.000000 9365.000000 8332.000000 
8708.000000 9397.000000 8298.000000 
8719.000000 9354.000000 8334.000000 
8733.000000 9352.000000 8298.000000 
8704.000000 9362.000000 8342.000000 
8731.000000 9392.000000 8249.000000 
8754.000000 9391.000000 8251.000000 
8748.000000 9363.000000 8275.000000 
8695.000000 9388.000000 8304.000000 
8744.000000 9388.000000 8254.000000 
8746.000000 9384.000000 8271.000000 
8762.000000 9379.000000 8230.000000 
8764.000000 9382.000000 8214.000000 
8724.000000 9400.000000 8248.000000 
8739.000000 9392.000000 8245.000000 
8715.000000 9403.000000 8222.000000 
8714.000000 9421.000000 8211.000000 
8723.000000 9401.000000 8247.000000 
8704.000000 9410.000000 8252.000000 
8735.000000 9406.000000 8217.000000 
8689.000000 9451.000000 8188.000000 
8650.000000 9460.000000 8250.000000 
8681.000000 9467.000000 8204.000000 
8641.000000 9480.000000 8212.000000 
8710.000000 9483.000000 8186.000000 
8652.000000 9494.000000 8206.000000 
8626.000000 9542.000000 8168.000000 
8661.000000 9532.000000 8149.000000 
8656.000000 9534.000000 8122.000000 
8673.000000 9521.000000 8167.000000 
8657.000000 9517.000000 8199.000000 
8682.000000 9563.000000 8083.000000 
8679.000000 9573.000000 8056.000000 
8602.000000 9580.000000 8103.000000 
8612.000000 9591.000000 8083.000000 
8666.000000 9579.000000 8091.000000 
8652.000000 9564.000000 8142.000000 
8605.000000 9566.000000 8132.000000 
8567.000000 9586.000000 8091.000000 
8581.000000 9601.000000 8077.000000 
8580.000000 9603.000000 8036.000000 
8588.000000 9599.000000 8014.000000 
8641.000000 9590.000000 8001.000000 
8643.000000 9598.000000 7961.000000 
8612.000000 9605.000000 7964.000000 
8587.000000 9613.000000 8010.000000 
8595.000000 9620.000000 7980.000000 
8566.000000 9612.000000 8034.000000 
8639.000000 9603.000000 8006.000000 
8629.000000 9613.000000 7941.000000 
8593.000000 9622.000000 7923.000000 
8575.000000 9636.000000 7931.000000 
8520.000000 9659.000000 7855.000000 
8593.000000 9650.000000 7820.000000 
8579.000000 9652.000000 7856.000000 
8612.000000 9647.000000 7900.000000 
8589.000000 9660.000000 7832.000000 
8641.000000 9643.000000 7905.000000 
8563.000000 9650.000000 7892.000000 
