
15864.000000 20414.000000 
16003.000000 20410.000000 
16051.000000 20404.000000 
16179.000000 20400.000000 
16296.000000 20387.000000 
16288.000000 20391.000000 
16287.000000 20394.000000 
16314.000000 20386.000000 
16323.000000 20385.000000 
16430.000000 20363.000000 
16426.000000 20380.000000 
16539.000000 20359.000000 
16585.000000 20342.000000 
16600.000000 20340.000000 
16636.000000 20326.000000 
16647.000000 20318.000000 
16617.000000 20337.000000 
16706.000000 20297.000000 
16747.000000 20293.000000 
16699.000000 20301.000000 
16688.000000 20311.000000 
16818.000000 20286.000000 
16892.000000 20264.000000 
16875.000000 20266.000000 
16869.000000 20275.000000 
16893.000000 20257.000000 
16923.000000 20244.000000 
16925.000000 20225.000000 
17104.000000 20211.000000 
17101.000000 20216.000000 
17110.000000 20210.000000 
17159.000000 20203.000000 
17203.000000 20189.000000 
17172.000000 20200.000000 
17219.000000 20173.000000 
17217.000000 20178.000000 
17314.000000 20120.000000 
17288.000000 20143.000000 
17358.000000 20118.000000 
17310.000000 20125.000000 
17431.000000 20096.000000 
17518.000000 20065.000000 
17548.000000 20057.000000 
17570.000000 20054.000000 
17614.000000 20034.000000 
17636.000000 20008.000000 
17655.000000 20005.000000 
17722.000000 19966.000000 
17684.000000 19983.000000 
17679.000000 19999.000000 
17753.000000 19951.000000 
17760.000000 19942.000000 
17770.000000 19939.000000 
17751.000000 19954.000000 
17803.000000 19929.000000 
17830.000000 19904.000000 
17862.000000 19885.000000 
17873.000000 19879.000000 
17857.000000 19895.000000 
17883.000000 19878.000000 
17866.000000 19884.000000 
17918.000000 19865.000000 
17885.000000 19867.000000 
17947.000000 19835.000000 
17931.000000 19847.000000 
17977.000000 19824.000000 
17948.000000 19827.000000 
18049.000000 19782.000000 
18056.000000 19765.000000 
18156.000000 19753.000000 
18159.000000 19736.000000 
18171.000000 19728.000000 
18174.000000 19727.000000 
18212.000000 19697.000000 
18185.000000 19714.000000 
18183.000000 19719.000000 
18277.000000 19670.000000 
18280.000000 19646.000000 
18330.000000 19622.000000 
18348.000000 19617.000000 
18359.000000 19601.000000 
18329.000000 19632.000000 
18373.000000 19590.000000 
18427.000000 19550.000000 
18460.000000 19514.000000 
18440.000000 19535.000000 
18552.000000 19407.000000 
18523.000000 19422.000000 
18514.000000 19428.000000 
18559.000000 19385.000000 
18562.000000 19376.000000 
18554.000000 19387.000000 
18573.000000 19375.000000 
18560.000000 19377.000000 
18591.000000 19336.000000 
18592.000000 19327.000000 
18638.000000 19294.000000 
18632.000000 19311.000000 
19413.000000 18421.000000 
19460.000000 18318.000000 
19634.000000 17996.000000 
19649.000000 17993.000000 
19660.000000 17934.000000 
19667.000000 17932.000000 
19677.000000 17901.000000 
19682.000000 17858.000000 
19678.000000 17872.000000 
19674.000000 17907.000000 
19908.000000 17223.000000 
19904.000000 17266.000000 
19911.000000 17192.000000 
19949.000000 17154.000000 
19960.000000 16997.000000 
19955.000000 17082.000000 
19964.000000 16980.000000 
19959.000000 17074.000000 
19961.000000 16983.000000 
19976.000000 16918.000000 
17623.000000 20015.000000 
18908.000000 18998.000000 
18920.000000 18987.000000 
18907.000000 19030.000000 
18785.000000 19145.000000 
18767.000000 19173.000000 
18771.000000 19167.000000 
18742.000000 19274.000000 
18756.000000 19268.000000 
18764.000000 19259.000000 
18867.000000 19122.000000 
18733.000000 19284.000000 
18866.000000 19139.000000 
18950.000000 18983.000000 
19014.000000 18959.000000 
18891.000000 19092.000000 
18871.000000 19120.000000 
18885.000000 19113.000000 
19051.000000 18954.000000 
19089.000000 18908.000000 
19096.000000 18903.000000 
19084.000000 18913.000000 
19107.000000 18874.000000 
19079.000000 18935.000000 
19141.000000 18848.000000 
19163.000000 18801.000000 
19162.000000 18812.000000 
19156.000000 18827.000000 
19160.000000 18814.000000 
19194.000000 18776.000000 
19189.000000 18787.000000 
19214.000000 18759.000000 
19197.000000 18763.000000 
19206.000000 18761.000000 
19258.000000 18687.000000 
19241.000000 18710.000000 
19239.000000 18747.000000 
19271.000000 18685.000000 
19282.000000 18680.000000 
19287.000000 18674.000000 
19317.000000 18662.000000 
19310.000000 18672.000000 
19322.000000 18658.000000 
19340.000000 18630.000000 
19349.000000 18612.000000 
19351.000000 18596.000000 
19312.000000 18668.000000 
19364.000000 18547.000000 
19350.000000 18600.000000 
19333.000000 18653.000000 
19389.000000 18538.000000 
19406.000000 18513.000000 
19362.000000 18586.000000 
19487.000000 18299.000000 
19455.000000 18387.000000 
19457.000000 18336.000000 
19554.000000 18236.000000 
19558.000000 18169.000000 
19576.000000 18160.000000 
19586.000000 18136.000000 
19625.000000 18099.000000 
19582.000000 18137.000000 
19659.000000 17976.000000 
19632.000000 18030.000000 
19711.000000 17840.000000 
19709.000000 17857.000000 
19714.000000 17839.000000 
19730.000000 17826.000000 
19735.000000 17797.000000 
19769.000000 17774.000000 
19773.000000 17730.000000 
19782.000000 17724.000000 
19797.000000 17699.000000 
19793.000000 17719.000000 
19811.000000 17680.000000 
19810.000000 17698.000000 
19830.000000 17598.000000 
19835.000000 17546.000000 
19829.000000 17623.000000 
19845.000000 17537.000000 
19853.000000 17501.000000 
19855.000000 17478.000000 
19861.000000 17464.000000 
19881.000000 17391.000000 
19891.000000 17357.000000 
19886.000000 17365.000000 
19879.000000 17408.000000 
19901.000000 17336.000000 
19894.000000 17344.000000 
19870.000000 17452.000000 

16173.000000 20360.000000 
16284.000000 20357.000000 
16337.000000 20346.000000 
16322.000000 20356.000000 
16326.000000 20351.000000 
16390.000000 20345.000000 
16433.000000 20344.000000 
16444.000000 20339.000000 
16450.000000 20338.000000 
16470.000000 20334.000000 
16542.000000 20330.000000 
16588.000000 20325.000000 
16814.000000 20302.000000 
16767.000000 20319.000000 
16927.000000 20263.000000 
16907.000000 20289.000000 
16895.000000 20290.000000 
16920.000000 20279.000000 
17031.000000 20236.000000 
17040.000000 20232.000000 
17100.000000 20231.000000 
17128.000000 20217.000000 
17163.000000 20213.000000 
17173.000000 20210.000000 
17241.000000 20195.000000 
17207.000000 20199.000000 
17254.000000 20173.000000 
17258.000000 20171.000000 
17285.000000 20156.000000 
17327.000000 20137.000000 
17378.000000 20117.000000 
17343.000000 20128.000000 
17353.000000 20120.000000 
17338.000000 20129.000000 
17429.000000 20103.000000 
17450.000000 20101.000000 
17425.000000 20105.000000 
17462.000000 20085.000000 
17492.000000 20084.000000 
17512.000000 20071.000000 
17535.000000 20054.000000 
17705.000000 19981.000000 
17713.000000 19962.000000 
17741.000000 19953.000000 
17821.000000 19929.000000 
17827.000000 19925.000000 
17848.000000 19921.000000 
17819.000000 19948.000000 
17893.000000 19904.000000 
17889.000000 19915.000000 
17917.000000 19889.000000 
17950.000000 19883.000000 
17906.000000 19897.000000 
17908.000000 19890.000000 
17973.000000 19860.000000 
17985.000000 19858.000000 
17969.000000 19864.000000 
17996.000000 19852.000000 
18026.000000 19820.000000 
18053.000000 19805.000000 
18044.000000 19810.000000 
18025.000000 19836.000000 
18033.000000 19817.000000 
18165.000000 19734.000000 
18182.000000 19730.000000 
18245.000000 19666.000000 
18248.000000 19653.000000 
18246.000000 19665.000000 
18239.000000 19684.000000 
18238.000000 19688.000000 
18301.000000 19624.000000 
18300.000000 19637.000000 
18289.000000 19646.000000 
18310.000000 19617.000000 
18362.000000 19587.000000 
18319.000000 19607.000000 
18333.000000 19601.000000 
18318.000000 19616.000000 
18394.000000 19554.000000 
18431.000000 19519.000000 
18392.000000 19562.000000 
18419.000000 19536.000000 
18499.000000 19467.000000 
18501.000000 19464.000000 
18497.000000 19478.000000 
18494.000000 19488.000000 
18489.000000 19501.000000 
18504.000000 19450.000000 
18533.000000 19438.000000 
18520.000000 19447.000000 
18534.000000 19431.000000 
18575.000000 19405.000000 
18597.000000 19345.000000 
18565.000000 19415.000000 
18580.000000 19377.000000 
18592.000000 19373.000000 
18664.000000 19317.000000 
18670.000000 19289.000000 
18647.000000 19319.000000 
18728.000000 19267.000000 
18729.000000 19256.000000 
18717.000000 19272.000000 
18747.000000 19238.000000 
18743.000000 19249.000000 
18749.000000 19235.000000 
18755.000000 19228.000000 
18954.000000 19036.000000 
18963.000000 19016.000000 
18997.000000 18962.000000 
19019.000000 18934.000000 
19042.000000 18919.000000 
19027.000000 18929.000000 
19016.000000 18945.000000 
19050.000000 18894.000000 
19047.000000 18904.000000 
19061.000000 18882.000000 
19092.000000 18836.000000 
19071.000000 18870.000000 
19082.000000 18840.000000 
19079.000000 18847.000000 
19075.000000 18850.000000 
19143.000000 18785.000000 
19119.000000 18835.000000 
19128.000000 18801.000000 
19157.000000 18731.000000 
19249.000000 18657.000000 
19223.000000 18671.000000 
19292.000000 18648.000000 
19300.000000 18608.000000 
19347.000000 18592.000000 
19368.000000 18557.000000 
19375.000000 18547.000000 
19390.000000 18499.000000 
19391.000000 18476.000000 
19398.000000 18466.000000 
19416.000000 18443.000000 
19436.000000 18398.000000 
19419.000000 18420.000000 
19422.000000 18413.000000 
19418.000000 18440.000000 
19447.000000 18357.000000 
19442.000000 18387.000000 
19455.000000 18350.000000 
19483.000000 18309.000000 
19467.000000 18336.000000 
19497.000000 18296.000000 
19487.000000 18305.000000 
19533.000000 18246.000000 
19517.000000 18284.000000 
19507.000000 18293.000000 
19550.000000 18200.000000 
19557.000000 18161.000000 
19543.000000 18216.000000 
19568.000000 18156.000000 
19609.000000 18072.000000 
19616.000000 18062.000000 
19622.000000 18048.000000 
19607.000000 18101.000000 
19661.000000 17946.000000 
19656.000000 17999.000000 
19659.000000 17988.000000 
19674.000000 17920.000000 
19677.000000 17888.000000 
19692.000000 17842.000000 
19681.000000 17872.000000 
19682.000000 17851.000000 
19694.000000 17809.000000 
19698.000000 17807.000000 
19703.000000 17802.000000 
19708.000000 17797.000000 
19727.000000 17728.000000 
19723.000000 17778.000000 
19730.000000 17718.000000 
19725.000000 17742.000000 
19731.000000 17707.000000 
19736.000000 17700.000000 
19753.000000 17692.000000 
19764.000000 17657.000000 
19754.000000 17668.000000 
19879.000000 17255.000000 
19895.000000 17206.000000 
19897.000000 17201.000000 
19911.000000 17118.000000 
19916.000000 17109.000000 
18979.000000 18988.000000 
18866.000000 19159.000000 
18902.000000 19132.000000 
18938.000000 19108.000000 
18919.000000 19125.000000 
18909.000000 19129.000000 
18901.000000 19148.000000 
19905.000000 17127.000000 
19886.000000 17241.000000 
19882.000000 17244.000000 
19803.000000 17650.000000 
19810.000000 17627.000000 
19829.000000 17602.000000 
19835.000000 17598.000000 
19822.000000 17618.000000 
19818.000000 17620.000000 
19848.000000 17574.000000 
19850.000000 17571.000000 
19858.000000 17552.000000 
19838.000000 17584.000000 
19867.000000 17515.000000 
19870.000000 17469.000000 
19825.000000 17612.000000 
19904.000000 17186.000000 
19903.000000 17200.000000 
19923.000000 17049.000000 
19922.000000 17051.000000 
19919.000000 17081.000000 
19920.000000 17064.000000 
19931.000000 17045.000000 
19940.000000 17027.000000 
19964.000000 16998.000000 
19960.000000 17002.000000 
19958.000000 17025.000000 
19968.000000 16932.000000 
19976.000000 16888.000000 
19974.000000 16917.000000 
19988.000000 16875.000000 
20000.000000 16814.000000 

15983.000000 20266.000000 
15899.000000 20338.000000 
15872.000000 20355.000000 
15791.000000 20386.000000 
15864.000000 20385.000000 
16021.000000 20256.000000 
16101.000000 20252.000000 
16181.000000 20185.000000 
16160.000000 20194.000000 

16283.000000 20316.000000 
16186.000000 20360.000000 
16264.000000 20355.000000 

16104.000000 20406.000000 
16115.000000 20402.000000 
16114.000000 20403.000000 
16238.000000 20400.000000 
16077.000000 20413.000000 
16095.000000 20408.000000 
16255.000000 20383.000000 
16434.000000 20368.000000 
16384.000000 20373.000000 
16379.000000 20380.000000 
16519.000000 20361.000000 
16597.000000 20342.000000 
16608.000000 20341.000000 
16577.000000 20351.000000 
16584.000000 20344.000000 
16627.000000 20330.000000 
16718.000000 20292.000000 
16717.000000 20304.000000 
16742.000000 20291.000000 
16820.000000 20278.000000 
16782.000000 20289.000000 
16915.000000 20261.000000 
16916.000000 20253.000000 
16940.000000 20244.000000 
16958.000000 20235.000000 
16974.000000 20234.000000 
16981.000000 20229.000000 
16999.000000 20227.000000 
17137.000000 20167.000000 
17115.000000 20199.000000 
17248.000000 20162.000000 
17274.000000 20155.000000 
17303.000000 20145.000000 
17322.000000 20141.000000 
17313.000000 20142.000000 
17340.000000 20140.000000 
17366.000000 20133.000000 
17358.000000 20136.000000 
17430.000000 20130.000000 
17487.000000 20110.000000 
17455.000000 20122.000000 
17498.000000 20103.000000 
17426.000000 20132.000000 
17533.000000 20072.000000 
17513.000000 20073.000000 
17549.000000 20062.000000 
17555.000000 20056.000000 
17640.000000 19998.000000 
17632.000000 20006.000000 
17604.000000 20032.000000 
17781.000000 19931.000000 
17770.000000 19960.000000 
17824.000000 19921.000000 
17841.000000 19917.000000 
17895.000000 19876.000000 
17883.000000 19890.000000 
17929.000000 19871.000000 
17943.000000 19844.000000 
17935.000000 19845.000000 
17921.000000 19874.000000 
17948.000000 19836.000000 
17973.000000 19808.000000 
17967.000000 19820.000000 
17944.000000 19839.000000 
18099.000000 19756.000000 
18137.000000 19729.000000 
18143.000000 19705.000000 
18139.000000 19714.000000 
18204.000000 19663.000000 
18178.000000 19689.000000 
18247.000000 19646.000000 
18201.000000 19670.000000 
18205.000000 19659.000000 
18216.000000 19649.000000 
18207.000000 19654.000000 
18358.000000 19567.000000 
18390.000000 19556.000000 
18460.000000 19465.000000 
18444.000000 19488.000000 
18448.000000 19485.000000 
18443.000000 19496.000000 
18461.000000 19446.000000 
18551.000000 19406.000000 
18533.000000 19418.000000 
18617.000000 19341.000000 
18591.000000 19371.000000 
18641.000000 19319.000000 
18648.000000 19298.000000 
18671.000000 19278.000000 
18661.000000 19286.000000 
18746.000000 19227.000000 
18744.000000 19230.000000 
18794.000000 19211.000000 
18795.000000 19206.000000 
18793.000000 19217.000000 
18810.000000 19202.000000 
18829.000000 19188.000000 
18837.000000 19171.000000 
18846.000000 19165.000000 
18868.000000 19129.000000 
18855.000000 19142.000000 
18931.000000 19060.000000 
18921.000000 19088.000000 
19008.000000 18994.000000 
19011.000000 18961.000000 
19018.000000 18950.000000 
18892.000000 19101.000000 
18882.000000 19121.000000 
19027.000000 18944.000000 
19061.000000 18884.000000 
19068.000000 18883.000000 
19053.000000 18885.000000 
19126.000000 18869.000000 
19148.000000 18827.000000 
19138.000000 18855.000000 
19179.000000 18812.000000 
19212.000000 18768.000000 
19239.000000 18715.000000 
19223.000000 18735.000000 
19220.000000 18747.000000 
19246.000000 18707.000000 
19250.000000 18684.000000 
19268.000000 18658.000000 
19254.000000 18680.000000 
19263.000000 18671.000000 
19292.000000 18637.000000 
19302.000000 18603.000000 
19277.000000 18646.000000 
19328.000000 18596.000000 
19297.000000 18632.000000 
19379.000000 18515.000000 
19394.000000 18467.000000 
19397.000000 18462.000000 
19409.000000 18442.000000 
19410.000000 18435.000000 
19407.000000 18451.000000 
19490.000000 18247.000000 
19471.000000 18310.000000 
19474.000000 18276.000000 
19498.000000 18230.000000 
19489.000000 18260.000000 
19519.000000 18228.000000 
19533.000000 18198.000000 
19581.000000 18155.000000 
19569.000000 18160.000000 
19552.000000 18193.000000 
19557.000000 18176.000000 
19562.000000 18163.000000 
19619.000000 18065.000000 
19620.000000 18047.000000 
19677.000000 17949.000000 
19721.000000 17864.000000 
19745.000000 17739.000000 
19784.000000 17691.000000 
19786.000000 17675.000000 
19805.000000 17674.000000 
19820.000000 17536.000000 
19818.000000 17564.000000 
19819.000000 17547.000000 
19811.000000 17609.000000 
18940.000000 19046.000000 
18942.000000 19031.000000 
18927.000000 19069.000000 
19758.000000 17726.000000 
19753.000000 17730.000000 
19744.000000 17774.000000 
19764.000000 17725.000000 
19741.000000 17818.000000 
19690.000000 17936.000000 
19682.000000 17941.000000 
19665.000000 18028.000000 
19640.000000 18046.000000 
19646.000000 18036.000000 
19719.000000 17889.000000 
19706.000000 17890.000000 
19703.000000 17935.000000 
19722.000000 17833.000000 
19726.000000 17821.000000 
19723.000000 17823.000000 
19780.000000 17712.000000 
19749.000000 17737.000000 
19830.000000 17499.000000 
19827.000000 17529.000000 
19855.000000 17488.000000 
19881.000000 17441.000000 
19899.000000 17380.000000 
19911.000000 17334.000000 
19905.000000 17335.000000 
19914.000000 17296.000000 
19904.000000 17353.000000 
19940.000000 17263.000000 
19924.000000 17286.000000 
19943.000000 17235.000000 
19946.000000 17134.000000 
19959.000000 17084.000000 
19985.000000 16973.000000 
19953.000000 17123.000000 
19955.000000 17119.000000 
19984.000000 17038.000000 
20007.000000 16956.000000 
20000.000000 16958.000000 
20009.000000 16903.000000 
20010.000000 16843.000000 
19989.000000 16966.000000 
20014.000000 16814.000000 
20015.000000 16798.000000 
20020.000000 16712.000000 

15995.000000 20414.000000 
16329.000000 20397.000000 
16387.000000 20384.000000 
16561.000000 20376.000000 
16623.000000 20357.000000 
16715.000000 20347.000000 
16630.000000 20354.000000 
16802.000000 20299.000000 
16744.000000 20302.000000 
16761.000000 20300.000000 
16814.000000 20278.000000 
17368.000000 20103.000000 
17354.000000 20109.000000 
17412.000000 20096.000000 
17507.000000 20074.000000 
17547.000000 20058.000000 
17521.000000 20063.000000 
17554.000000 20043.000000 
17586.000000 20032.000000 
17616.000000 20006.000000 
17606.000000 20017.000000 
17664.000000 19978.000000 
17657.000000 19987.000000 
17662.000000 19980.000000 
17658.000000 19986.000000 
17673.000000 19976.000000 
17654.000000 19999.000000 
17678.000000 19973.000000 
17740.000000 19935.000000 
17769.000000 19921.000000 
17762.000000 19927.000000 
17748.000000 19929.000000 
17946.000000 19854.000000 
18016.000000 19805.000000 
18076.000000 19764.000000 
18321.000000 19622.000000 
18325.000000 19620.000000 
18353.000000 19607.000000 
18404.000000 19561.000000 
18468.000000 19549.000000 
18489.000000 19512.000000 
18541.000000 19475.000000 
18503.000000 19483.000000 
18494.000000 19493.000000 
18562.000000 19438.000000 
18550.000000 19456.000000 
18655.000000 19344.000000 
18691.000000 19320.000000 
18658.000000 19342.000000 
18730.000000 19280.000000 
18741.000000 19257.000000 
18769.000000 19242.000000 
18777.000000 19218.000000 
18809.000000 19195.000000 
18805.000000 19206.000000 
18806.000000 19205.000000 
18842.000000 19163.000000 
18832.000000 19184.000000 
18863.000000 19128.000000 
18859.000000 19143.000000 
18884.000000 19122.000000 
18927.000000 19061.000000 
18943.000000 19043.000000 
18926.000000 19078.000000 
18939.000000 19055.000000 
18924.000000 19094.000000 
18987.000000 18998.000000 
19000.000000 18963.000000 
19027.000000 18931.000000 
19045.000000 18905.000000 
19044.000000 18922.000000 
19053.000000 18902.000000 
19069.000000 18888.000000 
19056.000000 18895.000000 
19136.000000 18813.000000 
19117.000000 18838.000000 
19108.000000 18881.000000 
19178.000000 18766.000000 
19154.000000 18793.000000 
19242.000000 18643.000000 
19396.000000 18487.000000 
19427.000000 18439.000000 
19425.000000 18449.000000 
19429.000000 18426.000000 
19441.000000 18422.000000 
19443.000000 18421.000000 
19444.000000 18401.000000 
19530.000000 18253.000000 
19596.000000 18155.000000 
19609.000000 18126.000000 
19614.000000 18117.000000 
19603.000000 18138.000000 
19629.000000 18116.000000 
19644.000000 18059.000000 
19643.000000 18060.000000 
19658.000000 18003.000000 
19646.000000 18039.000000 
19648.000000 18026.000000 
19664.000000 18000.000000 
19678.000000 17975.000000 
19676.000000 17976.000000 
19693.000000 17914.000000 
19694.000000 17912.000000 
19686.000000 17952.000000 
19715.000000 17838.000000 
19702.000000 17877.000000 
19711.000000 17855.000000 
19698.000000 17883.000000 
19723.000000 17819.000000 
19728.000000 17814.000000 
19755.000000 17762.000000 
19751.000000 17778.000000 
19932.000000 17142.000000 
19903.000000 17259.000000 
16874.000000 20244.000000 
16848.000000 20248.000000 
16837.000000 20265.000000 
16858.000000 20246.000000 
16930.000000 20237.000000 
16934.000000 20236.000000 
16990.000000 20232.000000 
17024.000000 20208.000000 
17019.000000 20212.000000 
17016.000000 20229.000000 
17053.000000 20207.000000 
17077.000000 20198.000000 
17220.000000 20183.000000 
17148.000000 20195.000000 
17180.000000 20185.000000 
17176.000000 20188.000000 
17209.000000 20184.000000 
17243.000000 20162.000000 
17293.000000 20138.000000 
17290.000000 20156.000000 
17349.000000 20123.000000 
17370.000000 20100.000000 
17447.000000 20094.000000 
17448.000000 20078.000000 
17602.000000 20023.000000 
17705.000000 19971.000000 
17707.000000 19963.000000 
17712.000000 19956.000000 
17700.000000 19972.000000 
17738.000000 19952.000000 
17713.000000 19955.000000 
17718.000000 19954.000000 
17840.000000 19907.000000 
17855.000000 19890.000000 
17842.000000 19893.000000 
17972.000000 19839.000000 
17948.000000 19843.000000 
18012.000000 19810.000000 
17999.000000 19832.000000 
18057.000000 19780.000000 
18051.000000 19792.000000 
18018.000000 19804.000000 
18116.000000 19736.000000 
18115.000000 19742.000000 
18117.000000 19729.000000 
18118.000000 19728.000000 
18102.000000 19745.000000 
18093.000000 19753.000000 
18150.000000 19726.000000 
18177.000000 19722.000000 
18191.000000 19719.000000 
18195.000000 19698.000000 
18194.000000 19708.000000 
18196.000000 19697.000000 
18228.000000 19691.000000 
18215.000000 19695.000000 
18230.000000 19670.000000 
18244.000000 19661.000000 
18234.000000 19662.000000 
18287.000000 19653.000000 
18319.000000 19636.000000 
18295.000000 19645.000000 
18410.000000 19557.000000 
18375.000000 19581.000000 
18370.000000 19582.000000 
18408.000000 19559.000000 
18376.000000 19565.000000 
18474.000000 19519.000000 
18481.000000 19518.000000 
18507.000000 19480.000000 
18498.000000 19491.000000 
18492.000000 19494.000000 
18497.000000 19492.000000 
18593.000000 19420.000000 
18609.000000 19405.000000 
18634.000000 19383.000000 
18671.000000 19323.000000 
18711.000000 19285.000000 
18709.000000 19311.000000 
18714.000000 19281.000000 
18956.000000 19033.000000 
18981.000000 19009.000000 
18998.000000 18967.000000 
19023.000000 18951.000000 
18994.000000 18987.000000 
19085.000000 18885.000000 
19127.000000 18820.000000 
19152.000000 18796.000000 
19173.000000 18782.000000 
19198.000000 18756.000000 
19205.000000 18746.000000 
19220.000000 18717.000000 
19228.000000 18705.000000 
19234.000000 18699.000000 
19236.000000 18692.000000 
19214.000000 18732.000000 
19279.000000 18633.000000 
19287.000000 18626.000000 
19314.000000 18613.000000 
19338.000000 18537.000000 
19335.000000 18570.000000 
19327.000000 18592.000000 
19368.000000 18509.000000 
19401.000000 18483.000000 
19417.000000 18457.000000 
19456.000000 18398.000000 
19490.000000 18322.000000 
19487.000000 18363.000000 
19476.000000 18377.000000 
19522.000000 18315.000000 
19560.000000 18229.000000 
19553.000000 18238.000000 
19566.000000 18211.000000 
19563.000000 18228.000000 
19582.000000 18192.000000 
19612.000000 18122.000000 
19651.000000 18022.000000 
19640.000000 18061.000000 
19721.000000 17836.000000 
19731.000000 17787.000000 
19775.000000 17719.000000 
19767.000000 17760.000000 
19771.000000 17758.000000 
19781.000000 17706.000000 
19783.000000 17697.000000 
19776.000000 17710.000000 
19792.000000 17652.000000 
19787.000000 17673.000000 
19799.000000 17638.000000 
19797.000000 17643.000000 
19812.000000 17617.000000 
19826.000000 17554.000000 
19825.000000 17563.000000 
19845.000000 17477.000000 
19846.000000 17457.000000 
19837.000000 17538.000000 
19843.000000 17505.000000 
19860.000000 17385.000000 
19865.000000 17368.000000 
19896.000000 17300.000000 
19875.000000 17361.000000 
19894.000000 17308.000000 
19892.000000 17360.000000 
19895.000000 17307.000000 
19927.000000 17192.000000 
19918.000000 17225.000000 
19913.000000 17249.000000 
19920.000000 17216.000000 
19945.000000 17128.000000 
19952.000000 17122.000000 
19926.000000 17198.000000 
19928.000000 17147.000000 
19931.000000 17146.000000 
19957.000000 17048.000000 
19955.000000 17075.000000 
19956.000000 17066.000000 
19984.000000 16975.000000 
19975.000000 17022.000000 
19976.000000 16979.000000 
19967.000000 17045.000000 
19991.000000 16925.000000 
20010.000000 16837.000000 
20008.000000 16911.000000 
20015.000000 16825.000000 

15864.000000 20414.000000 
16003.000000 20410.000000 
16051.000000 20404.000000 
16179.000000 20400.000000 
16296.000000 20387.000000 
16288.000000 20391.000000 
16287.000000 20394.000000 
16314.000000 20386.000000 
16323.000000 20385.000000 
16430.000000 20363.000000 
16426.000000 20380.000000 
16539.000000 20359.000000 
16585.000000 20342.000000 
16600.000000 20340.000000 
16636.000000 20326.000000 
16647.000000 20318.000000 
16617.000000 20337.000000 
16706.000000 20297.000000 
16747.000000 20293.000000 
16699.000000 20301.000000 
16688.000000 20311.000000 
16818.000000 20286.000000 
16892.000000 20264.000000 
16875.000000 20266.000000 
16869.000000 20275.000000 
16893.000000 20257.000000 
16923.000000 20244.000000 
16925.000000 20225.000000 
17104.000000 20211.000000 
17101.000000 20216.000000 
17110.000000 20210.000000 
17159.000000 20203.000000 
17203.000000 20189.000000 
17172.000000 20200.000000 
17219.000000 20173.000000 
17217.000000 20178.000000 
17314.000000 20120.000000 
17288.000000 20143.000000 
17358.000000 20118.000000 
17310.000000 20125.000000 
17431.000000 20096.000000 
17518.000000 20065.000000 
17548.000000 20057.000000 
17570.000000 20054.000000 
17614.000000 20034.000000 
17636.000000 20008.000000 
17655.000000 20005.000000 
17722.000000 19966.000000 
17684.000000 19983.000000 
17679.000000 19999.000000 
17753.000000 19951.000000 
17760.000000 19942.000000 
17770.000000 19939.000000 
17751.000000 19954.000000 
17803.000000 19929.000000 
17830.000000 19904.000000 
17862.000000 19885.000000 
17873.000000 19879.000000 
17857.000000 19895.000000 
17883.000000 19878.000000 
17866.000000 19884.000000 
17918.000000 19865.000000 
17885.000000 19867.000000 
17947.000000 19835.000000 
17931.000000 19847.000000 
17977.000000 19824.000000 
17948.000000 19827.000000 
18049.000000 19782.000000 
18056.000000 19765.000000 
18156.000000 19753.000000 
18159.000000 19736.000000 
18171.000000 19728.000000 
18174.000000 19727.000000 
18212.000000 19697.000000 
18185.000000 19714.000000 
18183.000000 19719.000000 
18277.000000 19670.000000 
18280.000000 19646.000000 
18330.000000 19622.000000 
18348.000000 19617.000000 
18359.000000 19601.000000 
18329.000000 19632.000000 
18373.000000 19590.000000 
18427.000000 19550.000000 
18460.000000 19514.000000 
18440.000000 19535.000000 
18552.000000 19407.000000 
18523.000000 19422.000000 
18514.000000 19428.000000 
18559.000000 19385.000000 
18562.000000 19376.000000 
18554.000000 19387.000000 
18573.000000 19375.000000 
18560.000000 19377.000000 
18591.000000 19336.000000 
18592.000000 19327.000000 
18638.000000 19294.000000 
18632.000000 19311.000000 
19413.000000 18421.000000 
19460.000000 18318.000000 
19634.000000 17996.000000 
19649.000000 17993.000000 
19660.000000 17934.000000 
19667.000000 17932.000000 
19677.000000 17901.000000 
19682.000000 17858.000000 
19678.000000 17872.000000 
19674.000000 17907.000000 
19908.000000 17223.000000 
19904.000000 17266.000000 
19911.000000 17192.000000 
19949.000000 17154.000000 
19960.000000 16997.000000 
19955.000000 17082.000000 
19964.000000 16980.000000 
19959.000000 17074.000000 
19961.000000 16983.000000 
19976.000000 16918.000000 
17623.000000 20015.000000 
18908.000000 18998.000000 
18920.000000 18987.000000 
18907.000000 19030.000000 
18785.000000 19145.000000 
18767.000000 19173.000000 
18771.000000 19167.000000 
18742.000000 19274.000000 
18756.000000 19268.000000 
18764.000000 19259.000000 
18867.000000 19122.000000 
18733.000000 19284.000000 
18866.000000 19139.000000 
18950.000000 18983.000000 
19014.000000 18959.000000 
18891.000000 19092.000000 
18871.000000 19120.000000 
18885.000000 19113.000000 
19051.000000 18954.000000 
19089.000000 18908.000000 
19096.000000 18903.000000 
19084.000000 18913.000000 
19107.000000 18874.000000 
19079.000000 18935.000000 
19141.000000 18848.000000 
19163.000000 18801.000000 
19162.000000 18812.000000 
19156.000000 18827.000000 
19160.000000 18814.000000 
19194.000000 18776.000000 
19189.000000 18787.000000 
19214.000000 18759.000000 
19197.000000 18763.000000 
19206.000000 18761.000000 
19258.000000 18687.000000 
19241.000000 18710.000000 
19239.000000 18747.000000 
19271.000000 18685.000000 
19282.000000 18680.000000 
19287.000000 18674.000000 
19317.000000 18662.000000 
19310.000000 18672.000000 
19322.000000 18658.000000 
19340.000000 18630.000000 
19349.000000 18612.000000 
19351.000000 18596.000000 
19312.000000 18668.000000 
19364.000000 18547.000000 
19350.000000 18600.000000 
19333.000000 18653.000000 
19389.000000 18538.000000 
19406.000000 18513.000000 
19362.000000 18586.000000 
19487.000000 18299.000000 
19455.000000 18387.000000 
19457.000000 18336.000000 
19554.000000 18236.000000 
19558.000000 18169.000000 
19576.000000 18160.000000 
19586.000000 18136.000000 
19625.000000 18099.000000 
19582.000000 18137.000000 
19659.000000 17976.000000 
19632.000000 18030.000000 
19711.000000 17840.000000 
19709.000000 17857.000000 
19714.000000 17839.000000 
19730.000000 17826.000000 
19735.000000 17797.000000 
19769.000000 17774.000000 
19773.000000 17730.000000 
19782.000000 17724.000000 
19797.000000 17699.000000 
19793.000000 17719.000000 
19811.000000 17680.000000 
19810.000000 17698.000000 
19830.000000 17598.000000 
19835.000000 17546.000000 
19829.000000 17623.000000 
19845.000000 17537.000000 
19853.000000 17501.000000 
19855.000000 17478.000000 
19861.000000 17464.000000 
19881.000000 17391.000000 
19891.000000 17357.000000 
19886.000000 17365.000000 
19879.000000 17408.000000 
19901.000000 17336.000000 
19894.000000 17344.000000 
19870.000000 17452.000000 

15864.000000 20414.000000 
16003.000000 20410.000000 
16051.000000 20404.000000 
16179.000000 20400.000000 
16296.000000 20387.000000 
16288.000000 20391.000000 
16287.000000 20394.000000 
16314.000000 20386.000000 
16323.000000 20385.000000 
16430.000000 20363.000000 
16426.000000 20380.000000 
16539.000000 20359.000000 
16585.000000 20342.000000 
16600.000000 20340.000000 
16636.000000 20326.000000 
16647.000000 20318.000000 
16617.000000 20337.000000 
16706.000000 20297.000000 
16747.000000 20293.000000 
16699.000000 20301.000000 
16688.000000 20311.000000 
16818.000000 20286.000000 
16892.000000 20264.000000 
16875.000000 20266.000000 
16869.000000 20275.000000 
16893.000000 20257.000000 
16923.000000 20244.000000 
16925.000000 20225.000000 
17104.000000 20211.000000 
17101.000000 20216.000000 
17110.000000 20210.000000 
17159.000000 20203.000000 
17203.000000 20189.000000 
17172.000000 20200.000000 
17219.000000 20173.000000 
17217.000000 20178.000000 
17314.000000 20120.000000 
17288.000000 20143.000000 
17358.000000 20118.000000 
17310.000000 20125.000000 
17431.000000 20096.000000 
17518.000000 20065.000000 
17548.000000 20057.000000 
17570.000000 20054.000000 
17614.000000 20034.000000 
17636.000000 20008.000000 
17655.000000 20005.000000 
17722.000000 19966.000000 
17684.000000 19983.000000 
17679.000000 19999.000000 
17753.000000 19951.000000 
17760.000000 19942.000000 
17770.000000 19939.000000 
17751.000000 19954.000000 
17803.000000 19929.000000 
17830.000000 19904.000000 
17862.000000 19885.000000 
17873.000000 19879.000000 
17857.000000 19895.000000 
17883.000000 19878.000000 
17866.000000 19884.000000 
17918.000000 19865.000000 
17885.000000 19867.000000 
17947.000000 19835.000000 
17931.000000 19847.000000 
17977.000000 19824.000000 
17948.000000 19827.000000 
18049.000000 19782.000000 
18056.000000 19765.000000 
18156.000000 19753.000000 
18159.000000 19736.000000 
18171.000000 19728.000000 
18174.000000 19727.000000 
18212.000000 19697.000000 
18185.000000 19714.000000 
18183.000000 19719.000000 
18277.000000 19670.000000 
18280.000000 19646.000000 
18330.000000 19622.000000 
18348.000000 19617.000000 
18359.000000 19601.000000 
18329.000000 19632.000000 
18373.000000 19590.000000 
18427.000000 19550.000000 
18460.000000 19514.000000 
18440.000000 19535.000000 
18552.000000 19407.000000 
18523.000000 19422.000000 
18514.000000 19428.000000 
18559.000000 19385.000000 
18562.000000 19376.000000 
18554.000000 19387.000000 
18573.000000 19375.000000 
18560.000000 19377.000000 
18591.000000 19336.000000 
18592.000000 19327.000000 
18638.000000 19294.000000 
18632.000000 19311.000000 
19413.000000 18421.000000 
19460.000000 18318.000000 
19634.000000 17996.000000 
19649.000000 17993.000000 
19660.000000 17934.000000 
19667.000000 17932.000000 
19677.000000 17901.000000 
19682.000000 17858.000000 
19678.000000 17872.000000 
19674.000000 17907.000000 
19908.000000 17223.000000 
19904.000000 17266.000000 
19911.000000 17192.000000 
19949.000000 17154.000000 
19960.000000 16997.000000 
19955.000000 17082.000000 
19964.000000 16980.000000 
19959.000000 17074.000000 
19961.000000 16983.000000 
19976.000000 16918.000000 
17623.000000 20015.000000 
18908.000000 18998.000000 
18920.000000 18987.000000 
18907.000000 19030.000000 
18785.000000 19145.000000 
18767.000000 19173.000000 
18771.000000 19167.000000 
18742.000000 19274.000000 
18756.000000 19268.000000 
18764.000000 19259.000000 
18867.000000 19122.000000 
18733.000000 19284.000000 
18866.000000 19139.000000 
18950.000000 18983.000000 
19014.000000 18959.000000 
18891.000000 19092.000000 
18871.000000 19120.000000 
18885.000000 19113.000000 
19051.000000 18954.000000 
19089.000000 18908.000000 
19096.000000 18903.000000 
19084.000000 18913.000000 
19107.000000 18874.000000 
19079.000000 18935.000000 
19141.000000 18848.000000 
19163.000000 18801.000000 
19162.000000 18812.000000 
19156.000000 18827.000000 
19160.000000 18814.000000 
19194.000000 18776.000000 
19189.000000 18787.000000 
19214.000000 18759.000000 
19197.000000 18763.000000 
19206.000000 18761.000000 
19258.000000 18687.000000 
19241.000000 18710.000000 
19239.000000 18747.000000 
19271.000000 18685.000000 
19282.000000 18680.000000 
19287.000000 18674.000000 
19317.000000 18662.000000 
19310.000000 18672.000000 
19322.000000 18658.000000 
19340.000000 18630.000000 
19349.000000 18612.000000 
19351.000000 18596.000000 
19312.000000 18668.000000 
19364.000000 18547.000000 
19350.000000 18600.000000 
19333.000000 18653.000000 
19389.000000 18538.000000 
19406.000000 18513.000000 
19362.000000 18586.000000 
19487.000000 18299.000000 
19455.000000 18387.000000 
19457.000000 18336.000000 
19554.000000 18236.000000 
19558.000000 18169.000000 
19576.000000 18160.000000 
19586.000000 18136.000000 
19625.000000 18099.000000 
19582.000000 18137.000000 
19659.000000 17976.000000 
19632.000000 18030.000000 
19711.000000 17840.000000 
19709.000000 17857.000000 
19714.000000 17839.000000 
19730.000000 17826.000000 
19735.000000 17797.000000 
19769.000000 17774.000000 
19773.000000 17730.000000 
19782.000000 17724.000000 
19797.000000 17699.000000 
19793.000000 17719.000000 
19811.000000 17680.000000 
19810.000000 17698.000000 
19830.000000 17598.000000 
19835.000000 17546.000000 
19829.000000 17623.000000 
19845.000000 17537.000000 
19853.000000 17501.000000 
19855.000000 17478.000000 
19861.000000 17464.000000 
19881.000000 17391.000000 
19891.000000 17357.000000 
19886.000000 17365.000000 
19879.000000 17408.000000 
19901.000000 17336.000000 
19894.000000 17344.000000 
19870.000000 17452.000000 

16173.000000 20360.000000 
16284.000000 20357.000000 
16337.000000 20346.000000 
16322.000000 20356.000000 
16326.000000 20351.000000 
16390.000000 20345.000000 
16433.000000 20344.000000 
16444.000000 20339.000000 
16450.000000 20338.000000 
16470.000000 20334.000000 
16542.000000 20330.000000 
16588.000000 20325.000000 
16814.000000 20302.000000 
16767.000000 20319.000000 
16927.000000 20263.000000 
16907.000000 20289.000000 
16895.000000 20290.000000 
16920.000000 20279.000000 
17031.000000 20236.000000 
17040.000000 20232.000000 
17100.000000 20231.000000 
17128.000000 20217.000000 
17163.000000 20213.000000 
17173.000000 20210.000000 
17241.000000 20195.000000 
17207.000000 20199.000000 
17254.000000 20173.000000 
17258.000000 20171.000000 
17285.000000 20156.000000 
17327.000000 20137.000000 
17378.000000 20117.000000 
17343.000000 20128.000000 
17353.000000 20120.000000 
17338.000000 20129.000000 
17429.000000 20103.000000 
17450.000000 20101.000000 
17425.000000 20105.000000 
17462.000000 20085.000000 
17492.000000 20084.000000 
17512.000000 20071.000000 
17535.000000 20054.000000 
17705.000000 19981.000000 
17713.000000 19962.000000 
17741.000000 19953.000000 
17821.000000 19929.000000 
17827.000000 19925.000000 
17848.000000 19921.000000 
17819.000000 19948.000000 
17893.000000 19904.000000 
17889.000000 19915.000000 
17917.000000 19889.000000 
17950.000000 19883.000000 
17906.000000 19897.000000 
17908.000000 19890.000000 
17973.000000 19860.000000 
17985.000000 19858.000000 
17969.000000 19864.000000 
17996.000000 19852.000000 
18026.000000 19820.000000 
18053.000000 19805.000000 
18044.000000 19810.000000 
18025.000000 19836.000000 
18033.000000 19817.000000 
18165.000000 19734.000000 
18182.000000 19730.000000 
18245.000000 19666.000000 
18248.000000 19653.000000 
18246.000000 19665.000000 
18239.000000 19684.000000 
18238.000000 19688.000000 
18301.000000 19624.000000 
18300.000000 19637.000000 
18289.000000 19646.000000 
18310.000000 19617.000000 
18362.000000 19587.000000 
18319.000000 19607.000000 
18333.000000 19601.000000 
18318.000000 19616.000000 
18394.000000 19554.000000 
18431.000000 19519.000000 
18392.000000 19562.000000 
18419.000000 19536.000000 
18499.000000 19467.000000 
18501.000000 19464.000000 
18497.000000 19478.000000 
18494.000000 19488.000000 
18489.000000 19501.000000 
18504.000000 19450.000000 
18533.000000 19438.000000 
18520.000000 19447.000000 
18534.000000 19431.000000 
18575.000000 19405.000000 
18597.000000 19345.000000 
18565.000000 19415.000000 
18580.000000 19377.000000 
18592.000000 19373.000000 
18664.000000 19317.000000 
18670.000000 19289.000000 
18647.000000 19319.000000 
18728.000000 19267.000000 
18729.000000 19256.000000 
18717.000000 19272.000000 
18747.000000 19238.000000 
18743.000000 19249.000000 
18749.000000 19235.000000 
18755.000000 19228.000000 
18954.000000 19036.000000 
18963.000000 19016.000000 
18997.000000 18962.000000 
19019.000000 18934.000000 
19042.000000 18919.000000 
19027.000000 18929.000000 
19016.000000 18945.000000 
19050.000000 18894.000000 
19047.000000 18904.000000 
19061.000000 18882.000000 
19092.000000 18836.000000 
19071.000000 18870.000000 
19082.000000 18840.000000 
19079.000000 18847.000000 
19075.000000 18850.000000 
19143.000000 18785.000000 
19119.000000 18835.000000 
19128.000000 18801.000000 
19157.000000 18731.000000 
19249.000000 18657.000000 
19223.000000 18671.000000 
19292.000000 18648.000000 
19300.000000 18608.000000 
19347.000000 18592.000000 
19368.000000 18557.000000 
19375.000000 18547.000000 
19390.000000 18499.000000 
19391.000000 18476.000000 
19398.000000 18466.000000 
19416.000000 18443.000000 
19436.000000 18398.000000 
19419.000000 18420.000000 
19422.000000 18413.000000 
19418.000000 18440.000000 
19447.000000 18357.000000 
19442.000000 18387.000000 
19455.000000 18350.000000 
19483.000000 18309.000000 
19467.000000 18336.000000 
19497.000000 18296.000000 
19487.000000 18305.000000 
19533.000000 18246.000000 
19517.000000 18284.000000 
19507.000000 18293.000000 
19550.000000 18200.000000 
19557.000000 18161.000000 
19543.000000 18216.000000 
19568.000000 18156.000000 
19609.000000 18072.000000 
19616.000000 18062.000000 
19622.000000 18048.000000 
19607.000000 18101.000000 
19661.000000 17946.000000 
19656.000000 17999.000000 
19659.000000 17988.000000 
19674.000000 17920.000000 
19677.000000 17888.000000 
19692.000000 17842.000000 
19681.000000 17872.000000 
19682.000000 17851.000000 
19694.000000 17809.000000 
19698.000000 17807.000000 
19703.000000 17802.000000 
19708.000000 17797.000000 
19727.000000 17728.000000 
19723.000000 17778.000000 
19730.000000 17718.000000 
19725.000000 17742.000000 
19731.000000 17707.000000 
19736.000000 17700.000000 
19753.000000 17692.000000 
19764.000000 17657.000000 
19754.000000 17668.000000 
19879.000000 17255.000000 
19895.000000 17206.000000 
19897.000000 17201.000000 
19911.000000 17118.000000 
19916.000000 17109.000000 
18979.000000 18988.000000 
18866.000000 19159.000000 
18902.000000 19132.000000 
18938.000000 19108.000000 
18919.000000 19125.000000 
18909.000000 19129.000000 
18901.000000 19148.000000 
19905.000000 17127.000000 
19886.000000 17241.000000 
19882.000000 17244.000000 
19803.000000 17650.000000 
19810.000000 17627.000000 
19829.000000 17602.000000 
19835.000000 17598.000000 
19822.000000 17618.000000 
19818.000000 17620.000000 
19848.000000 17574.000000 
19850.000000 17571.000000 
19858.000000 17552.000000 
19838.000000 17584.000000 
19867.000000 17515.000000 
19870.000000 17469.000000 
19825.000000 17612.000000 
19904.000000 17186.000000 
19903.000000 17200.000000 
19923.000000 17049.000000 
19922.000000 17051.000000 
19919.000000 17081.000000 
19920.000000 17064.000000 
19931.000000 17045.000000 
19940.000000 17027.000000 
19964.000000 16998.000000 
19960.000000 17002.000000 
19958.000000 17025.000000 
19968.000000 16932.000000 
19976.000000 16888.000000 
19974.000000 16917.000000 
19988.000000 16875.000000 
20000.000000 16814.000000 

15983.000000 20266.000000 
15899.000000 20338.000000 
15872.000000 20355.000000 
15791.000000 20386.000000 
15864.000000 20385.000000 
16021.000000 20256.000000 
16101.000000 20252.000000 
16181.000000 20185.000000 
16160.000000 20194.000000 

16283.000000 20316.000000 
16186.000000 20360.000000 
16264.000000 20355.000000 

16104.000000 20406.000000 
16115.000000 20402.000000 
16114.000000 20403.000000 
16238.000000 20400.000000 
16077.000000 20413.000000 
16095.000000 20408.000000 
16255.000000 20383.000000 
16434.000000 20368.000000 
16384.000000 20373.000000 
16379.000000 20380.000000 
16519.000000 20361.000000 
16597.000000 20342.000000 
16608.000000 20341.000000 
16577.000000 20351.000000 
16584.000000 20344.000000 
16627.000000 20330.000000 
16718.000000 20292.000000 
16717.000000 20304.000000 
16742.000000 20291.000000 
16820.000000 20278.000000 
16782.000000 20289.000000 
16915.000000 20261.000000 
16916.000000 20253.000000 
16940.000000 20244.000000 
16958.000000 20235.000000 
16974.000000 20234.000000 
16981.000000 20229.000000 
16999.000000 20227.000000 
17137.000000 20167.000000 
17115.000000 20199.000000 
17248.000000 20162.000000 
17274.000000 20155.000000 
17303.000000 20145.000000 
17322.000000 20141.000000 
17313.000000 20142.000000 
17340.000000 20140.000000 
17366.000000 20133.000000 
17358.000000 20136.000000 
17430.000000 20130.000000 
17487.000000 20110.000000 
17455.000000 20122.000000 
17498.000000 20103.000000 
17426.000000 20132.000000 
17533.000000 20072.000000 
17513.000000 20073.000000 
17549.000000 20062.000000 
17555.000000 20056.000000 
17640.000000 19998.000000 
17632.000000 20006.000000 
17604.000000 20032.000000 
17781.000000 19931.000000 
17770.000000 19960.000000 
17824.000000 19921.000000 
17841.000000 19917.000000 
17895.000000 19876.000000 
17883.000000 19890.000000 
17929.000000 19871.000000 
17943.000000 19844.000000 
17935.000000 19845.000000 
17921.000000 19874.000000 
17948.000000 19836.000000 
17973.000000 19808.000000 
17967.000000 19820.000000 
17944.000000 19839.000000 
18099.000000 19756.000000 
18137.000000 19729.000000 
18143.000000 19705.000000 
18139.000000 19714.000000 
18204.000000 19663.000000 
18178.000000 19689.000000 
18247.000000 19646.000000 
18201.000000 19670.000000 
18205.000000 19659.000000 
18216.000000 19649.000000 
18207.000000 19654.000000 
18358.000000 19567.000000 
18390.000000 19556.000000 
18460.000000 19465.000000 
18444.000000 19488.000000 
18448.000000 19485.000000 
18443.000000 19496.000000 
18461.000000 19446.000000 
18551.000000 19406.000000 
18533.000000 19418.000000 
18617.000000 19341.000000 
18591.000000 19371.000000 
18641.000000 19319.000000 
18648.000000 19298.000000 
18671.000000 19278.000000 
18661.000000 19286.000000 
18746.000000 19227.000000 
18744.000000 19230.000000 
18794.000000 19211.000000 
18795.000000 19206.000000 
18793.000000 19217.000000 
18810.000000 19202.000000 
18829.000000 19188.000000 
18837.000000 19171.000000 
18846.000000 19165.000000 
18868.000000 19129.000000 
18855.000000 19142.000000 
18931.000000 19060.000000 
18921.000000 19088.000000 
19008.000000 18994.000000 
19011.000000 18961.000000 
19018.000000 18950.000000 
18892.000000 19101.000000 
18882.000000 19121.000000 
19027.000000 18944.000000 
19061.000000 18884.000000 
19068.000000 18883.000000 
19053.000000 18885.000000 
19126.000000 18869.000000 
19148.000000 18827.000000 
19138.000000 18855.000000 
19179.000000 18812.000000 
19212.000000 18768.000000 
19239.000000 18715.000000 
19223.000000 18735.000000 
19220.000000 18747.000000 
19246.000000 18707.000000 
19250.000000 18684.000000 
19268.000000 18658.000000 
19254.000000 18680.000000 
19263.000000 18671.000000 
19292.000000 18637.000000 
19302.000000 18603.000000 
19277.000000 18646.000000 
19328.000000 18596.000000 
19297.000000 18632.000000 
19379.000000 18515.000000 
19394.000000 18467.000000 
19397.000000 18462.000000 
19409.000000 18442.000000 
19410.000000 18435.000000 
19407.000000 18451.000000 
19490.000000 18247.000000 
19471.000000 18310.000000 
19474.000000 18276.000000 
19498.000000 18230.000000 
19489.000000 18260.000000 
19519.000000 18228.000000 
19533.000000 18198.000000 
19581.000000 18155.000000 
19569.000000 18160.000000 
19552.000000 18193.000000 
19557.000000 18176.000000 
19562.000000 18163.000000 
19619.000000 18065.000000 
19620.000000 18047.000000 
19677.000000 17949.000000 
19721.000000 17864.000000 
19745.000000 17739.000000 
19784.000000 17691.000000 
19786.000000 17675.000000 
19805.000000 17674.000000 
19820.000000 17536.000000 
19818.000000 17564.000000 
19819.000000 17547.000000 
19811.000000 17609.000000 
18940.000000 19046.000000 
18942.000000 19031.000000 
18927.000000 19069.000000 
19758.000000 17726.000000 
19753.000000 17730.000000 
19744.000000 17774.000000 
19764.000000 17725.000000 
19741.000000 17818.000000 
19690.000000 17936.000000 
19682.000000 17941.000000 
19665.000000 18028.000000 
19640.000000 18046.000000 
19646.000000 18036.000000 
19719.000000 17889.000000 
19706.000000 17890.000000 
19703.000000 17935.000000 
19722.000000 17833.000000 
19726.000000 17821.000000 
19723.000000 17823.000000 
19780.000000 17712.000000 
19749.000000 17737.000000 
19830.000000 17499.000000 
19827.000000 17529.000000 
19855.000000 17488.000000 
19881.000000 17441.000000 
19899.000000 17380.000000 
19911.000000 17334.000000 
19905.000000 17335.000000 
19914.000000 17296.000000 
19904.000000 17353.000000 
19940.000000 17263.000000 
19924.000000 17286.000000 
19943.000000 17235.000000 
19946.000000 17134.000000 
19959.000000 17084.000000 
19985.000000 16973.000000 
19953.000000 17123.000000 
19955.000000 17119.000000 
19984.000000 17038.000000 
20007.000000 16956.000000 
20000.000000 16958.000000 
20009.000000 16903.000000 
20010.000000 16843.000000 
19989.000000 16966.000000 
20014.000000 16814.000000 
20015.000000 16798.000000 
20020.000000 16712.000000 

15995.000000 20414.000000 
16329.000000 20397.000000 
16387.000000 20384.000000 
16561.000000 20376.000000 
16623.000000 20357.000000 
16715.000000 20347.000000 
16630.000000 20354.000000 
16802.000000 20299.000000 
16744.000000 20302.000000 
16761.000000 20300.000000 
16814.000000 20278.000000 
17368.000000 20103.000000 
17354.000000 20109.000000 
17412.000000 20096.000000 
17507.000000 20074.000000 
17547.000000 20058.000000 
17521.000000 20063.000000 
17554.000000 20043.000000 
17586.000000 20032.000000 
17616.000000 20006.000000 
17606.000000 20017.000000 
17664.000000 19978.000000 
17657.000000 19987.000000 
17662.000000 19980.000000 
17658.000000 19986.000000 
17673.000000 19976.000000 
17654.000000 19999.000000 
17678.000000 19973.000000 
17740.000000 19935.000000 
17769.000000 19921.000000 
17762.000000 19927.000000 
17748.000000 19929.000000 
17946.000000 19854.000000 
18016.000000 19805.000000 
18076.000000 19764.000000 
18321.000000 19622.000000 
18325.000000 19620.000000 
18353.000000 19607.000000 
18404.000000 19561.000000 
18468.000000 19549.000000 
18489.000000 19512.000000 
18541.000000 19475.000000 
18503.000000 19483.000000 
18494.000000 19493.000000 
18562.000000 19438.000000 
18550.000000 19456.000000 
18655.000000 19344.000000 
18691.000000 19320.000000 
18658.000000 19342.000000 
18730.000000 19280.000000 
18741.000000 19257.000000 
18769.000000 19242.000000 
18777.000000 19218.000000 
18809.000000 19195.000000 
18805.000000 19206.000000 
18806.000000 19205.000000 
18842.000000 19163.000000 
18832.000000 19184.000000 
18863.000000 19128.000000 
18859.000000 19143.000000 
18884.000000 19122.000000 
18927.000000 19061.000000 
18943.000000 19043.000000 
18926.000000 19078.000000 
18939.000000 19055.000000 
18924.000000 19094.000000 
18987.000000 18998.000000 
19000.000000 18963.000000 
19027.000000 18931.000000 
19045.000000 18905.000000 
19044.000000 18922.000000 
19053.000000 18902.000000 
19069.000000 18888.000000 
19056.000000 18895.000000 
19136.000000 18813.000000 
19117.000000 18838.000000 
19108.000000 18881.000000 
19178.000000 18766.000000 
19154.000000 18793.000000 
19242.000000 18643.000000 
19396.000000 18487.000000 
19427.000000 18439.000000 
19425.000000 18449.000000 
19429.000000 18426.000000 
19441.000000 18422.000000 
19443.000000 18421.000000 
19444.000000 18401.000000 
19530.000000 18253.000000 
19596.000000 18155.000000 
19609.000000 18126.000000 
19614.000000 18117.000000 
19603.000000 18138.000000 
19629.000000 18116.000000 
19644.000000 18059.000000 
19643.000000 18060.000000 
19658.000000 18003.000000 
19646.000000 18039.000000 
19648.000000 18026.000000 
19664.000000 18000.000000 
19678.000000 17975.000000 
19676.000000 17976.000000 
19693.000000 17914.000000 
19694.000000 17912.000000 
19686.000000 17952.000000 
19715.000000 17838.000000 
19702.000000 17877.000000 
19711.000000 17855.000000 
19698.000000 17883.000000 
19723.000000 17819.000000 
19728.000000 17814.000000 
19755.000000 17762.000000 
19751.000000 17778.000000 
19932.000000 17142.000000 
19903.000000 17259.000000 
16874.000000 20244.000000 
16848.000000 20248.000000 
16837.000000 20265.000000 
16858.000000 20246.000000 
16930.000000 20237.000000 
16934.000000 20236.000000 
16990.000000 20232.000000 
17024.000000 20208.000000 
17019.000000 20212.000000 
17016.000000 20229.000000 
17053.000000 20207.000000 
17077.000000 20198.000000 
17220.000000 20183.000000 
17148.000000 20195.000000 
17180.000000 20185.000000 
17176.000000 20188.000000 
17209.000000 20184.000000 
17243.000000 20162.000000 
17293.000000 20138.000000 
17290.000000 20156.000000 
17349.000000 20123.000000 
17370.000000 20100.000000 
17447.000000 20094.000000 
17448.000000 20078.000000 
17602.000000 20023.000000 
17705.000000 19971.000000 
17707.000000 19963.000000 
17712.000000 19956.000000 
17700.000000 19972.000000 
17738.000000 19952.000000 
17713.000000 19955.000000 
17718.000000 19954.000000 
17840.000000 19907.000000 
17855.000000 19890.000000 
17842.000000 19893.000000 
17972.000000 19839.000000 
17948.000000 19843.000000 
18012.000000 19810.000000 
17999.000000 19832.000000 
18057.000000 19780.000000 
18051.000000 19792.000000 
18018.000000 19804.000000 
18116.000000 19736.000000 
18115.000000 19742.000000 
18117.000000 19729.000000 
18118.000000 19728.000000 
18102.000000 19745.000000 
18093.000000 19753.000000 
18150.000000 19726.000000 
18177.000000 19722.000000 
18191.000000 19719.000000 
18195.000000 19698.000000 
18194.000000 19708.000000 
18196.000000 19697.000000 
18228.000000 19691.000000 
18215.000000 19695.000000 
18230.000000 19670.000000 
18244.000000 19661.000000 
18234.000000 19662.000000 
18287.000000 19653.000000 
18319.000000 19636.000000 
18295.000000 19645.000000 
18410.000000 19557.000000 
18375.000000 19581.000000 
18370.000000 19582.000000 
18408.000000 19559.000000 
18376.000000 19565.000000 
18474.000000 19519.000000 
18481.000000 19518.000000 
18507.000000 19480.000000 
18498.000000 19491.000000 
18492.000000 19494.000000 
18497.000000 19492.000000 
18593.000000 19420.000000 
18609.000000 19405.000000 
18634.000000 19383.000000 
18671.000000 19323.000000 
18711.000000 19285.000000 
18709.000000 19311.000000 
18714.000000 19281.000000 
18956.000000 19033.000000 
18981.000000 19009.000000 
18998.000000 18967.000000 
19023.000000 18951.000000 
18994.000000 18987.000000 
19085.000000 18885.000000 
19127.000000 18820.000000 
19152.000000 18796.000000 
19173.000000 18782.000000 
19198.000000 18756.000000 
19205.000000 18746.000000 
19220.000000 18717.000000 
19228.000000 18705.000000 
19234.000000 18699.000000 
19236.000000 18692.000000 
19214.000000 18732.000000 
19279.000000 18633.000000 
19287.000000 18626.000000 
19314.000000 18613.000000 
19338.000000 18537.000000 
19335.000000 18570.000000 
19327.000000 18592.000000 
19368.000000 18509.000000 
19401.000000 18483.000000 
19417.000000 18457.000000 
19456.000000 18398.000000 
19490.000000 18322.000000 
19487.000000 18363.000000 
19476.000000 18377.000000 
19522.000000 18315.000000 
19560.000000 18229.000000 
19553.000000 18238.000000 
19566.000000 18211.000000 
19563.000000 18228.000000 
19582.000000 18192.000000 
19612.000000 18122.000000 
19651.000000 18022.000000 
19640.000000 18061.000000 
19721.000000 17836.000000 
19731.000000 17787.000000 
19775.000000 17719.000000 
19767.000000 17760.000000 
19771.000000 17758.000000 
19781.000000 17706.000000 
19783.000000 17697.000000 
19776.000000 17710.000000 
19792.000000 17652.000000 
19787.000000 17673.000000 
19799.000000 17638.000000 
19797.000000 17643.000000 
19812.000000 17617.000000 
19826.000000 17554.000000 
19825.000000 17563.000000 
19845.000000 17477.000000 
19846.000000 17457.000000 
19837.000000 17538.000000 
19843.000000 17505.000000 
19860.000000 17385.000000 
19865.000000 17368.000000 
19896.000000 17300.000000 
19875.000000 17361.000000 
19894.000000 17308.000000 
19892.000000 17360.000000 
19895.000000 17307.000000 
19927.000000 17192.000000 
19918.000000 17225.000000 
19913.000000 17249.000000 
19920.000000 17216.000000 
19945.000000 17128.000000 
19952.000000 17122.000000 
19926.000000 17198.000000 
19928.000000 17147.000000 
19931.000000 17146.000000 
19957.000000 17048.000000 
19955.000000 17075.000000 
19956.000000 17066.000000 
19984.000000 16975.000000 
19975.000000 17022.000000 
19976.000000 16979.000000 
19967.000000 17045.000000 
19991.000000 16925.000000 
20010.000000 16837.000000 
20008.000000 16911.000000 
20015.000000 16825.000000 

15931.000000 20425.000000 
15977.000000 20414.000000 
16232.000000 20398.000000 
16366.000000 20389.000000 
16375.000000 20370.000000 
16445.000000 20365.000000 
16441.000000 20369.000000 
16506.000000 20352.000000 
16472.000000 20360.000000 
16492.000000 20356.000000 
16545.000000 20351.000000 
16571.000000 20347.000000 
16606.000000 20334.000000 
16643.000000 20323.000000 
16720.000000 20320.000000 
16827.000000 20317.000000 
16821.000000 20318.000000 
16860.000000 20301.000000 
16840.000000 20305.000000 
16878.000000 20287.000000 
16946.000000 20264.000000 
17121.000000 20220.000000 
17078.000000 20236.000000 
17168.000000 20196.000000 
17210.000000 20195.000000 
17166.000000 20203.000000 
17289.000000 20179.000000 
17322.000000 20167.000000 
17285.000000 20185.000000 
17264.000000 20191.000000 
17350.000000 20155.000000 
17336.000000 20164.000000 
17357.000000 20144.000000 
17360.000000 20139.000000 
17385.000000 20128.000000 
17406.000000 20112.000000 
17614.000000 19994.000000 
17602.000000 20014.000000 
17593.000000 20021.000000 
17720.000000 19959.000000 
17705.000000 19975.000000 
17758.000000 19934.000000 
17748.000000 19944.000000 
17762.000000 19921.000000 
17799.000000 19918.000000 
17816.000000 19911.000000 
17892.000000 19877.000000 
17879.000000 19897.000000 
17923.000000 19871.000000 
17929.000000 19864.000000 
17954.000000 19843.000000 
17951.000000 19856.000000 
18166.000000 19691.000000 
18194.000000 19676.000000 
18175.000000 19684.000000 
18258.000000 19636.000000 
18265.000000 19626.000000 
18247.000000 19644.000000 
18324.000000 19605.000000 
18305.000000 19613.000000 
18295.000000 19619.000000 
18328.000000 19598.000000 
18362.000000 19579.000000 
18380.000000 19578.000000 
18358.000000 19590.000000 
18360.000000 19587.000000 
18626.000000 19362.000000 
18647.000000 19351.000000 
18622.000000 19379.000000 
18693.000000 19285.000000 
18686.000000 19299.000000 
18690.000000 19287.000000 
18735.000000 19278.000000 
18738.000000 19247.000000 
18821.000000 19206.000000 
18857.000000 19205.000000 
18867.000000 19184.000000 
18882.000000 19180.000000 
18955.000000 19067.000000 
18976.000000 19057.000000 
18954.000000 19068.000000 
18952.000000 19074.000000 
18958.000000 19062.000000 
19008.000000 19024.000000 
18994.000000 19037.000000 
19019.000000 19004.000000 
19027.000000 18997.000000 
19024.000000 18999.000000 
19045.000000 18977.000000 
19062.000000 18934.000000 
19051.000000 18945.000000 
19102.000000 18873.000000 
19133.000000 18825.000000 
19168.000000 18772.000000 
19140.000000 18813.000000 
19274.000000 18612.000000 
19288.000000 18578.000000 
19282.000000 18592.000000 
19342.000000 18547.000000 
19490.000000 18302.000000 
19530.000000 18235.000000 
19513.000000 18237.000000 
19505.000000 18274.000000 
19540.000000 18210.000000 
19561.000000 18190.000000 
19549.000000 18197.000000 
19583.000000 18165.000000 
19565.000000 18187.000000 
19572.000000 18183.000000 
19585.000000 18164.000000 
19587.000000 18129.000000 
19596.000000 18125.000000 
19612.000000 18059.000000 
19606.000000 18118.000000 
19613.000000 18050.000000 
19611.000000 18068.000000 
19610.000000 18092.000000 
19654.000000 18018.000000 
19672.000000 18005.000000 
19683.000000 17977.000000 
19700.000000 17913.000000 
19690.000000 17930.000000 
19702.000000 17912.000000 
19707.000000 17907.000000 
19704.000000 17911.000000 
19723.000000 17882.000000 
19744.000000 17835.000000 
19737.000000 17848.000000 
19736.000000 17869.000000 
19724.000000 17878.000000 
19769.000000 17745.000000 
19783.000000 17696.000000 
19787.000000 17668.000000 
19781.000000 17729.000000 
19809.000000 17655.000000 
19858.000000 17519.000000 
19837.000000 17555.000000 
19830.000000 17580.000000 
19840.000000 17540.000000 
19893.000000 17437.000000 
19881.000000 17463.000000 
19882.000000 17438.000000 
19894.000000 17390.000000 
19907.000000 17359.000000 
19925.000000 17285.000000 
19922.000000 17331.000000 
19927.000000 17259.000000 
19942.000000 17148.000000 
19928.000000 17206.000000 
19937.000000 17166.000000 
19946.000000 17142.000000 
19956.000000 17017.000000 
19958.000000 17015.000000 
19950.000000 17069.000000 
19947.000000 17116.000000 
19954.000000 17068.000000 
17445.000000 20035.000000 
17420.000000 20043.000000 
17418.000000 20044.000000 
17440.000000 20036.000000 
17462.000000 20034.000000 
18406.000000 19551.000000 
18405.000000 19564.000000 
17974.000000 19821.000000 
17967.000000 19838.000000 
18396.000000 19570.000000 
18447.000000 19550.000000 
18459.000000 19540.000000 
18479.000000 19537.000000 
18496.000000 19512.000000 
18488.000000 19529.000000 
18510.000000 19491.000000 
18508.000000 19501.000000 
18501.000000 19510.000000 
18560.000000 19487.000000 
18574.000000 19441.000000 
18600.000000 19427.000000 
18586.000000 19433.000000 
18666.000000 19331.000000 
18670.000000 19310.000000 
18656.000000 19334.000000 
18749.000000 19242.000000 
18764.000000 19234.000000 
18777.000000 19214.000000 
18883.000000 19140.000000 
18894.000000 19113.000000 
18897.000000 19110.000000 
18909.000000 19109.000000 
18922.000000 19079.000000 
18917.000000 19108.000000 
19114.000000 18851.000000 
19125.000000 18829.000000 
19136.000000 18814.000000 
19151.000000 18811.000000 
19128.000000 18827.000000 
19190.000000 18762.000000 
19163.000000 18788.000000 
19174.000000 18765.000000 
19209.000000 18758.000000 
19216.000000 18753.000000 
19219.000000 18716.000000 
19231.000000 18702.000000 
19240.000000 18696.000000 
19253.000000 18694.000000 
19236.000000 18697.000000 
19308.000000 18576.000000 
19326.000000 18571.000000 
19338.000000 18561.000000 
19366.000000 18532.000000 
19358.000000 18540.000000 
19385.000000 18497.000000 
19392.000000 18475.000000 
19389.000000 18486.000000 
19387.000000 18492.000000 
19381.000000 18516.000000 
19412.000000 18444.000000 
19453.000000 18355.000000 
19449.000000 18385.000000 
19468.000000 18337.000000 
19485.000000 18311.000000 
19618.000000 18046.000000 
19641.000000 18042.000000 
19786.000000 17669.000000 
19796.000000 17658.000000 
19747.000000 17754.000000 
19823.000000 17591.000000 
19844.000000 17530.000000 
19967.000000 16992.000000 
19986.000000 16944.000000 
19999.000000 16906.000000 
20006.000000 16871.000000 
20013.000000 16763.000000 
20008.000000 16804.000000 

16028.000000 20395.000000 
16289.000000 20378.000000 
16347.000000 20370.000000 
16369.000000 20362.000000 
16350.000000 20369.000000 
16420.000000 20347.000000 
16461.000000 20342.000000 
16455.000000 20343.000000 
16554.000000 20332.000000 
16534.000000 20341.000000 
16586.000000 20330.000000 
16664.000000 20325.000000 
16640.000000 20327.000000 
16694.000000 20322.000000 
16805.000000 20288.000000 
16719.000000 20306.000000 
16788.000000 20291.000000 
16846.000000 20284.000000 
16772.000000 20302.000000 
16918.000000 20279.000000 
16973.000000 20258.000000 
16967.000000 20269.000000 
16978.000000 20253.000000 
16988.000000 20252.000000 
17046.000000 20250.000000 
17057.000000 20243.000000 
17060.000000 20237.000000 
17068.000000 20233.000000 
17140.000000 20218.000000 
17106.000000 20232.000000 
17134.000000 20219.000000 
17125.000000 20224.000000 
17196.000000 20185.000000 
17183.000000 20199.000000 
17227.000000 20174.000000 
17265.000000 20170.000000 
17274.000000 20149.000000 
17379.000000 20122.000000 
17387.000000 20119.000000 
17366.000000 20133.000000 
17428.000000 20092.000000 
17398.000000 20105.000000 
17403.000000 20098.000000 
17433.000000 20084.000000 
17444.000000 20083.000000 
17457.000000 20071.000000 
17460.000000 20070.000000 
17465.000000 20065.000000 
17453.000000 20076.000000 
17474.000000 20063.000000 
17463.000000 20066.000000 
17483.000000 20033.000000 
17504.000000 20029.000000 
17615.000000 20013.000000 
17691.000000 19964.000000 
17686.000000 19967.000000 
17674.000000 19971.000000 
17711.000000 19954.000000 
17721.000000 19947.000000 
17738.000000 19929.000000 
17732.000000 19943.000000 
17716.000000 19952.000000 
17904.000000 19854.000000 
17930.000000 19842.000000 
17907.000000 19853.000000 
17903.000000 19859.000000 
17945.000000 19838.000000 
17953.000000 19828.000000 
18001.000000 19798.000000 
17988.000000 19815.000000 
18002.000000 19796.000000 
18060.000000 19772.000000 
18080.000000 19753.000000 
18167.000000 19700.000000 
18174.000000 19695.000000 
18166.000000 19704.000000 
18215.000000 19686.000000 
18196.000000 19687.000000 
18282.000000 19620.000000 
18279.000000 19631.000000 
18301.000000 19605.000000 
18315.000000 19599.000000 
18300.000000 19610.000000 
18322.000000 19582.000000 
18977.000000 19017.000000 
18958.000000 19039.000000 
18981.000000 18995.000000 
19009.000000 18982.000000 
18994.000000 18993.000000 
19014.000000 18946.000000 
19012.000000 18955.000000 
19017.000000 18938.000000 
19049.000000 18900.000000 
19120.000000 18828.000000 
19325.000000 18579.000000 
19290.000000 18586.000000 
19294.000000 18582.000000 
19338.000000 18552.000000 
19363.000000 18537.000000 
19351.000000 18551.000000 
19384.000000 18491.000000 
19385.000000 18488.000000 
19391.000000 18477.000000 
19411.000000 18444.000000 
19405.000000 18472.000000 
19416.000000 18424.000000 
19407.000000 18449.000000 
19429.000000 18402.000000 
19425.000000 18419.000000 
19433.000000 18392.000000 
19504.000000 18300.000000 
19483.000000 18330.000000 
19532.000000 18239.000000 
19526.000000 18248.000000 
19538.000000 18230.000000 
19585.000000 18101.000000 
19571.000000 18150.000000 
19609.000000 18072.000000 
19589.000000 18091.000000 
19584.000000 18111.000000 
19588.000000 18094.000000 
19626.000000 18019.000000 
19693.000000 17888.000000 
19759.000000 17706.000000 
19776.000000 17657.000000 
19792.000000 17631.000000 
19789.000000 17634.000000 
19798.000000 17623.000000 
19800.000000 17597.000000 
19803.000000 17580.000000 
19848.000000 17502.000000 
19799.000000 17601.000000 
19807.000000 17565.000000 
19909.000000 17270.000000 
19955.000000 17023.000000 
19953.000000 17072.000000 
19947.000000 17108.000000 
19961.000000 17004.000000 
19943.000000 17136.000000 
20008.000000 16787.000000 
20001.000000 16837.000000 
17475.000000 20057.000000 
18491.000000 19506.000000 
18466.000000 19537.000000 
18451.000000 19547.000000 
18485.000000 19532.000000 
18487.000000 19510.000000 
18519.000000 19488.000000 
18518.000000 19491.000000 
18510.000000 19494.000000 
18506.000000 19505.000000 
18520.000000 19481.000000 
18544.000000 19478.000000 
18570.000000 19459.000000 
18551.000000 19463.000000 
18586.000000 19435.000000 
18618.000000 19396.000000 
18612.000000 19401.000000 
18620.000000 19393.000000 
18634.000000 19388.000000 
18679.000000 19324.000000 
18702.000000 19309.000000 
18709.000000 19294.000000 
18715.000000 19279.000000 
18707.000000 19303.000000 
18721.000000 19276.000000 
18747.000000 19271.000000 
18762.000000 19246.000000 
18750.000000 19260.000000 
18848.000000 19196.000000 
18825.000000 19212.000000 
18860.000000 19158.000000 
18851.000000 19164.000000 
18866.000000 19144.000000 
18921.000000 19089.000000 
18903.000000 19094.000000 
18896.000000 19098.000000 
18892.000000 19128.000000 
18945.000000 19059.000000 
19025.000000 18932.000000 
19027.000000 18919.000000 
19031.000000 18916.000000 
19047.000000 18905.000000 
19078.000000 18885.000000 
19116.000000 18867.000000 
19140.000000 18819.000000 
19125.000000 18823.000000 
19190.000000 18754.000000 
19173.000000 18787.000000 
19154.000000 18810.000000 
19215.000000 18690.000000 
19210.000000 18715.000000 
19214.000000 18713.000000 
19224.000000 18686.000000 
19236.000000 18683.000000 
19256.000000 18631.000000 
19246.000000 18663.000000 
19254.000000 18646.000000 
19247.000000 18653.000000 
19258.000000 18622.000000 
19251.000000 18648.000000 
19269.000000 18615.000000 
19289.000000 18613.000000 
19376.000000 18502.000000 
19545.000000 18189.000000 
19631.000000 17981.000000 
19602.000000 18076.000000 
19671.000000 17930.000000 
19684.000000 17925.000000 
19685.000000 17891.000000 
19711.000000 17859.000000 
19725.000000 17840.000000 
19700.000000 17882.000000 
19702.000000 17863.000000 
19746.000000 17778.000000 
19747.000000 17719.000000 
19769.000000 17689.000000 
19809.000000 17564.000000 
19814.000000 17542.000000 
19801.000000 17583.000000 
19827.000000 17511.000000 
19820.000000 17537.000000 
19866.000000 17418.000000 
19863.000000 17470.000000 
19865.000000 17427.000000 
19879.000000 17379.000000 
19874.000000 17410.000000 
19892.000000 17307.000000 
19894.000000 17306.000000 
19890.000000 17357.000000 
19908.000000 17305.000000 
19918.000000 17238.000000 
19910.000000 17262.000000 
19914.000000 17260.000000 
19919.000000 17231.000000 
19922.000000 17194.000000 
19931.000000 17176.000000 
19954.000000 17032.000000 
19976.000000 16969.000000 
19993.000000 16938.000000 
19959.000000 17019.000000 
19966.000000 16983.000000 
19971.000000 16981.000000 
19977.000000 16967.000000 

16164.000000 20392.000000 
16237.000000 20386.000000 
16384.000000 20368.000000 
16376.000000 20377.000000 
16393.000000 20367.000000 
16431.000000 20363.000000 
16505.000000 20362.000000 
16521.000000 20350.000000 
16524.000000 20342.000000 
16578.000000 20334.000000 
16588.000000 20317.000000 
16706.000000 20301.000000 
16692.000000 20315.000000 
16804.000000 20297.000000 
16904.000000 20275.000000 
16862.000000 20278.000000 
16839.000000 20286.000000 
16946.000000 20253.000000 
16934.000000 20267.000000 
17026.000000 20247.000000 
17050.000000 20238.000000 
17041.000000 20241.000000 
17097.000000 20219.000000 
17114.000000 20218.000000 
17173.000000 20206.000000 
17088.000000 20231.000000 
17139.000000 20207.000000 
17174.000000 20192.000000 
17311.000000 20137.000000 
17346.000000 20124.000000 
17415.000000 20084.000000 
17447.000000 20079.000000 
17480.000000 20065.000000 
17443.000000 20083.000000 
17413.000000 20098.000000 
17584.000000 20047.000000 
17637.000000 20031.000000 
17632.000000 20044.000000 
17633.000000 20042.000000 
17645.000000 20019.000000 
18334.000000 19602.000000 
18330.000000 19615.000000 
18358.000000 19590.000000 
18410.000000 19570.000000 
18406.000000 19576.000000 
18390.000000 19577.000000 
18441.000000 19522.000000 
18469.000000 19491.000000 
18438.000000 19533.000000 
18455.000000 19514.000000 
18514.000000 19456.000000 
18523.000000 19449.000000 
18497.000000 19472.000000 
18543.000000 19430.000000 
18544.000000 19424.000000 
18562.000000 19421.000000 
18616.000000 19394.000000 
18610.000000 19417.000000 
18637.000000 19384.000000 
18717.000000 19300.000000 
18688.000000 19319.000000 
18741.000000 19270.000000 
18746.000000 19256.000000 
18762.000000 19253.000000 
18766.000000 19231.000000 
18959.000000 19029.000000 
18965.000000 19027.000000 
18990.000000 19003.000000 
18986.000000 19009.000000 
19035.000000 18942.000000 
19034.000000 18962.000000 
19021.000000 18967.000000 
19060.000000 18895.000000 
19047.000000 18903.000000 
19051.000000 18901.000000 
19173.000000 18784.000000 
19270.000000 18620.000000 
19246.000000 18653.000000 
19267.000000 18642.000000 
19287.000000 18610.000000 
19426.000000 18383.000000 
19415.000000 18425.000000 
19456.000000 18340.000000 
19511.000000 18255.000000 
19533.000000 18230.000000 
19543.000000 18212.000000 
19531.000000 18242.000000 
19537.000000 18213.000000 
19574.000000 18159.000000 
19601.000000 18118.000000 
19602.000000 18108.000000 
19612.000000 18077.000000 
19598.000000 18151.000000 
19607.000000 18097.000000 
19645.000000 18021.000000 
19636.000000 18062.000000 
19653.000000 18014.000000 
19686.000000 17974.000000 
19691.000000 17969.000000 
19706.000000 17931.000000 
19710.000000 17883.000000 
19692.000000 17933.000000 
19707.000000 17890.000000 
19730.000000 17857.000000 
19718.000000 17869.000000 
19737.000000 17824.000000 
19767.000000 17765.000000 
19755.000000 17785.000000 
19772.000000 17753.000000 
19764.000000 17777.000000 
19787.000000 17707.000000 
19806.000000 17663.000000 
19795.000000 17668.000000 
19822.000000 17606.000000 
19848.000000 17497.000000 
19840.000000 17503.000000 
19834.000000 17553.000000 
19868.000000 17425.000000 
19849.000000 17496.000000 
19859.000000 17486.000000 
19867.000000 17434.000000 
19883.000000 17407.000000 
19902.000000 17365.000000 
19865.000000 17476.000000 
19927.000000 17208.000000 
19914.000000 17252.000000 
19923.000000 17246.000000 
19940.000000 17153.000000 
19929.000000 17192.000000 
19956.000000 17042.000000 
19947.000000 17089.000000 
19950.000000 17077.000000 
19994.000000 16940.000000 
20004.000000 16907.000000 
19996.000000 16920.000000 
19984.000000 17021.000000 
19990.000000 16949.000000 
19973.000000 17027.000000 
19988.000000 16973.000000 
20015.000000 16755.000000 
20016.000000 16739.000000 
20007.000000 16789.000000 
19838.000000 17542.000000 
19829.000000 17573.000000 
17197.000000 20156.000000 
17714.000000 19960.000000 
17677.000000 19977.000000 
17648.000000 19988.000000 
17657.000000 19978.000000 
17709.000000 19968.000000 
17773.000000 19957.000000 
17819.000000 19941.000000 
17838.000000 19927.000000 
17832.000000 19931.000000 
17867.000000 19911.000000 
17902.000000 19901.000000 
17905.000000 19897.000000 
17887.000000 19903.000000 
17913.000000 19889.000000 
17965.000000 19863.000000 
17959.000000 19883.000000 
17986.000000 19852.000000 
17976.000000 19858.000000 
17983.000000 19857.000000 
18007.000000 19836.000000 
17996.000000 19847.000000 
18004.000000 19840.000000 
18033.000000 19828.000000 
18102.000000 19788.000000 
18092.000000 19792.000000 
18110.000000 19774.000000 
18126.000000 19764.000000 
18129.000000 19749.000000 
18178.000000 19729.000000 
18214.000000 19705.000000 
18226.000000 19697.000000 
18246.000000 19683.000000 
18279.000000 19656.000000 
18285.000000 19638.000000 
18280.000000 19651.000000 
18278.000000 19661.000000 
18411.000000 19547.000000 
18424.000000 19540.000000 
18480.000000 19488.000000 
18503.000000 19467.000000 
18531.000000 19442.000000 
18561.000000 19423.000000 
18640.000000 19368.000000 
18729.000000 19289.000000 
18658.000000 19322.000000 
18770.000000 19228.000000 
18817.000000 19191.000000 
18827.000000 19175.000000 
18807.000000 19219.000000 
18819.000000 19188.000000 
18845.000000 19169.000000 
18856.000000 19159.000000 
18875.000000 19131.000000 
18893.000000 19106.000000 
18869.000000 19139.000000 
18934.000000 19070.000000 
18938.000000 19063.000000 
18891.000000 19115.000000 
18903.000000 19093.000000 
18927.000000 19088.000000 
18948.000000 19032.000000 
18977.000000 19020.000000 
18981.000000 19013.000000 
19011.000000 18992.000000 
19045.000000 18939.000000 
19013.000000 18978.000000 
19101.000000 18883.000000 
19112.000000 18881.000000 
19122.000000 18876.000000 
19138.000000 18862.000000 
19063.000000 18891.000000 
19070.000000 18890.000000 
19156.000000 18803.000000 
19188.000000 18752.000000 
19187.000000 18778.000000 
19202.000000 18733.000000 
19213.000000 18703.000000 
19206.000000 18704.000000 
19220.000000 18692.000000 
19229.000000 18684.000000 
19266.000000 18646.000000 
19242.000000 18668.000000 
19343.000000 18602.000000 
19356.000000 18571.000000 
19378.000000 18528.000000 
19358.000000 18542.000000 
19357.000000 18547.000000 
19369.000000 18531.000000 
19366.000000 18533.000000 
19398.000000 18484.000000 
19383.000000 18497.000000 
19412.000000 18438.000000 
19404.000000 18463.000000 
19416.000000 18420.000000 
19445.000000 18360.000000 
19449.000000 18356.000000 
19480.000000 18297.000000 
19476.000000 18336.000000 
19504.000000 18265.000000 
19505.000000 18263.000000 
19514.000000 18251.000000 
19499.000000 18278.000000 

16189.000000 20403.000000 
16116.000000 20404.000000 
16088.000000 20407.000000 
