1.570100000000000000e+04 2.045100000000000000e+04
1.575900000000000000e+04 2.044800000000000000e+04
1.588400000000000000e+04 2.044700000000000000e+04
1.592900000000000000e+04 2.044500000000000000e+04
1.595900000000000000e+04 2.044500000000000000e+04
1.617900000000000000e+04 2.044400000000000000e+04
1.630700000000000000e+04 2.043600000000000000e+04
1.634700000000000000e+04 2.042900000000000000e+04
1.638800000000000000e+04 2.042800000000000000e+04
1.640600000000000000e+04 2.041700000000000000e+04
1.642700000000000000e+04 2.041700000000000000e+04
1.644600000000000000e+04 2.041300000000000000e+04
1.645400000000000000e+04 2.041000000000000000e+04
1.646800000000000000e+04 2.040800000000000000e+04
1.647600000000000000e+04 2.040500000000000000e+04
1.649000000000000000e+04 2.040500000000000000e+04
1.650400000000000000e+04 2.040500000000000000e+04
1.652200000000000000e+04 2.039700000000000000e+04
1.653500000000000000e+04 2.039400000000000000e+04
1.654500000000000000e+04 2.039200000000000000e+04
1.655800000000000000e+04 2.039000000000000000e+04
1.657200000000000000e+04 2.038800000000000000e+04
1.658800000000000000e+04 2.038400000000000000e+04
1.659300000000000000e+04 2.037900000000000000e+04
1.659400000000000000e+04 2.037400000000000000e+04
1.660500000000000000e+04 2.037400000000000000e+04
1.664400000000000000e+04 2.037100000000000000e+04
1.666600000000000000e+04 2.036500000000000000e+04
1.667600000000000000e+04 2.036100000000000000e+04
1.668400000000000000e+04 2.036000000000000000e+04
1.669900000000000000e+04 2.035800000000000000e+04
1.670000000000000000e+04 2.035800000000000000e+04
1.672000000000000000e+04 2.035600000000000000e+04
1.673300000000000000e+04 2.035600000000000000e+04
1.678100000000000000e+04 2.035200000000000000e+04
1.679600000000000000e+04 2.034300000000000000e+04
1.682600000000000000e+04 2.034200000000000000e+04
1.683700000000000000e+04 2.033200000000000000e+04
1.688300000000000000e+04 2.033100000000000000e+04
1.688800000000000000e+04 2.032400000000000000e+04
1.690500000000000000e+04 2.031400000000000000e+04
1.691300000000000000e+04 2.031300000000000000e+04
1.693300000000000000e+04 2.031100000000000000e+04
1.694200000000000000e+04 2.030700000000000000e+04
1.694600000000000000e+04 2.030200000000000000e+04
1.695100000000000000e+04 2.030000000000000000e+04
1.697200000000000000e+04 2.029900000000000000e+04
1.697400000000000000e+04 2.029200000000000000e+04
1.699200000000000000e+04 2.029100000000000000e+04
1.700200000000000000e+04 2.029000000000000000e+04
1.700500000000000000e+04 2.028100000000000000e+04
1.700500000000000000e+04 2.028200000000000000e+04
1.701900000000000000e+04 2.028100000000000000e+04
1.702000000000000000e+04 2.027700000000000000e+04
1.703500000000000000e+04 2.027600000000000000e+04
1.705600000000000000e+04 2.027100000000000000e+04
1.705900000000000000e+04 2.025900000000000000e+04
1.707000000000000000e+04 2.025900000000000000e+04
1.708700000000000000e+04 2.025600000000000000e+04
1.709000000000000000e+04 2.025200000000000000e+04
1.709900000000000000e+04 2.024900000000000000e+04
1.711400000000000000e+04 2.024800000000000000e+04
1.714000000000000000e+04 2.024200000000000000e+04
1.715700000000000000e+04 2.024000000000000000e+04
1.716100000000000000e+04 2.022800000000000000e+04
1.717800000000000000e+04 2.022800000000000000e+04
1.719400000000000000e+04 2.022000000000000000e+04
1.719900000000000000e+04 2.021900000000000000e+04
1.724600000000000000e+04 2.021900000000000000e+04
1.725100000000000000e+04 2.021000000000000000e+04
1.727200000000000000e+04 2.020000000000000000e+04
1.727500000000000000e+04 2.019000000000000000e+04
1.728100000000000000e+04 2.018900000000000000e+04
1.730300000000000000e+04 2.018800000000000000e+04
1.730800000000000000e+04 2.018000000000000000e+04
1.731900000000000000e+04 2.017000000000000000e+04
1.733100000000000000e+04 2.016600000000000000e+04
1.734000000000000000e+04 2.016100000000000000e+04
1.734800000000000000e+04 2.016000000000000000e+04
1.735000000000000000e+04 2.016000000000000000e+04
1.736700000000000000e+04 2.015700000000000000e+04
1.737400000000000000e+04 2.014500000000000000e+04
1.737800000000000000e+04 2.014400000000000000e+04
1.738800000000000000e+04 2.014200000000000000e+04
1.739100000000000000e+04 2.014000000000000000e+04
1.740100000000000000e+04 2.013900000000000000e+04
1.740300000000000000e+04 2.013900000000000000e+04
1.747300000000000000e+04 2.013600000000000000e+04
1.748900000000000000e+04 2.012100000000000000e+04
1.749100000000000000e+04 2.011100000000000000e+04
1.749400000000000000e+04 2.011100000000000000e+04
1.749800000000000000e+04 2.010900000000000000e+04
1.750400000000000000e+04 2.010500000000000000e+04
1.750600000000000000e+04 2.009900000000000000e+04
1.752800000000000000e+04 2.009900000000000000e+04
1.754700000000000000e+04 2.009200000000000000e+04
1.756200000000000000e+04 2.008400000000000000e+04
1.756600000000000000e+04 2.008400000000000000e+04
1.759300000000000000e+04 2.007300000000000000e+04
1.759400000000000000e+04 2.007000000000000000e+04
1.759900000000000000e+04 2.006700000000000000e+04
1.760400000000000000e+04 2.006300000000000000e+04
1.760400000000000000e+04 2.006600000000000000e+04
1.760700000000000000e+04 2.005700000000000000e+04
1.760700000000000000e+04 2.005800000000000000e+04
1.761300000000000000e+04 2.005600000000000000e+04
1.762600000000000000e+04 2.005500000000000000e+04
1.763100000000000000e+04 2.005400000000000000e+04
1.766400000000000000e+04 2.005200000000000000e+04
1.768300000000000000e+04 2.005000000000000000e+04
1.768700000000000000e+04 2.003800000000000000e+04
1.769600000000000000e+04 2.003200000000000000e+04
1.770000000000000000e+04 2.002900000000000000e+04
1.770900000000000000e+04 2.002500000000000000e+04
1.771800000000000000e+04 2.002300000000000000e+04
1.771900000000000000e+04 2.001500000000000000e+04
1.772300000000000000e+04 2.001000000000000000e+04
1.773600000000000000e+04 2.000400000000000000e+04
1.775100000000000000e+04 1.999700000000000000e+04
1.777300000000000000e+04 1.999400000000000000e+04
1.777900000000000000e+04 1.998700000000000000e+04
1.778500000000000000e+04 1.998700000000000000e+04
1.779300000000000000e+04 1.998700000000000000e+04
1.779700000000000000e+04 1.998100000000000000e+04
1.780700000000000000e+04 1.997200000000000000e+04
1.781600000000000000e+04 1.996800000000000000e+04
1.782900000000000000e+04 1.996700000000000000e+04
1.783600000000000000e+04 1.996100000000000000e+04
1.784000000000000000e+04 1.995000000000000000e+04
1.784000000000000000e+04 1.995500000000000000e+04
1.784000000000000000e+04 1.995600000000000000e+04
1.784200000000000000e+04 1.994400000000000000e+04
1.784900000000000000e+04 1.994300000000000000e+04
1.785300000000000000e+04 1.993900000000000000e+04
1.786500000000000000e+04 1.993600000000000000e+04
1.787000000000000000e+04 1.993500000000000000e+04
1.788000000000000000e+04 1.993500000000000000e+04
1.788300000000000000e+04 1.992800000000000000e+04
1.792600000000000000e+04 1.992200000000000000e+04
1.793500000000000000e+04 1.990200000000000000e+04
1.796300000000000000e+04 1.990000000000000000e+04
1.797500000000000000e+04 1.989200000000000000e+04
1.800200000000000000e+04 1.988600000000000000e+04
1.802000000000000000e+04 1.987300000000000000e+04
1.802900000000000000e+04 1.986800000000000000e+04
1.803200000000000000e+04 1.986000000000000000e+04
1.803500000000000000e+04 1.985000000000000000e+04
1.804500000000000000e+04 1.984500000000000000e+04
1.804700000000000000e+04 1.984500000000000000e+04
1.805200000000000000e+04 1.983000000000000000e+04
1.805200000000000000e+04 1.983300000000000000e+04
1.806900000000000000e+04 1.983000000000000000e+04
1.808800000000000000e+04 1.982700000000000000e+04
1.809200000000000000e+04 1.981900000000000000e+04
1.809900000000000000e+04 1.981800000000000000e+04
1.811300000000000000e+04 1.980800000000000000e+04
1.811900000000000000e+04 1.980700000000000000e+04
1.812100000000000000e+04 1.979900000000000000e+04
1.812300000000000000e+04 1.979800000000000000e+04
1.813000000000000000e+04 1.979800000000000000e+04
1.813600000000000000e+04 1.979200000000000000e+04
1.813900000000000000e+04 1.978400000000000000e+04
1.814000000000000000e+04 1.978300000000000000e+04
1.815200000000000000e+04 1.978200000000000000e+04
1.815600000000000000e+04 1.977700000000000000e+04
1.815700000000000000e+04 1.977500000000000000e+04
1.815800000000000000e+04 1.976900000000000000e+04
1.817600000000000000e+04 1.976500000000000000e+04
1.818500000000000000e+04 1.976200000000000000e+04
1.818700000000000000e+04 1.975500000000000000e+04
1.819300000000000000e+04 1.975400000000000000e+04
1.819400000000000000e+04 1.975400000000000000e+04
1.819500000000000000e+04 1.975200000000000000e+04
1.819500000000000000e+04 1.975300000000000000e+04
1.819800000000000000e+04 1.975200000000000000e+04
1.820000000000000000e+04 1.975100000000000000e+04
1.820900000000000000e+04 1.974900000000000000e+04
1.822300000000000000e+04 1.974200000000000000e+04
1.822500000000000000e+04 1.973300000000000000e+04
1.822600000000000000e+04 1.973300000000000000e+04
1.823000000000000000e+04 1.972400000000000000e+04
1.823400000000000000e+04 1.972000000000000000e+04
1.823900000000000000e+04 1.971900000000000000e+04
1.824100000000000000e+04 1.971900000000000000e+04
1.824300000000000000e+04 1.971700000000000000e+04
1.824400000000000000e+04 1.971500000000000000e+04
1.824800000000000000e+04 1.971500000000000000e+04
1.824900000000000000e+04 1.970900000000000000e+04
1.825100000000000000e+04 1.970500000000000000e+04
1.825300000000000000e+04 1.970300000000000000e+04
1.826300000000000000e+04 1.970200000000000000e+04
1.828600000000000000e+04 1.969800000000000000e+04
1.830300000000000000e+04 1.967500000000000000e+04
1.830300000000000000e+04 1.968200000000000000e+04
1.830400000000000000e+04 1.967300000000000000e+04
1.830800000000000000e+04 1.966500000000000000e+04
1.830800000000000000e+04 1.966800000000000000e+04
1.831400000000000000e+04 1.966300000000000000e+04
1.831400000000000000e+04 1.966500000000000000e+04
1.831700000000000000e+04 1.966300000000000000e+04
1.834400000000000000e+04 1.965800000000000000e+04
1.834700000000000000e+04 1.965100000000000000e+04
1.835300000000000000e+04 1.964200000000000000e+04
1.835700000000000000e+04 1.963700000000000000e+04
1.836600000000000000e+04 1.963500000000000000e+04
1.837600000000000000e+04 1.963000000000000000e+04
1.838600000000000000e+04 1.962200000000000000e+04
1.838900000000000000e+04 1.962100000000000000e+04
1.839800000000000000e+04 1.961100000000000000e+04
1.840200000000000000e+04 1.960000000000000000e+04
1.840700000000000000e+04 1.959900000000000000e+04
1.841100000000000000e+04 1.959200000000000000e+04
1.841200000000000000e+04 1.958900000000000000e+04
1.842500000000000000e+04 1.958600000000000000e+04
1.842900000000000000e+04 1.958500000000000000e+04
1.843100000000000000e+04 1.958200000000000000e+04
1.844800000000000000e+04 1.958000000000000000e+04
1.846400000000000000e+04 1.956500000000000000e+04
1.846600000000000000e+04 1.955900000000000000e+04
1.847400000000000000e+04 1.955700000000000000e+04
1.849500000000000000e+04 1.954500000000000000e+04
1.849800000000000000e+04 1.953400000000000000e+04
1.850800000000000000e+04 1.953300000000000000e+04
1.851100000000000000e+04 1.953100000000000000e+04
1.852800000000000000e+04 1.952900000000000000e+04
1.854400000000000000e+04 1.951900000000000000e+04
1.854500000000000000e+04 1.950400000000000000e+04
1.854600000000000000e+04 1.950000000000000000e+04
1.854800000000000000e+04 1.949900000000000000e+04
1.858300000000000000e+04 1.949200000000000000e+04
1.858500000000000000e+04 1.947500000000000000e+04
1.859000000000000000e+04 1.946500000000000000e+04
1.859500000000000000e+04 1.946200000000000000e+04
1.860600000000000000e+04 1.945900000000000000e+04
1.860800000000000000e+04 1.944400000000000000e+04
1.861200000000000000e+04 1.944200000000000000e+04
1.862100000000000000e+04 1.944000000000000000e+04
1.862500000000000000e+04 1.943300000000000000e+04
1.863600000000000000e+04 1.942600000000000000e+04
1.864100000000000000e+04 1.942100000000000000e+04
1.866200000000000000e+04 1.941900000000000000e+04
1.866600000000000000e+04 1.939400000000000000e+04
1.868400000000000000e+04 1.939400000000000000e+04
1.869100000000000000e+04 1.938100000000000000e+04
1.870100000000000000e+04 1.937800000000000000e+04
1.870400000000000000e+04 1.936100000000000000e+04
1.870700000000000000e+04 1.935500000000000000e+04
1.870700000000000000e+04 1.935800000000000000e+04
1.871000000000000000e+04 1.935500000000000000e+04
1.871500000000000000e+04 1.934600000000000000e+04
1.871500000000000000e+04 1.935100000000000000e+04
1.871600000000000000e+04 1.934300000000000000e+04
1.872300000000000000e+04 1.934200000000000000e+04
1.872800000000000000e+04 1.933900000000000000e+04
1.874000000000000000e+04 1.933700000000000000e+04
1.874200000000000000e+04 1.932500000000000000e+04
1.874300000000000000e+04 1.932500000000000000e+04
1.875100000000000000e+04 1.932000000000000000e+04
1.875200000000000000e+04 1.931600000000000000e+04
1.875800000000000000e+04 1.931200000000000000e+04
1.876000000000000000e+04 1.930500000000000000e+04
1.877800000000000000e+04 1.930500000000000000e+04
1.877900000000000000e+04 1.929400000000000000e+04
1.878200000000000000e+04 1.928600000000000000e+04
1.878500000000000000e+04 1.928100000000000000e+04
1.878900000000000000e+04 1.927800000000000000e+04
1.879300000000000000e+04 1.927700000000000000e+04
1.879900000000000000e+04 1.927200000000000000e+04
1.880000000000000000e+04 1.927100000000000000e+04
1.880400000000000000e+04 1.926100000000000000e+04
1.880400000000000000e+04 1.926800000000000000e+04
1.881400000000000000e+04 1.926100000000000000e+04
1.883000000000000000e+04 1.925400000000000000e+04
1.884500000000000000e+04 1.924500000000000000e+04
1.884800000000000000e+04 1.923000000000000000e+04
1.885300000000000000e+04 1.922100000000000000e+04
1.885300000000000000e+04 1.922800000000000000e+04
1.885900000000000000e+04 1.920700000000000000e+04
1.885900000000000000e+04 1.921900000000000000e+04
1.887400000000000000e+04 1.919400000000000000e+04
1.887400000000000000e+04 1.919600000000000000e+04
1.887400000000000000e+04 1.920700000000000000e+04
1.887900000000000000e+04 1.919400000000000000e+04
1.889400000000000000e+04 1.919400000000000000e+04
1.889800000000000000e+04 1.919000000000000000e+04
1.890000000000000000e+04 1.918000000000000000e+04
1.890200000000000000e+04 1.917700000000000000e+04
1.891000000000000000e+04 1.916700000000000000e+04
1.891700000000000000e+04 1.916700000000000000e+04
1.892600000000000000e+04 1.916100000000000000e+04
1.892800000000000000e+04 1.915700000000000000e+04
1.893600000000000000e+04 1.915200000000000000e+04
1.893800000000000000e+04 1.914500000000000000e+04
1.893900000000000000e+04 1.913300000000000000e+04
1.896100000000000000e+04 1.913100000000000000e+04
1.896600000000000000e+04 1.912800000000000000e+04
1.897600000000000000e+04 1.909500000000000000e+04
1.897600000000000000e+04 1.911700000000000000e+04
1.898300000000000000e+04 1.909100000000000000e+04
1.899900000000000000e+04 1.908600000000000000e+04
1.900100000000000000e+04 1.907300000000000000e+04
1.900400000000000000e+04 1.906200000000000000e+04
1.901400000000000000e+04 1.906200000000000000e+04
1.901600000000000000e+04 1.904600000000000000e+04
1.902400000000000000e+04 1.904500000000000000e+04
1.902800000000000000e+04 1.903900000000000000e+04
1.903200000000000000e+04 1.903700000000000000e+04
1.904300000000000000e+04 1.903700000000000000e+04
1.904400000000000000e+04 1.902700000000000000e+04
1.905600000000000000e+04 1.902600000000000000e+04
1.906000000000000000e+04 1.902100000000000000e+04
1.906500000000000000e+04 1.900500000000000000e+04
1.906900000000000000e+04 1.900300000000000000e+04
1.907400000000000000e+04 1.899600000000000000e+04
1.907700000000000000e+04 1.899300000000000000e+04
1.909200000000000000e+04 1.898600000000000000e+04
1.910000000000000000e+04 1.896300000000000000e+04
1.911300000000000000e+04 1.896000000000000000e+04
1.911900000000000000e+04 1.894800000000000000e+04
1.912600000000000000e+04 1.893000000000000000e+04
1.913500000000000000e+04 1.890900000000000000e+04
1.913500000000000000e+04 1.891700000000000000e+04
1.914300000000000000e+04 1.890700000000000000e+04
1.914400000000000000e+04 1.889500000000000000e+04
1.914400000000000000e+04 1.889900000000000000e+04
1.914600000000000000e+04 1.888800000000000000e+04
1.914700000000000000e+04 1.888800000000000000e+04
1.914900000000000000e+04 1.888300000000000000e+04
1.916300000000000000e+04 1.888200000000000000e+04
1.916500000000000000e+04 1.887900000000000000e+04
1.917800000000000000e+04 1.887300000000000000e+04
1.918500000000000000e+04 1.886200000000000000e+04
1.920300000000000000e+04 1.885000000000000000e+04
1.921900000000000000e+04 1.883600000000000000e+04
1.922500000000000000e+04 1.881300000000000000e+04
1.922600000000000000e+04 1.879800000000000000e+04
1.923500000000000000e+04 1.879400000000000000e+04
1.923900000000000000e+04 1.878200000000000000e+04
1.924100000000000000e+04 1.878000000000000000e+04
1.925400000000000000e+04 1.877600000000000000e+04
1.926000000000000000e+04 1.876800000000000000e+04
1.927400000000000000e+04 1.873500000000000000e+04
1.927400000000000000e+04 1.875000000000000000e+04
1.927600000000000000e+04 1.872900000000000000e+04
1.928100000000000000e+04 1.872600000000000000e+04
1.928600000000000000e+04 1.872500000000000000e+04
1.928800000000000000e+04 1.871900000000000000e+04
1.929000000000000000e+04 1.871900000000000000e+04
1.929300000000000000e+04 1.871600000000000000e+04
1.930400000000000000e+04 1.869600000000000000e+04
1.931100000000000000e+04 1.868600000000000000e+04
1.931800000000000000e+04 1.868100000000000000e+04
1.931900000000000000e+04 1.865600000000000000e+04
1.931900000000000000e+04 1.866200000000000000e+04
1.932500000000000000e+04 1.865300000000000000e+04
1.933700000000000000e+04 1.865200000000000000e+04
1.933900000000000000e+04 1.865100000000000000e+04
1.934100000000000000e+04 1.864700000000000000e+04
1.934800000000000000e+04 1.863700000000000000e+04
1.935100000000000000e+04 1.862600000000000000e+04
1.935700000000000000e+04 1.862400000000000000e+04
1.935800000000000000e+04 1.860800000000000000e+04
1.935900000000000000e+04 1.860700000000000000e+04
1.936400000000000000e+04 1.860300000000000000e+04
1.936500000000000000e+04 1.860100000000000000e+04
1.936500000000000000e+04 1.860200000000000000e+04
1.937000000000000000e+04 1.859500000000000000e+04
1.938700000000000000e+04 1.859300000000000000e+04
1.939200000000000000e+04 1.857700000000000000e+04
1.939200000000000000e+04 1.858300000000000000e+04
1.939300000000000000e+04 1.857400000000000000e+04
1.939500000000000000e+04 1.857300000000000000e+04
1.940300000000000000e+04 1.856800000000000000e+04
1.940400000000000000e+04 1.856300000000000000e+04
1.940500000000000000e+04 1.854900000000000000e+04
1.940500000000000000e+04 1.855400000000000000e+04
1.943300000000000000e+04 1.854800000000000000e+04
1.946200000000000000e+04 1.851000000000000000e+04
1.946900000000000000e+04 1.847300000000000000e+04
1.947100000000000000e+04 1.847200000000000000e+04
1.948300000000000000e+04 1.845700000000000000e+04
1.948600000000000000e+04 1.845300000000000000e+04
1.948700000000000000e+04 1.844100000000000000e+04
1.949200000000000000e+04 1.842900000000000000e+04
1.949700000000000000e+04 1.842300000000000000e+04
1.950600000000000000e+04 1.840500000000000000e+04
1.951200000000000000e+04 1.838800000000000000e+04
1.951600000000000000e+04 1.836900000000000000e+04
1.951600000000000000e+04 1.837500000000000000e+04
1.952000000000000000e+04 1.836100000000000000e+04
1.952600000000000000e+04 1.835800000000000000e+04
1.952700000000000000e+04 1.834700000000000000e+04
1.952800000000000000e+04 1.834300000000000000e+04
1.953400000000000000e+04 1.833900000000000000e+04
1.953600000000000000e+04 1.833300000000000000e+04
1.953800000000000000e+04 1.832100000000000000e+04
1.954100000000000000e+04 1.832000000000000000e+04
1.954400000000000000e+04 1.831800000000000000e+04
1.955300000000000000e+04 1.831800000000000000e+04
1.955400000000000000e+04 1.829300000000000000e+04
1.955700000000000000e+04 1.829100000000000000e+04
1.955700000000000000e+04 1.829200000000000000e+04
1.956100000000000000e+04 1.829000000000000000e+04
1.956200000000000000e+04 1.828400000000000000e+04
1.956700000000000000e+04 1.827200000000000000e+04
1.957000000000000000e+04 1.827200000000000000e+04
1.957200000000000000e+04 1.826700000000000000e+04
1.957500000000000000e+04 1.825400000000000000e+04
1.957800000000000000e+04 1.825200000000000000e+04
1.957900000000000000e+04 1.825100000000000000e+04
1.958000000000000000e+04 1.824100000000000000e+04
1.959300000000000000e+04 1.824000000000000000e+04
1.959500000000000000e+04 1.823400000000000000e+04
1.960900000000000000e+04 1.823100000000000000e+04
1.961500000000000000e+04 1.821300000000000000e+04
1.961900000000000000e+04 1.818600000000000000e+04
1.962300000000000000e+04 1.818100000000000000e+04
1.962700000000000000e+04 1.816600000000000000e+04
1.963100000000000000e+04 1.816000000000000000e+04
1.963500000000000000e+04 1.815900000000000000e+04
1.963600000000000000e+04 1.815200000000000000e+04
1.963900000000000000e+04 1.814600000000000000e+04
1.964200000000000000e+04 1.814400000000000000e+04
1.964500000000000000e+04 1.813600000000000000e+04
1.964600000000000000e+04 1.812700000000000000e+04
1.964900000000000000e+04 1.811400000000000000e+04
1.964900000000000000e+04 1.812200000000000000e+04
1.965500000000000000e+04 1.811000000000000000e+04
1.965600000000000000e+04 1.811000000000000000e+04
1.965800000000000000e+04 1.810900000000000000e+04
1.965900000000000000e+04 1.810500000000000000e+04
1.966800000000000000e+04 1.809600000000000000e+04
1.967000000000000000e+04 1.807400000000000000e+04
1.967200000000000000e+04 1.806400000000000000e+04
1.967200000000000000e+04 1.806900000000000000e+04
1.967400000000000000e+04 1.806000000000000000e+04
1.968300000000000000e+04 1.803200000000000000e+04
1.968300000000000000e+04 1.805100000000000000e+04
1.968500000000000000e+04 1.803100000000000000e+04
1.968900000000000000e+04 1.802700000000000000e+04
1.969300000000000000e+04 1.802700000000000000e+04
1.969400000000000000e+04 1.801500000000000000e+04
1.969600000000000000e+04 1.800900000000000000e+04
1.969700000000000000e+04 1.800400000000000000e+04
1.970700000000000000e+04 1.800300000000000000e+04
1.972700000000000000e+04 1.797700000000000000e+04
1.973900000000000000e+04 1.796100000000000000e+04
1.974100000000000000e+04 1.794700000000000000e+04
1.974800000000000000e+04 1.793300000000000000e+04
1.974900000000000000e+04 1.791400000000000000e+04
1.975900000000000000e+04 1.791000000000000000e+04
1.976200000000000000e+04 1.788600000000000000e+04
1.976500000000000000e+04 1.788000000000000000e+04
1.977000000000000000e+04 1.787000000000000000e+04
1.977200000000000000e+04 1.784700000000000000e+04
1.977300000000000000e+04 1.784700000000000000e+04
1.977600000000000000e+04 1.784000000000000000e+04
1.977700000000000000e+04 1.783100000000000000e+04
1.978400000000000000e+04 1.782200000000000000e+04
1.978700000000000000e+04 1.779400000000000000e+04
1.978700000000000000e+04 1.779600000000000000e+04
1.978900000000000000e+04 1.779400000000000000e+04
1.979000000000000000e+04 1.779200000000000000e+04
1.979000000000000000e+04 1.779400000000000000e+04
1.980000000000000000e+04 1.778000000000000000e+04
1.980400000000000000e+04 1.776300000000000000e+04
1.980900000000000000e+04 1.776000000000000000e+04
1.981100000000000000e+04 1.775100000000000000e+04
1.981300000000000000e+04 1.774600000000000000e+04
1.981600000000000000e+04 1.772700000000000000e+04
1.981600000000000000e+04 1.772800000000000000e+04
1.981700000000000000e+04 1.772500000000000000e+04
1.982000000000000000e+04 1.771300000000000000e+04
1.982400000000000000e+04 1.771300000000000000e+04
1.982600000000000000e+04 1.770900000000000000e+04
1.982700000000000000e+04 1.769300000000000000e+04
1.982700000000000000e+04 1.770900000000000000e+04
1.982800000000000000e+04 1.768500000000000000e+04
1.983200000000000000e+04 1.768500000000000000e+04
1.983800000000000000e+04 1.767800000000000000e+04
1.984000000000000000e+04 1.767100000000000000e+04
1.984300000000000000e+04 1.765600000000000000e+04
1.984400000000000000e+04 1.765400000000000000e+04
1.984700000000000000e+04 1.764700000000000000e+04
1.984800000000000000e+04 1.763700000000000000e+04
1.984900000000000000e+04 1.763500000000000000e+04
1.985500000000000000e+04 1.763200000000000000e+04
1.986400000000000000e+04 1.762600000000000000e+04
1.986600000000000000e+04 1.759500000000000000e+04
1.987400000000000000e+04 1.754800000000000000e+04
1.987400000000000000e+04 1.756800000000000000e+04
1.988300000000000000e+04 1.752000000000000000e+04
1.988300000000000000e+04 1.754200000000000000e+04
1.989100000000000000e+04 1.751800000000000000e+04
1.989500000000000000e+04 1.750300000000000000e+04
1.989800000000000000e+04 1.748400000000000000e+04
1.990300000000000000e+04 1.748000000000000000e+04
1.990600000000000000e+04 1.747300000000000000e+04
1.990600000000000000e+04 1.748000000000000000e+04
1.990800000000000000e+04 1.746700000000000000e+04
1.991000000000000000e+04 1.744800000000000000e+04
1.991000000000000000e+04 1.746200000000000000e+04
1.991500000000000000e+04 1.744300000000000000e+04
1.992300000000000000e+04 1.743100000000000000e+04
1.992600000000000000e+04 1.741800000000000000e+04
1.992700000000000000e+04 1.739000000000000000e+04
1.992800000000000000e+04 1.737400000000000000e+04
1.993600000000000000e+04 1.737200000000000000e+04
1.993700000000000000e+04 1.735700000000000000e+04
1.993800000000000000e+04 1.734000000000000000e+04
1.993900000000000000e+04 1.733300000000000000e+04
1.993900000000000000e+04 1.733900000000000000e+04
1.994300000000000000e+04 1.732000000000000000e+04
1.994500000000000000e+04 1.731800000000000000e+04
1.994600000000000000e+04 1.731100000000000000e+04
1.994600000000000000e+04 1.731300000000000000e+04
1.995300000000000000e+04 1.731100000000000000e+04
1.996000000000000000e+04 1.727700000000000000e+04
1.996200000000000000e+04 1.726700000000000000e+04
1.996300000000000000e+04 1.725300000000000000e+04
1.996600000000000000e+04 1.725100000000000000e+04
1.997600000000000000e+04 1.719400000000000000e+04
1.997600000000000000e+04 1.723000000000000000e+04
1.997800000000000000e+04 1.718200000000000000e+04
1.998200000000000000e+04 1.717400000000000000e+04
1.999400000000000000e+04 1.715700000000000000e+04
1.999800000000000000e+04 1.711900000000000000e+04
1.999900000000000000e+04 1.707500000000000000e+04
1.999900000000000000e+04 1.709800000000000000e+04
2.000900000000000000e+04 1.707000000000000000e+04
2.001000000000000000e+04 1.706800000000000000e+04
2.001100000000000000e+04 1.704600000000000000e+04
2.001800000000000000e+04 1.704000000000000000e+04
2.001900000000000000e+04 1.699800000000000000e+04
2.002400000000000000e+04 1.699600000000000000e+04
2.002500000000000000e+04 1.695100000000000000e+04
2.002500000000000000e+04 1.697400000000000000e+04
2.002600000000000000e+04 1.694100000000000000e+04
2.002600000000000000e+04 1.694500000000000000e+04
2.002700000000000000e+04 1.693500000000000000e+04
2.003000000000000000e+04 1.693000000000000000e+04
2.003300000000000000e+04 1.691300000000000000e+04
2.003500000000000000e+04 1.688500000000000000e+04
2.004000000000000000e+04 1.687800000000000000e+04
2.004300000000000000e+04 1.685600000000000000e+04
2.004900000000000000e+04 1.681700000000000000e+04
2.005000000000000000e+04 1.677800000000000000e+04
2.005000000000000000e+04 1.678800000000000000e+04
2.005400000000000000e+04 1.677000000000000000e+04
2.005700000000000000e+04 1.675300000000000000e+04
2.005700000000000000e+04 1.676500000000000000e+04
2.005900000000000000e+04 1.664900000000000000e+04
2.005900000000000000e+04 1.671400000000000000e+04
2.006200000000000000e+04 1.663400000000000000e+04
2.006500000000000000e+04 1.661400000000000000e+04
2.006700000000000000e+04 1.660900000000000000e+04
2.006900000000000000e+04 1.655600000000000000e+04
2.007300000000000000e+04 1.648600000000000000e+04
