1.083175968956262558e+01 2.404963438403979694e+02
3.486767055675832694e+01 6.687664392898356027e+02
4.928966267024637204e+01 7.231501732505851976e+01
6.570167440112039969e+01 8.794445867320431489e+02
7.297290682785917681e+01 4.781530834589816550e+02
8.330136149908906873e+01 9.821765503627319731e+02
8.748057268622521576e+01 8.287611490359258823e+02
8.798295441373360859e+01 9.981968562906595821e+01
9.947361252127018361e+01 6.564455180081803292e+02
1.187630828303248904e+02 8.151426108656520455e+02
1.195377890641389200e+02 4.552151695919615122e+02
1.244707956922942458e+02 7.227189279245811804e+02
1.542559972452833961e+02 4.408758659429738032e+02
1.549141733933137175e+02 2.203632333806218071e+02
1.598200355559165189e+02 9.768693081550936768e+02
1.611989698393285835e+02 6.091782407753495363e+02
1.686350447453157528e+02 9.333180022735922421e+02
1.778382006807252083e+02 7.520495789795184010e+02
1.802002946843863640e+02 1.243172771241549697e+02
1.820402551072979236e+02 8.549653217334973476e+01
1.866033039944431380e+02 5.677366584251775521e+02
1.921425902276259308e+02 1.314787175850238441e+02
1.959270989237761285e+02 6.328961567304148730e+02
1.984004906634834242e+02 1.989835362075810110e+02
2.135728014662087162e+02 5.244239458583648457e+02
2.622472531775840139e+02 1.873705602594994843e+02
2.766317544616380246e+02 8.324482506939338009e+02
2.956257128858795795e+02 3.000942520371985438e+02
3.059295450799811533e+02 6.924948612093248812e+02
3.134656850916971393e+02 1.586659895957076571e+02
3.199625639896401594e+02 8.832663068832068802e+02
3.390954238897890605e+02 1.264937966941485143e+02
3.408241713772436583e+02 3.495982406768931696e+02
3.886570358001283125e+02 5.837432838541076308e+02
3.926062170457479397e+02 4.979754741598798660e+02
3.946876842351447863e+02 5.706351530641388763e+02
3.993201967454081682e+02 4.765834855220688837e+02
4.130049932264479935e+02 7.359802463681126028e+02
4.171213556294748059e+02 8.660946582840825840e+02
4.241577623836414546e+02 3.913748958632992299e+02
4.367269003564127274e+02 1.220978523712894486e+02
4.431865057278214977e+02 9.922241887756742926e+02
4.506005706353418532e+02 1.158447819244682364e+02
4.507519199835885502e+02 9.492993599897616832e+02
4.518199352104227273e+02 4.705962910478938284e+02
4.593355426315681598e+02 2.478984920830645819e+02
4.615507054549692612e+02 9.890349674716717345e+02
4.621088648754579822e+02 7.137108819829990125e+02
4.895737273985223510e+02 9.522782473449506142e+02
4.958215865168196501e+02 8.489736127796896881e+02
5.241751879332572344e+02 1.883587042498449193e+02
5.339502367579344764e+02 3.576215871845388392e+02
5.488728063628558402e+02 7.912918388547534505e+02
5.850305118158591995e+02 7.349210649103598598e+02
5.955015317513922355e+02 8.919751405037783343e+02
5.972617397761348457e+02 5.476272216136923987e+01
6.057112832484554019e+02 1.925168889889706918e+02
6.068307643666180411e+02 3.099099002876798181e+02
6.137047622407735616e+02 4.965427476956407986e+02
6.231278511728264675e+02 8.849539018549967295e+01
6.231443592594780512e+02 4.463823579518742122e+02
6.495452497609974216e+02 8.830372778417722657e+02
6.693614955468217431e+02 1.971421685112401008e+02
6.747065432168267307e+02 5.520153727592484074e+02
6.766478783118150204e+02 5.214145806214916092e+02
6.770318081429228414e+02 5.444010723560288767e+01
6.821054959444168162e+02 1.802444002281632436e+02
6.880432352911086582e+02 3.906961424123880420e+02
7.099023564554194081e+02 6.654584162017640665e+02
7.238007950228642358e+02 9.764753588169586465e+02
7.335226715472350634e+02 7.207569884541647980e+02
7.346003526258773491e+02 6.987218938153498584e+02
7.431838458508935901e+02 9.054594126967014063e+02
7.460794099881532020e+02 2.085218899027861994e+02
7.642834846773372419e+02 6.007746652205628379e+02
7.706468582829534171e+02 5.050282305258241422e+02
7.713683024474323702e+02 4.481706272608620623e+01
7.807311483202313411e+02 2.343219122500605067e+02
7.812205415227058438e+02 7.709216412939786096e+02
7.899699003175978760e+02 7.600470235779997665e+02
7.920880633336689698e+02 3.081180474384904642e+02
8.153263378945666773e+02 5.526999452265723676e+02
8.264544995997335946e+02 3.441787256499972045e+02
8.276407940553357321e+02 8.561266484386221691e+02
8.645870987191218546e+02 4.217938373700612829e+02
8.736553653068376661e+02 5.364679021035472033e+02
9.152148248967748714e+02 3.043264394410426235e+02
9.259832079974447652e+02 5.986243378205116414e+02
9.352031090839044509e+02 5.146564393997850857e+02
9.455461588126458992e+02 9.179187034905924065e+02
9.503568850602451903e+02 3.220461569890744613e+02
9.553639379651679064e+02 8.600511513204678238e+01
9.680895283986383220e+02 8.377109416620346565e+02
9.681984713183808253e+02 4.800477301326524753e+02
9.699628883128063990e+02 3.941155076314539940e+01
9.703203271842924096e+02 3.565070817590402044e+02
9.707158774209785861e+02 6.634917908329884995e+01
9.849274675658678007e+02 9.865945813239949302e+02
9.869213404359153401e+02 2.061041428448032775e+02
9.996614019549152772e+02 5.693719408857145226e+01
