
18689.000000 19212.000000 
18727.000000 19200.000000 
18894.000000 19051.000000 
18871.000000 19056.000000 
18911.000000 19035.000000 
18927.000000 19032.000000 
19001.000000 19014.000000 
19013.000000 18985.000000 
18970.000000 19017.000000 
19029.000000 18947.000000 
19032.000000 18939.000000 
19028.000000 18970.000000 
19079.000000 18933.000000 
19086.000000 18923.000000 
19102.000000 18892.000000 
19107.000000 18886.000000 
19089.000000 18909.000000 
19115.000000 18877.000000 
19117.000000 18862.000000 
19130.000000 18844.000000 
19153.000000 18832.000000 
19182.000000 18802.000000 
19206.000000 18764.000000 
19190.000000 18792.000000 
19178.000000 18804.000000 
19199.000000 18777.000000 
19230.000000 18732.000000 
19215.000000 18757.000000 
19236.000000 18722.000000 
19224.000000 18740.000000 
19283.000000 18665.000000 
19278.000000 18671.000000 
19274.000000 18714.000000 
19316.000000 18610.000000 
19315.000000 18640.000000 
19352.000000 18557.000000 
19369.000000 18544.000000 
19358.000000 18554.000000 
19351.000000 18567.000000 
19338.000000 18589.000000 
19336.000000 18593.000000 
19356.000000 18555.000000 
19381.000000 18540.000000 
19387.000000 18494.000000 
19415.000000 18432.000000 
19411.000000 18437.000000 
19435.000000 18424.000000 
19403.000000 18485.000000 
19462.000000 18369.000000 
19480.000000 18323.000000 
19500.000000 18312.000000 
19529.000000 18260.000000 
19549.000000 18216.000000 
19551.000000 18187.000000 
19568.000000 18179.000000 
19574.000000 18152.000000 
19586.000000 18124.000000 
19564.000000 18184.000000 
19601.000000 18122.000000 
19611.000000 18073.000000 
19604.000000 18096.000000 
19603.000000 18113.000000 
19644.000000 18008.000000 
19618.000000 18072.000000 
19642.000000 18027.000000 
19623.000000 18069.000000 
19629.000000 18045.000000 
19631.000000 18034.000000 
19666.000000 17929.000000 
19648.000000 18002.000000 
19656.000000 17944.000000 
19649.000000 17973.000000 
19685.000000 17905.000000 
19701.000000 17880.000000 
19706.000000 17861.000000 
19708.000000 17853.000000 
19732.000000 17838.000000 
19739.000000 17806.000000 
19752.000000 17768.000000 
19744.000000 17804.000000 
19756.000000 17766.000000 
19768.000000 17715.000000 
19776.000000 17707.000000 
19764.000000 17747.000000 
19782.000000 17657.000000 
19766.000000 17720.000000 
19778.000000 17661.000000 
19799.000000 17611.000000 
19779.000000 17658.000000 
19787.000000 17628.000000 
19801.000000 17581.000000 
19815.000000 17532.000000 
19835.000000 17499.000000 
19860.000000 17491.000000 
19870.000000 17453.000000 
19822.000000 17513.000000 
19876.000000 17392.000000 
19894.000000 17318.000000 
19877.000000 17377.000000 
19882.000000 17367.000000 
19901.000000 17273.000000 
19916.000000 17126.000000 
19912.000000 17193.000000 
19913.000000 17128.000000 
19937.000000 17034.000000 
19931.000000 17113.000000 
19948.000000 16911.000000 
19958.000000 16821.000000 
19961.000000 16816.000000 
19962.000000 16786.000000 
19997.000000 16600.000000 
20000.000000 16500.000000 
19996.000000 16731.000000 
19992.000000 16783.000000 
19993.000000 16733.000000 
16935.000000 20196.000000 
16927.000000 20204.000000 
16946.000000 20188.000000 
16965.000000 20182.000000 
17103.000000 20149.000000 
17046.000000 20162.000000 
17053.000000 20158.000000 
17140.000000 20119.000000 
17166.000000 20111.000000 
17151.000000 20112.000000 
17198.000000 20109.000000 
17212.000000 20104.000000 
17218.000000 20088.000000 
17381.000000 20055.000000 
17416.000000 20051.000000 
17432.000000 20043.000000 
17452.000000 20041.000000 
17485.000000 20012.000000 
17479.000000 20023.000000 
17783.000000 19895.000000 
17796.000000 19865.000000 
17881.000000 19831.000000 
17936.000000 19822.000000 
17874.000000 19841.000000 
17895.000000 19823.000000 
17946.000000 19799.000000 
17961.000000 19798.000000 
18001.000000 19776.000000 
18055.000000 19754.000000 
18081.000000 19739.000000 
18113.000000 19736.000000 
18153.000000 19701.000000 
18144.000000 19730.000000 
18159.000000 19693.000000 
18194.000000 19672.000000 
18218.000000 19666.000000 
18237.000000 19651.000000 
18256.000000 19645.000000 
18261.000000 19626.000000 
18281.000000 19616.000000 
18282.000000 19610.000000 
18274.000000 19625.000000 
18289.000000 19605.000000 
18359.000000 19537.000000 
18377.000000 19529.000000 
18397.000000 19522.000000 
18361.000000 19534.000000 
18346.000000 19583.000000 
18426.000000 19484.000000 
18419.000000 19490.000000 
18447.000000 19464.000000 
18432.000000 19482.000000 
18462.000000 19444.000000 
18520.000000 19399.000000 
18543.000000 19341.000000 
18528.000000 19368.000000 
18539.000000 19365.000000 
18659.000000 19228.000000 
18696.000000 19211.000000 
18664.000000 19215.000000 
18648.000000 19260.000000 
18653.000000 19231.000000 
18729.000000 19183.000000 
18706.000000 19202.000000 
18788.000000 19136.000000 
18782.000000 19156.000000 
18789.000000 19127.000000 
18771.000000 19161.000000 
18790.000000 19125.000000 
18797.000000 19116.000000 
18816.000000 19110.000000 
18831.000000 19092.000000 
18828.000000 19109.000000 
18844.000000 19082.000000 
18850.000000 19080.000000 
19650.000000 17945.000000 
18857.000000 19059.000000 
19936.000000 17110.000000 
19946.000000 16988.000000 
19951.000000 16875.000000 
18487.000000 19403.000000 
16234.000000 20361.000000 
16261.000000 20348.000000 
16255.000000 20355.000000 
17835.000000 19844.000000 
17742.000000 19896.000000 
17706.000000 19931.000000 
17727.000000 19929.000000 
17703.000000 19941.000000 
17701.000000 19976.000000 
17670.000000 19994.000000 
17616.000000 20007.000000 
17587.000000 20010.000000 
17651.000000 20000.000000 
16444.000000 20341.000000 
16491.000000 20332.000000 
16455.000000 20337.000000 
16501.000000 20321.000000 
16629.000000 20315.000000 
16639.000000 20310.000000 
16672.000000 20308.000000 
16704.000000 20292.000000 
16779.000000 20282.000000 
16703.000000 20293.000000 
16680.000000 20306.000000 
16699.000000 20299.000000 
16747.000000 20291.000000 
16772.000000 20287.000000 
16773.000000 20283.000000 
16808.000000 20271.000000 
16809.000000 20269.000000 
16795.000000 20280.000000 
16862.000000 20261.000000 
16865.000000 20251.000000 
16921.000000 20237.000000 
16910.000000 20243.000000 

18616.000000 19391.000000 
18631.000000 19375.000000 
18603.000000 19397.000000 
18610.000000 19393.000000 
18658.000000 19364.000000 
18695.000000 19324.000000 
18685.000000 19356.000000 
18708.000000 19301.000000 
18724.000000 19278.000000 
18732.000000 19276.000000 
18721.000000 19292.000000 
18725.000000 19277.000000 
18749.000000 19272.000000 
18813.000000 19233.000000 
18764.000000 19256.000000 
18770.000000 19241.000000 
18767.000000 19252.000000 
18840.000000 19182.000000 
18836.000000 19209.000000 
18854.000000 19175.000000 
18883.000000 19166.000000 
18906.000000 19139.000000 
18897.000000 19162.000000 
18921.000000 19135.000000 
18942.000000 19113.000000 
18943.000000 19101.000000 
18963.000000 19066.000000 
18961.000000 19099.000000 
19004.000000 19022.000000 
18992.000000 19058.000000 
18998.000000 19038.000000 
18993.000000 19044.000000 
19065.000000 18948.000000 
19081.000000 18940.000000 
19031.000000 18978.000000 
19035.000000 18957.000000 
19120.000000 18875.000000 
19138.000000 18872.000000 
19165.000000 18803.000000 
19181.000000 18774.000000 
19169.000000 18782.000000 
19157.000000 18835.000000 
19234.000000 18735.000000 
19209.000000 18760.000000 
19253.000000 18676.000000 
19255.000000 18658.000000 
19272.000000 18649.000000 
19278.000000 18648.000000 
19249.000000 18689.000000 
19290.000000 18619.000000 
19329.000000 18588.000000 
19337.000000 18566.000000 
19305.000000 18594.000000 
19302.000000 18597.000000 
19348.000000 18538.000000 
19360.000000 18511.000000 
19354.000000 18535.000000 
19391.000000 18458.000000 
19371.000000 18485.000000 
19369.000000 18492.000000 
19415.000000 18435.000000 
19416.000000 18403.000000 
19412.000000 18449.000000 
19434.000000 18384.000000 
19451.000000 18375.000000 
19430.000000 18395.000000 
19500.000000 18312.000000 
19527.000000 18257.000000 
19515.000000 18296.000000 
19535.000000 18249.000000 
19542.000000 18235.000000 
19522.000000 18274.000000 
19518.000000 18285.000000 
19543.000000 18232.000000 
19560.000000 18214.000000 
19546.000000 18231.000000 
19576.000000 18155.000000 
19579.000000 18131.000000 
19572.000000 18167.000000 
19574.000000 18166.000000 
19636.000000 18044.000000 
19642.000000 18006.000000 
19630.000000 18062.000000 
19696.000000 17912.000000 
19692.000000 17917.000000 
19688.000000 17920.000000 
19687.000000 17953.000000 
19715.000000 17867.000000 
19705.000000 17899.000000 
19713.000000 17878.000000 
19729.000000 17836.000000 
19775.000000 17786.000000 
19753.000000 17793.000000 
19805.000000 17722.000000 
19801.000000 17750.000000 
19829.000000 17640.000000 
19811.000000 17693.000000 
19844.000000 17581.000000 
19822.000000 17678.000000 
19835.000000 17589.000000 
19876.000000 17439.000000 
19872.000000 17447.000000 
19900.000000 17343.000000 
19896.000000 17407.000000 
19899.000000 17348.000000 
19898.000000 17366.000000 
19923.000000 17184.000000 
19921.000000 17235.000000 
19901.000000 17308.000000 
19905.000000 17296.000000 
19908.000000 17269.000000 
19922.000000 17192.000000 
19948.000000 17055.000000 
19932.000000 17109.000000 
19935.000000 17073.000000 
16568.000000 20204.000000 
16555.000000 20292.000000 
16545.000000 20334.000000 
16957.000000 20197.000000 
17108.000000 20167.000000 
17041.000000 20195.000000 
17128.000000 20166.000000 
17103.000000 20184.000000 
17130.000000 20158.000000 
17157.000000 20157.000000 
17252.000000 20132.000000 
17250.000000 20133.000000 
17229.000000 20151.000000 
17272.000000 20128.000000 
17327.000000 20098.000000 
17322.000000 20119.000000 
17374.000000 20091.000000 
17439.000000 20079.000000 
17359.000000 20092.000000 
17518.000000 20067.000000 
17547.000000 20062.000000 
17640.000000 20028.000000 
17607.000000 20043.000000 
17727.000000 19985.000000 
17712.000000 19991.000000 
17711.000000 19997.000000 
17713.000000 19986.000000 
17789.000000 19944.000000 
17767.000000 19970.000000 
17808.000000 19940.000000 
17785.000000 19957.000000 
17932.000000 19863.000000 
17914.000000 19895.000000 
17829.000000 19922.000000 
17842.000000 19901.000000 
17839.000000 19912.000000 
17844.000000 19897.000000 
18008.000000 19819.000000 
18043.000000 19790.000000 
18120.000000 19710.000000 
18115.000000 19721.000000 
18123.000000 19701.000000 
18138.000000 19696.000000 
18363.000000 19542.000000 
18362.000000 19559.000000 
18367.000000 19529.000000 
18376.000000 19525.000000 
18445.000000 19502.000000 
18433.000000 19522.000000 
18488.000000 19478.000000 
18468.000000 19488.000000 
18490.000000 19477.000000 
18517.000000 19440.000000 
18509.000000 19462.000000 
18531.000000 19434.000000 
18562.000000 19422.000000 
18533.000000 19426.000000 
18536.000000 19425.000000 
18563.000000 19406.000000 
19599.000000 18078.000000 
18348.000000 19562.000000 
18366.000000 19541.000000 
18287.000000 19617.000000 
18309.000000 19605.000000 
18109.000000 19737.000000 
17856.000000 19896.000000 
18274.000000 19619.000000 
18288.000000 19612.000000 
18246.000000 19639.000000 
18238.000000 19649.000000 
18268.000000 19635.000000 
18270.000000 19634.000000 
18227.000000 19665.000000 
18202.000000 19682.000000 
18221.000000 19670.000000 
18189.000000 19686.000000 
18215.000000 19678.000000 
18080.000000 19774.000000 
18064.000000 19785.000000 
18078.000000 19776.000000 
18104.000000 19772.000000 
18066.000000 19781.000000 

18238.000000 19652.000000 
18237.000000 19657.000000 
18226.000000 19666.000000 
18230.000000 19664.000000 
18257.000000 19648.000000 
18270.000000 19632.000000 
18259.000000 19638.000000 
18276.000000 19629.000000 
18268.000000 19634.000000 
18299.000000 19614.000000 
18285.000000 19619.000000 
18277.000000 19625.000000 
18301.000000 19602.000000 
18338.000000 19590.000000 
18405.000000 19524.000000 
18428.000000 19480.000000 
18438.000000 19478.000000 
18426.000000 19513.000000 
18488.000000 19463.000000 
18490.000000 19456.000000 
18480.000000 19467.000000 
18502.000000 19425.000000 
18630.000000 19356.000000 
18660.000000 19355.000000 
18675.000000 19335.000000 
18697.000000 19297.000000 
18716.000000 19286.000000 
18691.000000 19314.000000 
18739.000000 19268.000000 
18775.000000 19253.000000 
18803.000000 19212.000000 
18784.000000 19229.000000 
18776.000000 19246.000000 
18790.000000 19221.000000 
18869.000000 19146.000000 
18851.000000 19149.000000 
18831.000000 19177.000000 
18833.000000 19155.000000 
18896.000000 19105.000000 
18893.000000 19116.000000 
18900.000000 19090.000000 
18877.000000 19122.000000 
18924.000000 19079.000000 
18907.000000 19082.000000 
18936.000000 19041.000000 
18934.000000 19053.000000 
18933.000000 19056.000000 
18982.000000 19005.000000 
18981.000000 19006.000000 
18980.000000 19031.000000 
19012.000000 18995.000000 
19018.000000 18955.000000 
19015.000000 18966.000000 
19029.000000 18946.000000 
19100.000000 18843.000000 
19118.000000 18832.000000 
19088.000000 18849.000000 
19081.000000 18897.000000 
19156.000000 18772.000000 
19149.000000 18783.000000 
19147.000000 18786.000000 
19146.000000 18793.000000 
19140.000000 18823.000000 
19194.000000 18708.000000 
19196.000000 18707.000000 
19207.000000 18696.000000 
19211.000000 18691.000000 
19231.000000 18667.000000 
19260.000000 18606.000000 
19247.000000 18647.000000 
19264.000000 18602.000000 
19283.000000 18573.000000 
19282.000000 18587.000000 
19301.000000 18522.000000 
19289.000000 18558.000000 
19293.000000 18554.000000 
19298.000000 18530.000000 
19285.000000 18571.000000 
19294.000000 18540.000000 
19335.000000 18491.000000 
19315.000000 18519.000000 
19357.000000 18463.000000 
19376.000000 18433.000000 
19408.000000 18393.000000 
19406.000000 18405.000000 
19450.000000 18319.000000 
19464.000000 18293.000000 
19474.000000 18289.000000 
19497.000000 18271.000000 
19551.000000 18172.000000 
19547.000000 18196.000000 
19532.000000 18224.000000 
19696.000000 17904.000000 
19673.000000 17970.000000 
19693.000000 17934.000000 
19822.000000 17639.000000 
19834.000000 17586.000000 
19843.000000 17545.000000 
19872.000000 17410.000000 
19887.000000 17362.000000 
19882.000000 17368.000000 
19905.000000 17318.000000 
19909.000000 17311.000000 
16841.000000 20248.000000 
16848.000000 20244.000000 
16917.000000 20233.000000 
16882.000000 20238.000000 
19460.000000 18299.000000 
16850.000000 20242.000000 
16879.000000 20239.000000 
16979.000000 20199.000000 
17006.000000 20191.000000 
16953.000000 20207.000000 
17167.000000 20170.000000 
17119.000000 20184.000000 
17173.000000 20169.000000 
17137.000000 20180.000000 
17187.000000 20153.000000 
17227.000000 20147.000000 
17239.000000 20119.000000 
17291.000000 20115.000000 
17320.000000 20085.000000 
17309.000000 20086.000000 
17299.000000 20099.000000 
17352.000000 20069.000000 
17423.000000 20061.000000 
17444.000000 20037.000000 
17385.000000 20064.000000 
17480.000000 20015.000000 
17489.000000 20010.000000 
17478.000000 20027.000000 
17539.000000 19999.000000 
17505.000000 20003.000000 
17510.000000 20000.000000 
17628.000000 19927.000000 
17589.000000 19957.000000 
17612.000000 19939.000000 
17590.000000 19948.000000 
17598.000000 19947.000000 
17739.000000 19880.000000 
17697.000000 19899.000000 
17669.000000 19908.000000 
17788.000000 19850.000000 
17815.000000 19840.000000 
17880.000000 19826.000000 
17893.000000 19799.000000 
17889.000000 19815.000000 
17910.000000 19796.000000 
17944.000000 19773.000000 
17983.000000 19740.000000 
17973.000000 19753.000000 
18017.000000 19720.000000 
18014.000000 19727.000000 
18051.000000 19718.000000 
18062.000000 19685.000000 
18109.000000 19677.000000 
19086.000000 18857.000000 
19172.000000 18740.000000 
19177.000000 18721.000000 
19180.000000 18717.000000 
19187.000000 18716.000000 
19248.000000 18624.000000 
19224.000000 18682.000000 
19333.000000 18517.000000 
19337.000000 18470.000000 
19365.000000 18454.000000 
19327.000000 18518.000000 
19343.000000 18469.000000 
19372.000000 18442.000000 
19394.000000 18409.000000 
19443.000000 18344.000000 
19424.000000 18384.000000 
19442.000000 18373.000000 
19430.000000 18374.000000 
19506.000000 18240.000000 
19567.000000 18156.000000 
19582.000000 18140.000000 
19600.000000 18099.000000 
19606.000000 18085.000000 
19621.000000 18070.000000 
19586.000000 18129.000000 
19636.000000 18038.000000 
19630.000000 18063.000000 
19667.000000 17986.000000 
19656.000000 18022.000000 
19671.000000 17972.000000 
19662.000000 18011.000000 
19710.000000 17894.000000 
19691.000000 17949.000000 
19677.000000 17964.000000 
19689.000000 17950.000000 
19740.000000 17884.000000 
19765.000000 17806.000000 
19746.000000 17812.000000 
19800.000000 17727.000000 
19790.000000 17760.000000 
19785.000000 17799.000000 
19796.000000 17730.000000 
19805.000000 17712.000000 
19825.000000 17636.000000 
19819.000000 17647.000000 
19854.000000 17503.000000 
19852.000000 17520.000000 
19839.000000 17574.000000 
19840.000000 17557.000000 
19860.000000 17497.000000 
19862.000000 17440.000000 
19851.000000 17540.000000 
19855.000000 17500.000000 
19866.000000 17418.000000 
19913.000000 17298.000000 
19902.000000 17330.000000 
19923.000000 17265.000000 
19925.000000 17219.000000 
19956.000000 17162.000000 
19948.000000 17205.000000 
19959.000000 17083.000000 
19974.000000 17022.000000 
19977.000000 16964.000000 
19989.000000 16919.000000 
19985.000000 16947.000000 
19991.000000 16876.000000 
19996.000000 16870.000000 
16212.000000 20349.000000 
16166.000000 20357.000000 
16527.000000 20342.000000 
16444.000000 20348.000000 
16480.000000 20345.000000 
16537.000000 20337.000000 
16559.000000 20333.000000 
16549.000000 20335.000000 
16592.000000 20324.000000 
16573.000000 20329.000000 
16586.000000 20325.000000 
16610.000000 20322.000000 
16657.000000 20316.000000 
16629.000000 20321.000000 
16666.000000 20314.000000 
