2.331600000000000000e+04 2.997200000000000000e+04
2.332100000000000000e+04 2.997000000000000000e+04
2.337100000000000000e+04 2.996600000000000000e+04
2.342300000000000000e+04 2.996300000000000000e+04
2.345200000000000000e+04 2.995800000000000000e+04
2.350800000000000000e+04 2.995700000000000000e+04
2.351600000000000000e+04 2.995400000000000000e+04
2.353500000000000000e+04 2.995000000000000000e+04
2.354200000000000000e+04 2.994900000000000000e+04
2.364800000000000000e+04 2.994800000000000000e+04
2.365800000000000000e+04 2.994700000000000000e+04
2.373100000000000000e+04 2.994600000000000000e+04
2.378500000000000000e+04 2.994500000000000000e+04
2.384800000000000000e+04 2.994200000000000000e+04
2.386900000000000000e+04 2.993400000000000000e+04
2.387300000000000000e+04 2.992900000000000000e+04
2.388300000000000000e+04 2.992700000000000000e+04
2.392100000000000000e+04 2.992700000000000000e+04
2.397000000000000000e+04 2.992000000000000000e+04
2.397500000000000000e+04 2.991900000000000000e+04
2.398800000000000000e+04 2.991800000000000000e+04
2.405500000000000000e+04 2.991500000000000000e+04
2.413500000000000000e+04 2.991100000000000000e+04
2.414100000000000000e+04 2.990900000000000000e+04
2.416900000000000000e+04 2.990000000000000000e+04
2.418000000000000000e+04 2.989800000000000000e+04
2.420700000000000000e+04 2.988900000000000000e+04
2.422200000000000000e+04 2.988700000000000000e+04
2.427000000000000000e+04 2.988300000000000000e+04
2.428100000000000000e+04 2.987600000000000000e+04
2.428600000000000000e+04 2.987400000000000000e+04
2.429700000000000000e+04 2.987300000000000000e+04
2.431700000000000000e+04 2.987100000000000000e+04
2.433200000000000000e+04 2.986600000000000000e+04
2.435000000000000000e+04 2.986400000000000000e+04
2.435600000000000000e+04 2.986200000000000000e+04
2.438000000000000000e+04 2.986200000000000000e+04
2.438800000000000000e+04 2.985700000000000000e+04
2.439900000000000000e+04 2.985400000000000000e+04
2.442200000000000000e+04 2.985100000000000000e+04
2.453800000000000000e+04 2.985100000000000000e+04
2.454000000000000000e+04 2.983300000000000000e+04
2.455300000000000000e+04 2.983000000000000000e+04
2.456500000000000000e+04 2.982600000000000000e+04
2.459200000000000000e+04 2.981900000000000000e+04
2.460700000000000000e+04 2.981800000000000000e+04
2.461200000000000000e+04 2.981800000000000000e+04
2.461800000000000000e+04 2.981500000000000000e+04
2.463500000000000000e+04 2.980900000000000000e+04
2.463700000000000000e+04 2.980600000000000000e+04
2.464800000000000000e+04 2.980600000000000000e+04
2.466100000000000000e+04 2.980500000000000000e+04
2.466600000000000000e+04 2.980300000000000000e+04
2.467800000000000000e+04 2.980300000000000000e+04
2.469100000000000000e+04 2.980200000000000000e+04
2.470800000000000000e+04 2.979700000000000000e+04
2.474800000000000000e+04 2.979600000000000000e+04
2.477300000000000000e+04 2.979100000000000000e+04
2.479000000000000000e+04 2.978400000000000000e+04
2.487300000000000000e+04 2.978200000000000000e+04
2.488400000000000000e+04 2.977400000000000000e+04
2.488500000000000000e+04 2.977000000000000000e+04
2.491600000000000000e+04 2.976800000000000000e+04
2.493300000000000000e+04 2.975800000000000000e+04
2.494000000000000000e+04 2.975200000000000000e+04
2.494800000000000000e+04 2.975100000000000000e+04
2.495500000000000000e+04 2.975000000000000000e+04
2.498900000000000000e+04 2.973900000000000000e+04
2.500900000000000000e+04 2.973700000000000000e+04
2.502700000000000000e+04 2.973000000000000000e+04
2.504200000000000000e+04 2.971800000000000000e+04
2.508400000000000000e+04 2.970900000000000000e+04
2.509200000000000000e+04 2.969700000000000000e+04
2.511200000000000000e+04 2.969500000000000000e+04
2.511900000000000000e+04 2.969000000000000000e+04
2.512100000000000000e+04 2.968700000000000000e+04
2.516200000000000000e+04 2.967600000000000000e+04
2.516900000000000000e+04 2.967400000000000000e+04
2.517800000000000000e+04 2.967300000000000000e+04
2.518200000000000000e+04 2.967200000000000000e+04
2.520800000000000000e+04 2.966400000000000000e+04
2.523900000000000000e+04 2.965500000000000000e+04
2.524200000000000000e+04 2.964800000000000000e+04
2.528600000000000000e+04 2.964800000000000000e+04
2.528700000000000000e+04 2.962900000000000000e+04
2.529000000000000000e+04 2.962900000000000000e+04
2.531200000000000000e+04 2.962700000000000000e+04
2.531800000000000000e+04 2.962000000000000000e+04
2.531800000000000000e+04 2.962100000000000000e+04
2.531800000000000000e+04 2.962500000000000000e+04
2.532400000000000000e+04 2.961900000000000000e+04
2.532800000000000000e+04 2.961900000000000000e+04
2.533700000000000000e+04 2.961800000000000000e+04
2.535700000000000000e+04 2.961500000000000000e+04
2.536600000000000000e+04 2.961500000000000000e+04
2.538900000000000000e+04 2.960500000000000000e+04
2.539200000000000000e+04 2.960100000000000000e+04
2.540100000000000000e+04 2.960000000000000000e+04
2.540800000000000000e+04 2.959600000000000000e+04
2.540900000000000000e+04 2.958900000000000000e+04
2.545800000000000000e+04 2.958200000000000000e+04
2.547100000000000000e+04 2.957900000000000000e+04
2.548300000000000000e+04 2.957600000000000000e+04
2.550600000000000000e+04 2.956800000000000000e+04
2.551700000000000000e+04 2.956600000000000000e+04
2.552000000000000000e+04 2.956200000000000000e+04
2.553100000000000000e+04 2.956000000000000000e+04
2.553700000000000000e+04 2.955600000000000000e+04
2.554300000000000000e+04 2.955100000000000000e+04
2.555900000000000000e+04 2.954100000000000000e+04
2.559100000000000000e+04 2.953600000000000000e+04
2.559900000000000000e+04 2.953500000000000000e+04
2.561800000000000000e+04 2.953300000000000000e+04
2.565300000000000000e+04 2.952300000000000000e+04
2.566200000000000000e+04 2.951900000000000000e+04
2.566400000000000000e+04 2.951500000000000000e+04
2.566700000000000000e+04 2.951400000000000000e+04
2.568800000000000000e+04 2.951100000000000000e+04
2.569200000000000000e+04 2.950500000000000000e+04
2.572100000000000000e+04 2.949700000000000000e+04
2.572500000000000000e+04 2.949300000000000000e+04
2.573900000000000000e+04 2.948800000000000000e+04
2.574600000000000000e+04 2.947700000000000000e+04
2.576900000000000000e+04 2.947500000000000000e+04
2.577600000000000000e+04 2.946100000000000000e+04
2.578700000000000000e+04 2.945800000000000000e+04
2.580500000000000000e+04 2.944800000000000000e+04
2.581200000000000000e+04 2.944400000000000000e+04
2.581400000000000000e+04 2.943800000000000000e+04
2.582100000000000000e+04 2.943200000000000000e+04
2.582400000000000000e+04 2.942900000000000000e+04
2.584700000000000000e+04 2.942200000000000000e+04
2.585700000000000000e+04 2.941400000000000000e+04
2.587300000000000000e+04 2.941000000000000000e+04
2.588000000000000000e+04 2.940800000000000000e+04
2.589700000000000000e+04 2.940100000000000000e+04
2.589700000000000000e+04 2.940200000000000000e+04
2.591400000000000000e+04 2.939900000000000000e+04
2.592800000000000000e+04 2.939200000000000000e+04
2.593000000000000000e+04 2.938700000000000000e+04
2.593400000000000000e+04 2.938700000000000000e+04
2.593800000000000000e+04 2.938100000000000000e+04
2.594100000000000000e+04 2.938100000000000000e+04
2.594400000000000000e+04 2.937800000000000000e+04
2.595500000000000000e+04 2.937600000000000000e+04
2.596400000000000000e+04 2.937200000000000000e+04
2.597000000000000000e+04 2.936900000000000000e+04
2.598600000000000000e+04 2.936500000000000000e+04
2.599900000000000000e+04 2.936100000000000000e+04
2.600100000000000000e+04 2.935100000000000000e+04
2.600400000000000000e+04 2.935000000000000000e+04
2.601000000000000000e+04 2.934700000000000000e+04
2.601300000000000000e+04 2.934500000000000000e+04
2.601500000000000000e+04 2.934200000000000000e+04
2.601700000000000000e+04 2.934200000000000000e+04
2.601800000000000000e+04 2.934200000000000000e+04
2.603900000000000000e+04 2.933900000000000000e+04
2.604100000000000000e+04 2.933100000000000000e+04
2.604800000000000000e+04 2.933000000000000000e+04
2.605700000000000000e+04 2.932800000000000000e+04
2.606800000000000000e+04 2.932800000000000000e+04
2.608300000000000000e+04 2.932100000000000000e+04
2.608900000000000000e+04 2.931400000000000000e+04
2.610300000000000000e+04 2.931300000000000000e+04
2.610600000000000000e+04 2.930900000000000000e+04
2.611100000000000000e+04 2.930700000000000000e+04
2.611800000000000000e+04 2.930600000000000000e+04
2.612200000000000000e+04 2.930200000000000000e+04
2.613400000000000000e+04 2.930000000000000000e+04
2.613500000000000000e+04 2.929800000000000000e+04
2.614600000000000000e+04 2.929100000000000000e+04
2.616200000000000000e+04 2.928800000000000000e+04
2.616900000000000000e+04 2.927600000000000000e+04
2.618400000000000000e+04 2.927500000000000000e+04
2.619000000000000000e+04 2.927000000000000000e+04
2.620100000000000000e+04 2.925200000000000000e+04
2.621300000000000000e+04 2.925100000000000000e+04
2.621700000000000000e+04 2.925100000000000000e+04
2.622200000000000000e+04 2.924300000000000000e+04
2.622600000000000000e+04 2.924000000000000000e+04
2.625500000000000000e+04 2.923600000000000000e+04
2.627000000000000000e+04 2.922600000000000000e+04
2.629800000000000000e+04 2.921200000000000000e+04
2.631400000000000000e+04 2.920000000000000000e+04
2.631600000000000000e+04 2.918900000000000000e+04
2.632200000000000000e+04 2.918500000000000000e+04
2.632900000000000000e+04 2.917800000000000000e+04
2.634800000000000000e+04 2.917600000000000000e+04
2.635000000000000000e+04 2.917400000000000000e+04
2.635400000000000000e+04 2.916800000000000000e+04
2.637400000000000000e+04 2.916700000000000000e+04
2.637600000000000000e+04 2.915200000000000000e+04
2.637600000000000000e+04 2.915300000000000000e+04
2.639100000000000000e+04 2.915000000000000000e+04
2.639400000000000000e+04 2.914600000000000000e+04
2.640000000000000000e+04 2.914500000000000000e+04
2.640300000000000000e+04 2.913700000000000000e+04
2.640900000000000000e+04 2.913500000000000000e+04
2.641500000000000000e+04 2.913000000000000000e+04
2.643600000000000000e+04 2.912700000000000000e+04
2.644100000000000000e+04 2.911900000000000000e+04
2.644200000000000000e+04 2.911600000000000000e+04
2.645100000000000000e+04 2.911000000000000000e+04
2.646100000000000000e+04 2.910800000000000000e+04
2.646300000000000000e+04 2.910300000000000000e+04
2.648300000000000000e+04 2.909900000000000000e+04
2.649200000000000000e+04 2.909000000000000000e+04
2.650500000000000000e+04 2.907400000000000000e+04
2.651900000000000000e+04 2.907300000000000000e+04
2.653100000000000000e+04 2.906700000000000000e+04
2.653100000000000000e+04 2.907200000000000000e+04
2.653600000000000000e+04 2.906300000000000000e+04
2.654200000000000000e+04 2.905600000000000000e+04
2.656000000000000000e+04 2.905300000000000000e+04
2.657400000000000000e+04 2.904100000000000000e+04
2.658700000000000000e+04 2.902800000000000000e+04
2.659300000000000000e+04 2.901700000000000000e+04
2.659600000000000000e+04 2.901500000000000000e+04
2.660000000000000000e+04 2.901400000000000000e+04
2.662700000000000000e+04 2.900800000000000000e+04
2.664900000000000000e+04 2.899800000000000000e+04
2.665200000000000000e+04 2.898600000000000000e+04
2.665900000000000000e+04 2.898100000000000000e+04
2.666000000000000000e+04 2.896900000000000000e+04
2.666800000000000000e+04 2.896800000000000000e+04
2.667000000000000000e+04 2.896200000000000000e+04
2.667200000000000000e+04 2.895200000000000000e+04
2.667200000000000000e+04 2.895700000000000000e+04
2.667400000000000000e+04 2.895200000000000000e+04
2.667800000000000000e+04 2.894900000000000000e+04
2.668900000000000000e+04 2.894400000000000000e+04
2.670000000000000000e+04 2.893500000000000000e+04
2.670000000000000000e+04 2.894100000000000000e+04
2.670700000000000000e+04 2.893400000000000000e+04
2.671600000000000000e+04 2.892900000000000000e+04
2.671800000000000000e+04 2.892600000000000000e+04
2.673700000000000000e+04 2.892500000000000000e+04
2.674300000000000000e+04 2.892000000000000000e+04
2.674500000000000000e+04 2.891400000000000000e+04
2.675200000000000000e+04 2.890900000000000000e+04
2.675500000000000000e+04 2.889900000000000000e+04
2.677700000000000000e+04 2.889500000000000000e+04
2.677800000000000000e+04 2.889000000000000000e+04
2.679300000000000000e+04 2.888800000000000000e+04
2.682700000000000000e+04 2.888000000000000000e+04
2.682800000000000000e+04 2.887700000000000000e+04
2.685000000000000000e+04 2.886100000000000000e+04
2.685500000000000000e+04 2.885500000000000000e+04
2.686800000000000000e+04 2.884000000000000000e+04
2.687100000000000000e+04 2.883700000000000000e+04
2.687700000000000000e+04 2.883300000000000000e+04
2.689300000000000000e+04 2.882200000000000000e+04
2.689700000000000000e+04 2.880600000000000000e+04
2.691800000000000000e+04 2.880600000000000000e+04
2.692600000000000000e+04 2.878800000000000000e+04
2.694200000000000000e+04 2.877700000000000000e+04
2.694800000000000000e+04 2.877700000000000000e+04
2.694900000000000000e+04 2.876900000000000000e+04
2.698100000000000000e+04 2.876400000000000000e+04
2.699000000000000000e+04 2.875100000000000000e+04
2.700000000000000000e+04 2.874100000000000000e+04
2.700400000000000000e+04 2.873700000000000000e+04
2.701900000000000000e+04 2.871800000000000000e+04
2.702000000000000000e+04 2.871500000000000000e+04
2.705500000000000000e+04 2.868700000000000000e+04
2.705500000000000000e+04 2.871100000000000000e+04
2.705900000000000000e+04 2.867500000000000000e+04
2.706700000000000000e+04 2.867300000000000000e+04
2.706900000000000000e+04 2.867000000000000000e+04
2.707800000000000000e+04 2.866600000000000000e+04
2.709000000000000000e+04 2.866200000000000000e+04
2.709300000000000000e+04 2.866000000000000000e+04
2.709800000000000000e+04 2.865700000000000000e+04
2.710400000000000000e+04 2.865000000000000000e+04
2.710900000000000000e+04 2.864000000000000000e+04
2.712700000000000000e+04 2.863900000000000000e+04
2.712800000000000000e+04 2.862900000000000000e+04
2.712900000000000000e+04 2.862400000000000000e+04
2.713100000000000000e+04 2.862300000000000000e+04
2.713400000000000000e+04 2.862300000000000000e+04
2.713800000000000000e+04 2.861800000000000000e+04
2.714800000000000000e+04 2.861600000000000000e+04
2.716700000000000000e+04 2.861200000000000000e+04
2.716900000000000000e+04 2.859600000000000000e+04
2.717400000000000000e+04 2.859600000000000000e+04
2.717500000000000000e+04 2.858900000000000000e+04
2.717500000000000000e+04 2.859300000000000000e+04
2.717700000000000000e+04 2.858900000000000000e+04
2.718200000000000000e+04 2.858800000000000000e+04
2.718400000000000000e+04 2.858200000000000000e+04
2.718400000000000000e+04 2.858500000000000000e+04
2.718600000000000000e+04 2.858000000000000000e+04
2.718800000000000000e+04 2.857900000000000000e+04
2.720400000000000000e+04 2.857800000000000000e+04
2.721700000000000000e+04 2.855800000000000000e+04
2.722100000000000000e+04 2.855200000000000000e+04
2.723700000000000000e+04 2.853700000000000000e+04
2.723700000000000000e+04 2.855000000000000000e+04
2.724000000000000000e+04 2.853700000000000000e+04
2.725000000000000000e+04 2.853700000000000000e+04
2.726100000000000000e+04 2.852900000000000000e+04
2.726900000000000000e+04 2.852400000000000000e+04
2.727100000000000000e+04 2.851400000000000000e+04
2.728500000000000000e+04 2.851300000000000000e+04
2.728900000000000000e+04 2.850600000000000000e+04
2.730000000000000000e+04 2.850300000000000000e+04
2.730800000000000000e+04 2.849500000000000000e+04
2.731000000000000000e+04 2.848300000000000000e+04
2.731700000000000000e+04 2.847900000000000000e+04
2.732000000000000000e+04 2.847400000000000000e+04
2.732100000000000000e+04 2.847100000000000000e+04
2.732600000000000000e+04 2.846100000000000000e+04
2.733100000000000000e+04 2.846000000000000000e+04
2.733300000000000000e+04 2.845600000000000000e+04
2.733500000000000000e+04 2.845400000000000000e+04
2.733700000000000000e+04 2.845400000000000000e+04
2.734300000000000000e+04 2.845200000000000000e+04
2.734800000000000000e+04 2.844700000000000000e+04
2.735500000000000000e+04 2.843900000000000000e+04
2.735600000000000000e+04 2.843600000000000000e+04
2.735700000000000000e+04 2.842800000000000000e+04
2.736300000000000000e+04 2.842100000000000000e+04
2.740600000000000000e+04 2.841900000000000000e+04
2.741100000000000000e+04 2.839700000000000000e+04
2.741800000000000000e+04 2.839200000000000000e+04
2.741900000000000000e+04 2.838000000000000000e+04
2.742400000000000000e+04 2.837900000000000000e+04
2.742700000000000000e+04 2.837600000000000000e+04
2.744600000000000000e+04 2.837000000000000000e+04
2.744700000000000000e+04 2.836200000000000000e+04
2.745600000000000000e+04 2.835300000000000000e+04
2.746700000000000000e+04 2.834800000000000000e+04
2.747300000000000000e+04 2.833800000000000000e+04
2.747600000000000000e+04 2.833800000000000000e+04
2.748700000000000000e+04 2.833000000000000000e+04
2.751200000000000000e+04 2.832600000000000000e+04
2.751900000000000000e+04 2.832300000000000000e+04
2.752200000000000000e+04 2.831300000000000000e+04
2.753100000000000000e+04 2.830500000000000000e+04
2.753900000000000000e+04 2.829600000000000000e+04
2.754300000000000000e+04 2.826400000000000000e+04
2.755400000000000000e+04 2.826300000000000000e+04
2.755800000000000000e+04 2.825700000000000000e+04
2.756400000000000000e+04 2.825600000000000000e+04
2.756700000000000000e+04 2.825500000000000000e+04
2.756900000000000000e+04 2.824100000000000000e+04
2.756900000000000000e+04 2.824300000000000000e+04
2.757000000000000000e+04 2.824100000000000000e+04
2.757500000000000000e+04 2.823700000000000000e+04
2.760800000000000000e+04 2.823500000000000000e+04
2.760900000000000000e+04 2.820300000000000000e+04
2.760900000000000000e+04 2.820500000000000000e+04
2.761300000000000000e+04 2.820000000000000000e+04
2.761500000000000000e+04 2.819800000000000000e+04
2.762400000000000000e+04 2.819400000000000000e+04
2.762500000000000000e+04 2.819300000000000000e+04
2.762900000000000000e+04 2.817600000000000000e+04
2.763100000000000000e+04 2.817400000000000000e+04
2.763300000000000000e+04 2.816900000000000000e+04
2.764200000000000000e+04 2.816800000000000000e+04
2.764600000000000000e+04 2.815200000000000000e+04
2.766300000000000000e+04 2.814900000000000000e+04
2.768900000000000000e+04 2.813300000000000000e+04
2.770300000000000000e+04 2.811900000000000000e+04
2.770400000000000000e+04 2.810900000000000000e+04
2.772600000000000000e+04 2.810600000000000000e+04
2.776500000000000000e+04 2.809800000000000000e+04
2.776700000000000000e+04 2.808400000000000000e+04
2.777100000000000000e+04 2.807900000000000000e+04
2.777600000000000000e+04 2.807700000000000000e+04
2.778400000000000000e+04 2.807200000000000000e+04
2.779000000000000000e+04 2.806500000000000000e+04
2.779800000000000000e+04 2.805500000000000000e+04
2.780800000000000000e+04 2.804800000000000000e+04
2.781200000000000000e+04 2.804400000000000000e+04
2.781700000000000000e+04 2.802800000000000000e+04
2.781800000000000000e+04 2.801800000000000000e+04
2.782400000000000000e+04 2.801700000000000000e+04
2.783200000000000000e+04 2.800800000000000000e+04
2.783700000000000000e+04 2.800300000000000000e+04
2.784100000000000000e+04 2.800300000000000000e+04
2.785200000000000000e+04 2.800100000000000000e+04
2.785500000000000000e+04 2.797200000000000000e+04
2.785500000000000000e+04 2.798200000000000000e+04
2.785700000000000000e+04 2.796800000000000000e+04
2.786400000000000000e+04 2.796500000000000000e+04
2.786600000000000000e+04 2.795900000000000000e+04
2.787600000000000000e+04 2.795700000000000000e+04
2.787800000000000000e+04 2.794700000000000000e+04
2.787900000000000000e+04 2.794400000000000000e+04
2.788200000000000000e+04 2.792800000000000000e+04
2.788600000000000000e+04 2.792700000000000000e+04
2.788700000000000000e+04 2.792200000000000000e+04
2.788900000000000000e+04 2.792000000000000000e+04
2.789000000000000000e+04 2.791700000000000000e+04
2.789000000000000000e+04 2.791800000000000000e+04
2.789700000000000000e+04 2.791200000000000000e+04
2.790800000000000000e+04 2.791200000000000000e+04
2.791500000000000000e+04 2.790700000000000000e+04
2.791900000000000000e+04 2.790000000000000000e+04
2.792100000000000000e+04 2.789700000000000000e+04
2.793900000000000000e+04 2.789600000000000000e+04
2.794200000000000000e+04 2.787100000000000000e+04
2.794200000000000000e+04 2.788000000000000000e+04
2.794900000000000000e+04 2.786900000000000000e+04
2.795200000000000000e+04 2.786800000000000000e+04
2.795300000000000000e+04 2.786000000000000000e+04
2.795300000000000000e+04 2.786800000000000000e+04
2.797700000000000000e+04 2.784200000000000000e+04
2.797700000000000000e+04 2.785900000000000000e+04
2.798200000000000000e+04 2.784100000000000000e+04
2.798300000000000000e+04 2.783800000000000000e+04
2.798400000000000000e+04 2.783700000000000000e+04
2.799000000000000000e+04 2.783700000000000000e+04
2.799400000000000000e+04 2.782900000000000000e+04
2.800400000000000000e+04 2.782700000000000000e+04
2.801100000000000000e+04 2.782600000000000000e+04
2.801200000000000000e+04 2.782500000000000000e+04
2.801400000000000000e+04 2.782200000000000000e+04
2.801900000000000000e+04 2.782100000000000000e+04
2.802200000000000000e+04 2.781900000000000000e+04
2.802600000000000000e+04 2.781800000000000000e+04
2.803000000000000000e+04 2.781200000000000000e+04
2.803800000000000000e+04 2.780300000000000000e+04
2.803800000000000000e+04 2.780700000000000000e+04
2.804300000000000000e+04 2.780000000000000000e+04
2.804700000000000000e+04 2.779800000000000000e+04
2.805400000000000000e+04 2.778500000000000000e+04
2.805400000000000000e+04 2.778700000000000000e+04
2.805700000000000000e+04 2.778400000000000000e+04
2.806400000000000000e+04 2.777600000000000000e+04
2.806500000000000000e+04 2.777100000000000000e+04
2.806900000000000000e+04 2.776800000000000000e+04
2.807300000000000000e+04 2.775800000000000000e+04
2.807800000000000000e+04 2.775600000000000000e+04
2.808700000000000000e+04 2.775400000000000000e+04
2.809100000000000000e+04 2.774700000000000000e+04
2.809400000000000000e+04 2.773700000000000000e+04
2.809400000000000000e+04 2.773900000000000000e+04
2.809900000000000000e+04 2.773700000000000000e+04
2.810000000000000000e+04 2.772600000000000000e+04
2.812400000000000000e+04 2.772000000000000000e+04
2.813000000000000000e+04 2.769400000000000000e+04
2.813500000000000000e+04 2.767500000000000000e+04
2.813700000000000000e+04 2.766800000000000000e+04
2.814500000000000000e+04 2.766600000000000000e+04
2.814700000000000000e+04 2.766200000000000000e+04
2.814900000000000000e+04 2.766200000000000000e+04
2.815200000000000000e+04 2.765200000000000000e+04
2.816000000000000000e+04 2.764700000000000000e+04
2.816300000000000000e+04 2.764600000000000000e+04
2.816600000000000000e+04 2.764600000000000000e+04
2.817000000000000000e+04 2.764300000000000000e+04
2.817200000000000000e+04 2.763500000000000000e+04
2.817300000000000000e+04 2.763400000000000000e+04
2.817500000000000000e+04 2.763200000000000000e+04
2.817500000000000000e+04 2.763400000000000000e+04
2.818500000000000000e+04 2.763100000000000000e+04
2.818600000000000000e+04 2.762400000000000000e+04
2.819700000000000000e+04 2.761500000000000000e+04
2.819900000000000000e+04 2.760300000000000000e+04
2.820000000000000000e+04 2.759800000000000000e+04
2.820200000000000000e+04 2.759700000000000000e+04
2.821700000000000000e+04 2.759600000000000000e+04
2.823600000000000000e+04 2.758100000000000000e+04
2.824000000000000000e+04 2.756900000000000000e+04
2.824900000000000000e+04 2.756400000000000000e+04
2.825300000000000000e+04 2.754800000000000000e+04
2.825300000000000000e+04 2.755000000000000000e+04
2.825600000000000000e+04 2.754700000000000000e+04
2.826000000000000000e+04 2.754100000000000000e+04
2.827100000000000000e+04 2.752900000000000000e+04
2.827100000000000000e+04 2.753400000000000000e+04
2.827200000000000000e+04 2.752700000000000000e+04
2.827600000000000000e+04 2.752700000000000000e+04
2.827800000000000000e+04 2.751200000000000000e+04
2.827900000000000000e+04 2.750900000000000000e+04
2.827900000000000000e+04 2.751200000000000000e+04
2.828200000000000000e+04 2.750800000000000000e+04
2.829800000000000000e+04 2.749900000000000000e+04
2.831300000000000000e+04 2.748300000000000000e+04
2.831500000000000000e+04 2.748200000000000000e+04
2.831600000000000000e+04 2.746000000000000000e+04
2.832000000000000000e+04 2.746000000000000000e+04
2.832300000000000000e+04 2.746000000000000000e+04
2.833300000000000000e+04 2.745900000000000000e+04
2.833500000000000000e+04 2.744400000000000000e+04
2.834600000000000000e+04 2.744000000000000000e+04
2.834700000000000000e+04 2.742100000000000000e+04
2.836400000000000000e+04 2.741000000000000000e+04
2.836400000000000000e+04 2.741900000000000000e+04
2.836600000000000000e+04 2.741000000000000000e+04
2.837000000000000000e+04 2.740500000000000000e+04
2.837400000000000000e+04 2.740400000000000000e+04
2.837900000000000000e+04 2.739900000000000000e+04
2.838200000000000000e+04 2.739400000000000000e+04
2.838300000000000000e+04 2.738800000000000000e+04
2.838800000000000000e+04 2.738600000000000000e+04
2.839400000000000000e+04 2.737900000000000000e+04
2.840100000000000000e+04 2.737200000000000000e+04
2.840200000000000000e+04 2.736900000000000000e+04
2.840400000000000000e+04 2.736700000000000000e+04
2.841100000000000000e+04 2.736400000000000000e+04
2.842600000000000000e+04 2.735700000000000000e+04
2.843200000000000000e+04 2.734300000000000000e+04
2.843300000000000000e+04 2.734200000000000000e+04
2.843800000000000000e+04 2.733300000000000000e+04
2.844800000000000000e+04 2.731800000000000000e+04
2.847200000000000000e+04 2.731500000000000000e+04
2.847300000000000000e+04 2.729400000000000000e+04
2.847700000000000000e+04 2.728200000000000000e+04
2.847800000000000000e+04 2.728000000000000000e+04
2.848200000000000000e+04 2.727800000000000000e+04
2.848400000000000000e+04 2.726900000000000000e+04
2.848700000000000000e+04 2.726600000000000000e+04
2.848800000000000000e+04 2.726200000000000000e+04
2.849000000000000000e+04 2.725000000000000000e+04
2.849000000000000000e+04 2.726100000000000000e+04
2.849400000000000000e+04 2.724400000000000000e+04
2.849900000000000000e+04 2.723900000000000000e+04
2.850200000000000000e+04 2.723800000000000000e+04
2.851000000000000000e+04 2.723400000000000000e+04
2.851100000000000000e+04 2.723000000000000000e+04
2.851200000000000000e+04 2.722400000000000000e+04
2.852200000000000000e+04 2.722000000000000000e+04
2.854100000000000000e+04 2.721000000000000000e+04
2.854100000000000000e+04 2.721500000000000000e+04
2.854600000000000000e+04 2.719700000000000000e+04
2.855700000000000000e+04 2.719500000000000000e+04
2.856400000000000000e+04 2.718700000000000000e+04
2.857000000000000000e+04 2.716500000000000000e+04
2.857200000000000000e+04 2.715900000000000000e+04
2.857800000000000000e+04 2.715600000000000000e+04
2.857800000000000000e+04 2.715800000000000000e+04
2.858000000000000000e+04 2.714700000000000000e+04
2.858100000000000000e+04 2.714600000000000000e+04
2.858500000000000000e+04 2.714000000000000000e+04
2.858600000000000000e+04 2.713900000000000000e+04
2.859000000000000000e+04 2.713800000000000000e+04
2.860200000000000000e+04 2.712800000000000000e+04
2.860300000000000000e+04 2.711300000000000000e+04
2.861000000000000000e+04 2.710700000000000000e+04
2.861200000000000000e+04 2.710100000000000000e+04
2.861700000000000000e+04 2.709800000000000000e+04
2.862100000000000000e+04 2.709300000000000000e+04
2.862700000000000000e+04 2.708900000000000000e+04
2.863100000000000000e+04 2.707900000000000000e+04
2.863300000000000000e+04 2.707800000000000000e+04
2.866100000000000000e+04 2.707000000000000000e+04
2.866500000000000000e+04 2.705100000000000000e+04
2.867500000000000000e+04 2.704900000000000000e+04
2.868100000000000000e+04 2.703000000000000000e+04
2.868400000000000000e+04 2.701100000000000000e+04
2.869000000000000000e+04 2.700600000000000000e+04
2.869400000000000000e+04 2.699700000000000000e+04
2.869600000000000000e+04 2.699600000000000000e+04
2.870100000000000000e+04 2.698600000000000000e+04
2.870500000000000000e+04 2.698200000000000000e+04
2.871600000000000000e+04 2.695800000000000000e+04
2.872900000000000000e+04 2.694900000000000000e+04
2.874200000000000000e+04 2.694200000000000000e+04
2.874600000000000000e+04 2.692200000000000000e+04
2.875000000000000000e+04 2.690700000000000000e+04
2.875200000000000000e+04 2.690000000000000000e+04
2.875300000000000000e+04 2.689900000000000000e+04
2.876000000000000000e+04 2.689700000000000000e+04
2.876400000000000000e+04 2.689100000000000000e+04
2.876500000000000000e+04 2.688300000000000000e+04
2.876500000000000000e+04 2.688800000000000000e+04
2.876700000000000000e+04 2.688200000000000000e+04
2.877600000000000000e+04 2.687700000000000000e+04
2.877800000000000000e+04 2.686900000000000000e+04
2.878100000000000000e+04 2.685300000000000000e+04
2.880100000000000000e+04 2.685300000000000000e+04
2.880500000000000000e+04 2.681600000000000000e+04
2.881300000000000000e+04 2.681200000000000000e+04
2.882700000000000000e+04 2.680700000000000000e+04
2.883200000000000000e+04 2.680000000000000000e+04
2.884600000000000000e+04 2.678200000000000000e+04
2.885000000000000000e+04 2.678000000000000000e+04
2.885900000000000000e+04 2.677700000000000000e+04
2.886000000000000000e+04 2.676200000000000000e+04
2.886500000000000000e+04 2.676000000000000000e+04
2.886800000000000000e+04 2.675100000000000000e+04
2.887700000000000000e+04 2.674200000000000000e+04
2.888000000000000000e+04 2.674200000000000000e+04
2.888300000000000000e+04 2.674000000000000000e+04
2.888800000000000000e+04 2.673700000000000000e+04
2.889100000000000000e+04 2.673100000000000000e+04
2.889300000000000000e+04 2.671100000000000000e+04
2.889700000000000000e+04 2.670100000000000000e+04
2.890200000000000000e+04 2.669700000000000000e+04
2.890800000000000000e+04 2.669300000000000000e+04
2.891200000000000000e+04 2.669100000000000000e+04
2.891400000000000000e+04 2.667900000000000000e+04
2.892400000000000000e+04 2.667100000000000000e+04
2.893500000000000000e+04 2.664400000000000000e+04
2.893900000000000000e+04 2.662500000000000000e+04
2.894100000000000000e+04 2.661800000000000000e+04
2.894400000000000000e+04 2.660500000000000000e+04
2.895400000000000000e+04 2.659600000000000000e+04
2.897200000000000000e+04 2.658400000000000000e+04
2.897900000000000000e+04 2.655200000000000000e+04
2.898800000000000000e+04 2.654500000000000000e+04
2.899300000000000000e+04 2.653900000000000000e+04
2.899500000000000000e+04 2.653500000000000000e+04
2.900400000000000000e+04 2.652000000000000000e+04
2.900900000000000000e+04 2.651300000000000000e+04
2.901500000000000000e+04 2.649200000000000000e+04
2.901500000000000000e+04 2.651100000000000000e+04
2.901700000000000000e+04 2.648900000000000000e+04
2.903700000000000000e+04 2.648800000000000000e+04
2.904100000000000000e+04 2.646700000000000000e+04
2.904400000000000000e+04 2.645800000000000000e+04
2.905100000000000000e+04 2.645000000000000000e+04
2.905400000000000000e+04 2.644200000000000000e+04
2.905700000000000000e+04 2.643200000000000000e+04
2.905900000000000000e+04 2.642700000000000000e+04
2.906700000000000000e+04 2.641400000000000000e+04
2.906800000000000000e+04 2.641300000000000000e+04
2.907000000000000000e+04 2.640400000000000000e+04
2.907200000000000000e+04 2.638600000000000000e+04
2.907500000000000000e+04 2.638100000000000000e+04
2.907700000000000000e+04 2.637100000000000000e+04
2.907700000000000000e+04 2.638000000000000000e+04
2.907800000000000000e+04 2.636000000000000000e+04
2.908100000000000000e+04 2.635600000000000000e+04
2.908200000000000000e+04 2.635300000000000000e+04
2.908300000000000000e+04 2.635100000000000000e+04
2.908700000000000000e+04 2.634700000000000000e+04
2.908900000000000000e+04 2.633900000000000000e+04
2.909500000000000000e+04 2.633600000000000000e+04
2.910100000000000000e+04 2.633300000000000000e+04
2.910300000000000000e+04 2.632200000000000000e+04
2.910700000000000000e+04 2.631000000000000000e+04
2.910700000000000000e+04 2.631500000000000000e+04
2.911200000000000000e+04 2.630900000000000000e+04
2.911800000000000000e+04 2.630400000000000000e+04
2.911900000000000000e+04 2.630300000000000000e+04
2.912000000000000000e+04 2.628500000000000000e+04
2.912300000000000000e+04 2.628200000000000000e+04
2.912400000000000000e+04 2.627800000000000000e+04
2.912900000000000000e+04 2.627200000000000000e+04
2.913400000000000000e+04 2.626200000000000000e+04
2.914200000000000000e+04 2.625700000000000000e+04
2.915100000000000000e+04 2.625200000000000000e+04
2.915300000000000000e+04 2.624000000000000000e+04
2.916000000000000000e+04 2.623900000000000000e+04
2.916200000000000000e+04 2.621500000000000000e+04
2.916400000000000000e+04 2.620900000000000000e+04
2.916700000000000000e+04 2.620300000000000000e+04
2.916900000000000000e+04 2.619800000000000000e+04
2.917400000000000000e+04 2.619400000000000000e+04
2.917700000000000000e+04 2.618600000000000000e+04
2.917700000000000000e+04 2.619000000000000000e+04
2.917900000000000000e+04 2.618400000000000000e+04
2.918100000000000000e+04 2.618200000000000000e+04
2.919600000000000000e+04 2.618200000000000000e+04
2.919700000000000000e+04 2.617500000000000000e+04
2.920200000000000000e+04 2.616700000000000000e+04
2.920500000000000000e+04 2.616000000000000000e+04
2.921600000000000000e+04 2.612300000000000000e+04
2.921600000000000000e+04 2.615700000000000000e+04
2.921700000000000000e+04 2.612000000000000000e+04
2.921700000000000000e+04 2.612300000000000000e+04
2.921800000000000000e+04 2.611600000000000000e+04
2.921800000000000000e+04 2.611900000000000000e+04
2.922500000000000000e+04 2.611500000000000000e+04
2.922700000000000000e+04 2.610500000000000000e+04
2.923300000000000000e+04 2.608700000000000000e+04
2.923800000000000000e+04 2.608200000000000000e+04
2.924200000000000000e+04 2.607300000000000000e+04
2.925000000000000000e+04 2.607100000000000000e+04
2.925500000000000000e+04 2.606000000000000000e+04
2.925800000000000000e+04 2.605800000000000000e+04
2.926000000000000000e+04 2.604200000000000000e+04
2.926100000000000000e+04 2.602200000000000000e+04
2.926200000000000000e+04 2.601800000000000000e+04
2.927000000000000000e+04 2.601100000000000000e+04
2.927400000000000000e+04 2.598000000000000000e+04
2.929900000000000000e+04 2.595100000000000000e+04
2.930000000000000000e+04 2.593100000000000000e+04
2.930400000000000000e+04 2.592300000000000000e+04
2.930600000000000000e+04 2.591500000000000000e+04
2.931100000000000000e+04 2.590900000000000000e+04
2.933000000000000000e+04 2.589200000000000000e+04
2.933100000000000000e+04 2.587600000000000000e+04
2.933400000000000000e+04 2.586800000000000000e+04
2.933500000000000000e+04 2.585700000000000000e+04
2.933800000000000000e+04 2.585300000000000000e+04
2.934100000000000000e+04 2.585300000000000000e+04
2.934600000000000000e+04 2.583600000000000000e+04
2.936100000000000000e+04 2.583100000000000000e+04
2.936300000000000000e+04 2.583000000000000000e+04
2.936700000000000000e+04 2.581000000000000000e+04
2.937000000000000000e+04 2.579600000000000000e+04
2.937700000000000000e+04 2.578100000000000000e+04
2.938700000000000000e+04 2.577900000000000000e+04
2.939100000000000000e+04 2.574600000000000000e+04
2.939600000000000000e+04 2.572500000000000000e+04
2.939600000000000000e+04 2.573200000000000000e+04
2.939600000000000000e+04 2.573500000000000000e+04
2.940200000000000000e+04 2.572500000000000000e+04
2.940300000000000000e+04 2.572400000000000000e+04
2.940800000000000000e+04 2.571500000000000000e+04
2.941000000000000000e+04 2.571000000000000000e+04
2.941300000000000000e+04 2.568700000000000000e+04
2.941400000000000000e+04 2.568600000000000000e+04
2.941600000000000000e+04 2.567300000000000000e+04
2.941700000000000000e+04 2.567000000000000000e+04
2.942500000000000000e+04 2.565300000000000000e+04
2.943100000000000000e+04 2.563600000000000000e+04
2.943300000000000000e+04 2.561700000000000000e+04
2.943500000000000000e+04 2.561400000000000000e+04
2.943700000000000000e+04 2.559700000000000000e+04
2.943800000000000000e+04 2.559200000000000000e+04
2.944100000000000000e+04 2.559200000000000000e+04
2.944200000000000000e+04 2.559100000000000000e+04
2.944700000000000000e+04 2.558500000000000000e+04
2.945300000000000000e+04 2.558400000000000000e+04
2.945800000000000000e+04 2.556700000000000000e+04
2.946200000000000000e+04 2.556600000000000000e+04
2.946300000000000000e+04 2.555900000000000000e+04
2.946400000000000000e+04 2.555200000000000000e+04
2.946500000000000000e+04 2.555000000000000000e+04
2.947300000000000000e+04 2.553800000000000000e+04
2.947500000000000000e+04 2.552300000000000000e+04
2.948100000000000000e+04 2.552200000000000000e+04
2.948200000000000000e+04 2.552000000000000000e+04
2.948600000000000000e+04 2.551400000000000000e+04
2.948800000000000000e+04 2.551200000000000000e+04
2.949000000000000000e+04 2.549200000000000000e+04
2.949600000000000000e+04 2.548500000000000000e+04
2.949800000000000000e+04 2.546000000000000000e+04
2.950900000000000000e+04 2.545400000000000000e+04
2.951100000000000000e+04 2.544900000000000000e+04
2.952200000000000000e+04 2.543900000000000000e+04
2.952300000000000000e+04 2.540000000000000000e+04
2.952500000000000000e+04 2.538900000000000000e+04
2.953000000000000000e+04 2.538800000000000000e+04
2.954000000000000000e+04 2.538000000000000000e+04
2.954300000000000000e+04 2.536600000000000000e+04
2.954500000000000000e+04 2.535800000000000000e+04
2.955300000000000000e+04 2.535600000000000000e+04
2.955400000000000000e+04 2.532600000000000000e+04
2.955600000000000000e+04 2.532300000000000000e+04
2.956300000000000000e+04 2.531900000000000000e+04
2.956500000000000000e+04 2.528200000000000000e+04
2.957400000000000000e+04 2.528100000000000000e+04
2.958000000000000000e+04 2.527600000000000000e+04
2.958500000000000000e+04 2.527500000000000000e+04
2.959700000000000000e+04 2.526100000000000000e+04
2.960400000000000000e+04 2.524700000000000000e+04
2.960500000000000000e+04 2.524600000000000000e+04
2.960800000000000000e+04 2.523100000000000000e+04
2.960900000000000000e+04 2.522100000000000000e+04
2.961300000000000000e+04 2.521900000000000000e+04
2.962000000000000000e+04 2.519100000000000000e+04
2.962200000000000000e+04 2.517300000000000000e+04
2.962500000000000000e+04 2.517200000000000000e+04
2.963200000000000000e+04 2.513000000000000000e+04
2.963200000000000000e+04 2.513700000000000000e+04
2.963200000000000000e+04 2.517100000000000000e+04
2.963300000000000000e+04 2.512100000000000000e+04
2.963500000000000000e+04 2.511900000000000000e+04
2.963900000000000000e+04 2.511600000000000000e+04
2.963900000000000000e+04 2.511900000000000000e+04
2.964000000000000000e+04 2.510200000000000000e+04
2.964200000000000000e+04 2.509700000000000000e+04
2.964500000000000000e+04 2.509500000000000000e+04
2.964600000000000000e+04 2.508100000000000000e+04
2.964600000000000000e+04 2.508300000000000000e+04
2.964700000000000000e+04 2.507600000000000000e+04
2.965200000000000000e+04 2.507500000000000000e+04
2.965500000000000000e+04 2.505500000000000000e+04
2.966200000000000000e+04 2.504300000000000000e+04
2.966300000000000000e+04 2.503600000000000000e+04
2.966600000000000000e+04 2.502800000000000000e+04
2.966700000000000000e+04 2.499800000000000000e+04
2.966800000000000000e+04 2.499300000000000000e+04
2.967200000000000000e+04 2.499000000000000000e+04
2.967400000000000000e+04 2.496700000000000000e+04
2.967400000000000000e+04 2.498300000000000000e+04
2.967600000000000000e+04 2.496600000000000000e+04
2.968600000000000000e+04 2.496500000000000000e+04
2.968900000000000000e+04 2.493900000000000000e+04
2.969300000000000000e+04 2.493100000000000000e+04
2.970200000000000000e+04 2.490700000000000000e+04
2.970500000000000000e+04 2.486600000000000000e+04
2.971300000000000000e+04 2.485700000000000000e+04
2.971400000000000000e+04 2.483800000000000000e+04
2.972500000000000000e+04 2.482400000000000000e+04
2.973100000000000000e+04 2.479900000000000000e+04
2.973300000000000000e+04 2.479700000000000000e+04
2.973600000000000000e+04 2.477100000000000000e+04
2.973900000000000000e+04 2.476700000000000000e+04
2.975100000000000000e+04 2.476600000000000000e+04
2.975200000000000000e+04 2.473900000000000000e+04
2.975700000000000000e+04 2.473100000000000000e+04
2.975900000000000000e+04 2.470800000000000000e+04
2.976900000000000000e+04 2.469500000000000000e+04
2.977000000000000000e+04 2.468300000000000000e+04
2.977300000000000000e+04 2.467200000000000000e+04
2.977900000000000000e+04 2.466700000000000000e+04
2.978100000000000000e+04 2.466500000000000000e+04
2.978700000000000000e+04 2.464500000000000000e+04
2.978800000000000000e+04 2.462700000000000000e+04
2.979100000000000000e+04 2.462000000000000000e+04
2.979500000000000000e+04 2.460000000000000000e+04
2.979600000000000000e+04 2.459000000000000000e+04
2.979900000000000000e+04 2.458200000000000000e+04
2.980400000000000000e+04 2.458100000000000000e+04
2.981000000000000000e+04 2.454700000000000000e+04
2.981900000000000000e+04 2.451500000000000000e+04
2.983000000000000000e+04 2.450800000000000000e+04
2.983500000000000000e+04 2.448500000000000000e+04
2.983700000000000000e+04 2.446500000000000000e+04
2.984100000000000000e+04 2.445700000000000000e+04
2.984900000000000000e+04 2.443800000000000000e+04
2.985100000000000000e+04 2.441300000000000000e+04
2.985300000000000000e+04 2.441200000000000000e+04
2.985600000000000000e+04 2.439200000000000000e+04
2.985700000000000000e+04 2.437600000000000000e+04
2.986000000000000000e+04 2.437200000000000000e+04
2.986000000000000000e+04 2.437500000000000000e+04
2.987000000000000000e+04 2.436400000000000000e+04
2.987100000000000000e+04 2.432100000000000000e+04
2.988700000000000000e+04 2.431700000000000000e+04
2.988800000000000000e+04 2.430800000000000000e+04
2.989100000000000000e+04 2.429200000000000000e+04
2.989400000000000000e+04 2.428400000000000000e+04
2.989700000000000000e+04 2.424400000000000000e+04
2.990100000000000000e+04 2.423700000000000000e+04
2.990200000000000000e+04 2.423100000000000000e+04
2.990200000000000000e+04 2.423300000000000000e+04
2.990700000000000000e+04 2.422600000000000000e+04
2.990900000000000000e+04 2.422200000000000000e+04
2.991200000000000000e+04 2.420300000000000000e+04
2.992200000000000000e+04 2.417900000000000000e+04
2.992400000000000000e+04 2.417000000000000000e+04
2.992900000000000000e+04 2.414600000000000000e+04
2.993000000000000000e+04 2.412500000000000000e+04
2.993600000000000000e+04 2.411800000000000000e+04
2.993700000000000000e+04 2.411200000000000000e+04
2.994600000000000000e+04 2.408200000000000000e+04
2.994700000000000000e+04 2.404300000000000000e+04
2.994700000000000000e+04 2.407400000000000000e+04
2.995000000000000000e+04 2.402300000000000000e+04
2.995200000000000000e+04 2.401200000000000000e+04
2.995700000000000000e+04 2.399200000000000000e+04
2.995700000000000000e+04 2.400500000000000000e+04
2.995800000000000000e+04 2.397200000000000000e+04
2.997500000000000000e+04 2.396000000000000000e+04
2.998300000000000000e+04 2.393100000000000000e+04
2.998400000000000000e+04 2.392500000000000000e+04
2.998700000000000000e+04 2.386600000000000000e+04
2.998800000000000000e+04 2.384700000000000000e+04
2.999500000000000000e+04 2.383600000000000000e+04
2.999600000000000000e+04 2.379200000000000000e+04
2.999700000000000000e+04 2.379000000000000000e+04
3.000200000000000000e+04 2.376200000000000000e+04
3.000300000000000000e+04 2.371500000000000000e+04
3.000700000000000000e+04 2.369100000000000000e+04
3.000900000000000000e+04 2.368700000000000000e+04
3.001500000000000000e+04 2.367000000000000000e+04
3.001600000000000000e+04 2.365400000000000000e+04
3.001800000000000000e+04 2.361700000000000000e+04
3.002000000000000000e+04 2.361300000000000000e+04
3.002100000000000000e+04 2.359300000000000000e+04
3.002200000000000000e+04 2.357600000000000000e+04
3.002800000000000000e+04 2.357200000000000000e+04
3.003700000000000000e+04 2.352000000000000000e+04
3.003800000000000000e+04 2.351100000000000000e+04
3.004100000000000000e+04 2.350000000000000000e+04
3.005300000000000000e+04 2.346200000000000000e+04
3.005600000000000000e+04 2.341100000000000000e+04
3.005700000000000000e+04 2.336700000000000000e+04
3.005800000000000000e+04 2.336400000000000000e+04
3.006100000000000000e+04 2.335900000000000000e+04
3.006200000000000000e+04 2.329900000000000000e+04
3.006400000000000000e+04 2.329700000000000000e+04
3.007100000000000000e+04 2.326900000000000000e+04
3.007300000000000000e+04 2.322200000000000000e+04
3.007700000000000000e+04 2.321700000000000000e+04
3.008000000000000000e+04 2.315500000000000000e+04
3.008100000000000000e+04 2.304500000000000000e+04
