# LOG: Iteration 31: Mid-optimization. Trend='exploration', L=7, kappa=0.070

23300.000000 29870.000000 
23504.000000 29868.000000 
23804.000000 29852.000000 
23766.000000 29863.000000 
23821.000000 29846.000000 
23844.000000 29834.000000 
24152.000000 29795.000000 
24103.000000 29809.000000 
24121.000000 29797.000000 
24158.000000 29786.000000 
24166.000000 29783.000000 
24343.000000 29753.000000 
24341.000000 29765.000000 
24454.000000 29749.000000 
24540.000000 29730.000000 
24510.000000 29744.000000 
24536.000000 29743.000000 
24562.000000 29728.000000 
24607.000000 29722.000000 
24597.000000 29726.000000 
24757.000000 29688.000000 
24722.000000 29704.000000 
24911.000000 29617.000000 
24868.000000 29656.000000 
24908.000000 29644.000000 
25066.000000 29601.000000 
25078.000000 29596.000000 
25087.000000 29588.000000 
25052.000000 29604.000000 
25086.000000 29591.000000 
25143.000000 29580.000000 
25119.000000 29583.000000 
25111.000000 29585.000000 
25152.000000 29562.000000 
25160.000000 29560.000000 
25148.000000 29572.000000 
25179.000000 29558.000000 
25185.000000 29555.000000 
25144.000000 29573.000000 
25276.000000 29540.000000 
25312.000000 29525.000000 
25247.000000 29553.000000 
25403.000000 29501.000000 
25375.000000 29514.000000 
25401.000000 29503.000000 
25405.000000 29497.000000 
25431.000000 29493.000000 
25506.000000 29489.000000 
25491.000000 29492.000000 
25496.000000 29491.000000 
25528.000000 29483.000000 
25605.000000 29461.000000 
25586.000000 29474.000000 
25597.000000 29463.000000 
25633.000000 29452.000000 
25669.000000 29441.000000 
25655.000000 29449.000000 
25706.000000 29425.000000 
25703.000000 29431.000000 
25682.000000 29440.000000 
25690.000000 29439.000000 
25750.000000 29417.000000 
25765.000000 29405.000000 
25885.000000 29372.000000 
25827.000000 29381.000000 
25848.000000 29379.000000 
25890.000000 29345.000000 
25888.000000 29347.000000 
25889.000000 29346.000000 
25966.000000 29342.000000 
26022.000000 29281.000000 
25997.000000 29297.000000 
25983.000000 29306.000000 
26118.000000 29198.000000 
26137.000000 29188.000000 
26139.000000 29182.000000 
26181.000000 29165.000000 
26169.000000 29179.000000 
26171.000000 29175.000000 
26212.000000 29162.000000 
26240.000000 29127.000000 
26256.000000 29117.000000 
26321.000000 29089.000000 
26291.000000 29098.000000 
26270.000000 29113.000000 
26267.000000 29115.000000 
26326.000000 29085.000000 
26383.000000 29076.000000 
26418.000000 29066.000000 
26435.000000 29037.000000 
26437.000000 29027.000000 
26442.000000 29025.000000 
26443.000000 29023.000000 
26459.000000 29022.000000 
26475.000000 28980.000000 
26472.000000 28988.000000 
26561.000000 28937.000000 
26557.000000 28950.000000 
26532.000000 28978.000000 
26536.000000 28959.000000 
26630.000000 28912.000000 
26619.000000 28917.000000 
26603.000000 28935.000000 
26621.000000 28914.000000 
26733.000000 28860.000000 
26747.000000 28838.000000 
26780.000000 28834.000000 
26788.000000 28803.000000 
26796.000000 28801.000000 
26781.000000 28807.000000 
26866.000000 28739.000000 
26885.000000 28725.000000 
26859.000000 28747.000000 
26871.000000 28736.000000 
26939.000000 28685.000000 
26904.000000 28713.000000 
26914.000000 28707.000000 
26909.000000 28711.000000 
26949.000000 28682.000000 
26931.000000 28696.000000 
26954.000000 28679.000000 
26959.000000 28673.000000 
26960.000000 28660.000000 
27030.000000 28592.000000 
27026.000000 28610.000000 
27035.000000 28581.000000 
27025.000000 28617.000000 
27040.000000 28580.000000 
27027.000000 28595.000000 
27085.000000 28571.000000 
27097.000000 28561.000000 
27229.000000 28419.000000 
27208.000000 28464.000000 
27236.000000 28418.000000 
27228.000000 28442.000000 
27209.000000 28456.000000 
27286.000000 28397.000000 
27332.000000 28361.000000 
27297.000000 28384.000000 
27396.000000 28297.000000 
27404.000000 28260.000000 
27398.000000 28269.000000 
27403.000000 28263.000000 
27405.000000 28256.000000 
27493.000000 28196.000000 
27538.000000 28165.000000 
27524.000000 28173.000000 
27572.000000 28146.000000 
27574.000000 28120.000000 
27570.000000 28151.000000 
27564.000000 28158.000000 
27632.000000 28112.000000 
27617.000000 28114.000000 
27613.000000 28115.000000 
27648.000000 28101.000000 
27711.000000 28040.000000 
27683.000000 28086.000000 
27703.000000 28072.000000 
27730.000000 28014.000000 
27732.000000 28009.000000 
27742.000000 28008.000000 
27773.000000 27984.000000 
27788.000000 27959.000000 
27763.000000 27991.000000 
27781.000000 27971.000000 
27761.000000 28002.000000 
27819.000000 27921.000000 
27816.000000 27923.000000 
27803.000000 27935.000000 
27815.000000 27932.000000 
27909.000000 27828.000000 
27904.000000 27871.000000 
27963.000000 27825.000000 
27971.000000 27805.000000 
27965.000000 27812.000000 
28001.000000 27801.000000 
28023.000000 27755.000000 
28014.000000 27765.000000 
28047.000000 27754.000000 
28049.000000 27726.000000 
28063.000000 27718.000000 
28078.000000 27695.000000 
28102.000000 27683.000000 
28074.000000 27714.000000 
28096.000000 27684.000000 
28081.000000 27687.000000 
28107.000000 27665.000000 
28120.000000 27650.000000 
28162.000000 27607.000000 
28135.000000 27633.000000 
28169.000000 27597.000000 
28194.000000 27571.000000 
28188.000000 27574.000000 
28225.000000 27537.000000 
28211.000000 27557.000000 
28201.000000 27567.000000 
28302.000000 27422.000000 
28289.000000 27431.000000 
28276.000000 27432.000000 
28299.000000 27428.000000 
28333.000000 27373.000000 
28316.000000 27381.000000 
28313.000000 27386.000000 
28307.000000 27399.000000 
28336.000000 27369.000000 
28370.000000 27319.000000 
28363.000000 27339.000000 
28378.000000 27318.000000 
28392.000000 27303.000000 
28390.000000 27305.000000 
28386.000000 27306.000000 
28417.000000 27299.000000 
28460.000000 27273.000000 
28463.000000 27264.000000 
28475.000000 27257.000000 
28485.000000 27234.000000 
28490.000000 27216.000000 
28499.000000 27198.000000 
28506.000000 27168.000000 
28545.000000 27118.000000 
28557.000000 27093.000000 
28539.000000 27156.000000 
28566.000000 27079.000000 
28555.000000 27110.000000 
28585.000000 27052.000000 
28571.000000 27068.000000 
28577.000000 27067.000000 
28630.000000 26975.000000 
28627.000000 27015.000000 
28638.000000 26967.000000 
28643.000000 26965.000000 
28633.000000 26970.000000 
28668.000000 26942.000000 
28692.000000 26897.000000 
28659.000000 26949.000000 
28673.000000 26906.000000 
28709.000000 26850.000000 
28714.000000 26846.000000 
28720.000000 26842.000000 
28771.000000 26790.000000 
28730.000000 26814.000000 
28794.000000 26739.000000 
28823.000000 26691.000000 
28839.000000 26658.000000 
28835.000000 26659.000000 
28834.000000 26680.000000 
28855.000000 26646.000000 
28862.000000 26597.000000 
28866.000000 26589.000000 
28888.000000 26536.000000 
28895.000000 26528.000000 
28882.000000 26571.000000 
28908.000000 26515.000000 
28911.000000 26481.000000 
28903.000000 26521.000000 
28909.000000 26484.000000 
28924.000000 26476.000000 
28977.000000 26392.000000 
28984.000000 26380.000000 
29006.000000 26358.000000 
28988.000000 26376.000000 
29010.000000 26331.000000 
29027.000000 26315.000000 
29033.000000 26311.000000 
29043.000000 26278.000000 
29057.000000 26255.000000 
29062.000000 26240.000000 
29097.000000 26209.000000 
29111.000000 26162.000000 
29110.000000 26203.000000 
29130.000000 26147.000000 
29176.000000 26085.000000 
29135.000000 26135.000000 
29196.000000 26014.000000 
29189.000000 26047.000000 
29181.000000 26067.000000 
29195.000000 26016.000000 
29210.000000 25993.000000 
29213.000000 25973.000000 
29214.000000 25939.000000 
29228.000000 25925.000000 
29253.000000 25883.000000 
29269.000000 25754.000000 
29264.000000 25758.000000 
29285.000000 25753.000000 
29263.000000 25789.000000 
29339.000000 25653.000000 
29326.000000 25668.000000 
29365.000000 25559.000000 
29379.000000 25516.000000 
29608.000000 24879.000000 
29613.000000 24825.000000 
29701.000000 24491.000000 
29711.000000 24443.000000 
29709.000000 24476.000000 
29752.000000 24382.000000 
29744.000000 24404.000000 
29757.000000 24339.000000 
29776.000000 24289.000000 
29780.000000 24268.000000 
29775.000000 24314.000000 
29784.000000 24261.000000 
26063.000000 29236.000000 
26052.000000 29260.000000 
26060.000000 29237.000000 
26092.000000 29233.000000 
26078.000000 29234.000000 
29662.000000 24656.000000 
29675.000000 24654.000000 
29689.000000 24625.000000 
29659.000000 24662.000000 
29655.000000 24718.000000 
29630.000000 24785.000000 
29657.000000 24703.000000 
29633.000000 24760.000000 
29640.000000 24727.000000 
29635.000000 24731.000000 
29617.000000 24815.000000 
29620.000000 24797.000000 
29626.000000 24792.000000 
29610.000000 24859.000000 
29592.000000 24925.000000 
29601.000000 24917.000000 
29590.000000 24986.000000 
29515.000000 25220.000000 
29509.000000 25278.000000 
29453.000000 25370.000000 
29452.000000 25390.000000 
29439.000000 25447.000000 
29435.000000 25448.000000 
29429.000000 25510.000000 
29431.000000 25480.000000 
29434.000000 25461.000000 
29504.000000 25354.000000 
29507.000000 25339.000000 
29496.000000 25368.000000 
29502.000000 25365.000000 
29521.000000 25213.000000 
29574.000000 25183.000000 
29570.000000 25203.000000 
29569.000000 25210.000000 
29583.000000 25127.000000 
29576.000000 25132.000000 
29830.000000 24184.000000 
29821.000000 24189.000000 
29820.000000 24207.000000 
29807.000000 24255.000000 
29819.000000 24241.000000 
29848.000000 24050.000000 
29837.000000 24102.000000 
29841.000000 24093.000000 
29832.000000 24103.000000 
29865.000000 24012.000000 
29899.000000 23941.000000 
29898.000000 23959.000000 
29887.000000 23982.000000 
29918.000000 23841.000000 
29908.000000 23855.000000 
29906.000000 23877.000000 
29831.000000 24105.000000 
29888.000000 23973.000000 
# LOG: Iteration 31: Mid-optimization. Trend='exploration', L=7, kappa=0.070

23940.000000 29884.000000 
23946.000000 29870.000000 
23970.000000 29869.000000 
# LOG: Iteration 33: Mid-optimization. Trend='exploration', L=6, kappa=0.060

23670.000000 29884.000000 
23711.000000 29881.000000 
24048.000000 29866.000000 
24012.000000 29876.000000 
24124.000000 29865.000000 
24181.000000 29850.000000 
24152.000000 29859.000000 
24178.000000 29852.000000 
24166.000000 29856.000000 
24150.000000 29860.000000 
24245.000000 29838.000000 
24248.000000 29825.000000 
24246.000000 29833.000000 
24276.000000 29821.000000 
24311.000000 29804.000000 
24261.000000 29823.000000 
24282.000000 29810.000000 
24277.000000 29812.000000 
24297.000000 29809.000000 
24349.000000 29802.000000 
24350.000000 29799.000000 
24365.000000 29796.000000 
24443.000000 29782.000000 
24435.000000 29794.000000 
24498.000000 29774.000000 
24495.000000 29781.000000 
24543.000000 29771.000000 
24719.000000 29683.000000 
24787.000000 29670.000000 
24762.000000 29679.000000 
24723.000000 29682.000000 
24836.000000 29656.000000 
24918.000000 29632.000000 
24894.000000 29645.000000 
24910.000000 29633.000000 
24900.000000 29638.000000 
25048.000000 29600.000000 
24968.000000 29613.000000 
24963.000000 29628.000000 
24982.000000 29611.000000 
25009.000000 29606.000000 
25108.000000 29561.000000 
25184.000000 29541.000000 
25175.000000 29558.000000 
25165.000000 29560.000000 
25279.000000 29532.000000 
25243.000000 29539.000000 
25349.000000 29506.000000 
25377.000000 29482.000000 
25362.000000 29501.000000 
25369.000000 29483.000000 
25368.000000 29488.000000 
25421.000000 29481.000000 
25468.000000 29463.000000 
25446.000000 29469.000000 
25444.000000 29476.000000 
25480.000000 29448.000000 
25548.000000 29428.000000 
25537.000000 29436.000000 
25574.000000 29421.000000 
25591.000000 29405.000000 
25590.000000 29409.000000 
25626.000000 29401.000000 
25586.000000 29411.000000 
25687.000000 29379.000000 
25683.000000 29380.000000 
25722.000000 29360.000000 
25695.000000 29374.000000 
25692.000000 29375.000000 
25805.000000 29337.000000 
25808.000000 29316.000000 
25825.000000 29310.000000 
26575.000000 28910.000000 
26615.000000 28893.000000 
26695.000000 28837.000000 
26706.000000 28828.000000 
26694.000000 28838.000000 
26724.000000 28827.000000 
26826.000000 28800.000000 
26833.000000 28789.000000 
26806.000000 28803.000000 
26794.000000 28808.000000 
26851.000000 28786.000000 
26857.000000 28776.000000 
26894.000000 28759.000000 
26912.000000 28756.000000 
26941.000000 28703.000000 
26923.000000 28726.000000 
26929.000000 28719.000000 
26934.000000 28709.000000 
26945.000000 28697.000000 
26946.000000 28678.000000 
26981.000000 28670.000000 
26965.000000 28675.000000 
26992.000000 28653.000000 
27035.000000 28639.000000 
27019.000000 28652.000000 
27056.000000 28610.000000 
27145.000000 28560.000000 
27136.000000 28564.000000 
27113.000000 28570.000000 
27252.000000 28439.000000 
27245.000000 28456.000000 
27233.000000 28462.000000 
27298.000000 28406.000000 
27408.000000 28310.000000 
27404.000000 28313.000000 
27392.000000 28328.000000 
27421.000000 28303.000000 
27422.000000 28296.000000 
27434.000000 28289.000000 
27440.000000 28279.000000 
27472.000000 28239.000000 
27467.000000 28263.000000 
27510.000000 28227.000000 
27514.000000 28213.000000 
27526.000000 28208.000000 
27536.000000 28189.000000 
27527.000000 28195.000000 
27634.000000 28122.000000 
27627.000000 28132.000000 
27658.000000 28105.000000 
27671.000000 28079.000000 
27659.000000 28092.000000 
27694.000000 28062.000000 
27708.000000 28023.000000 
27703.000000 28046.000000 
27702.000000 28048.000000 
27707.000000 28032.000000 
27704.000000 28039.000000 
27734.000000 28021.000000 
27835.000000 27940.000000 
27883.000000 27882.000000 
27899.000000 27859.000000 
27892.000000 27865.000000 
27900.000000 27849.000000 
27914.000000 27839.000000 
27984.000000 27801.000000 
27991.000000 27796.000000 
27992.000000 27775.000000 
27979.000000 27808.000000 
28047.000000 27732.000000 
28016.000000 27739.000000 
28091.000000 27684.000000 
28061.000000 27705.000000 
28064.000000 27696.000000 
28087.000000 27687.000000 
28098.000000 27670.000000 
28108.000000 27647.000000 
28109.000000 27645.000000 
28127.000000 27618.000000 
28134.000000 27597.000000 
28124.000000 27633.000000 
28133.000000 27611.000000 
28138.000000 27595.000000 
28147.000000 27590.000000 
28150.000000 27580.000000 
28144.000000 27592.000000 
28246.000000 27501.000000 
28229.000000 27510.000000 
28385.000000 27291.000000 
28444.000000 27206.000000 
28437.000000 27207.000000 
28471.000000 27166.000000 
28492.000000 27143.000000 
28481.000000 27145.000000 
28484.000000 27144.000000 
28541.000000 27083.000000 
28556.000000 27078.000000 
28563.000000 27057.000000 
28574.000000 27037.000000 
28579.000000 27029.000000 
28562.000000 27071.000000 
28592.000000 27013.000000 
28585.000000 27018.000000 
28617.000000 27005.000000 
28595.000000 27006.000000 
28660.000000 26986.000000 
28698.000000 26878.000000 
28697.000000 26885.000000 
28701.000000 26852.000000 
28714.000000 26828.000000 
28709.000000 26847.000000 
28710.000000 26837.000000 
28729.000000 26781.000000 
28731.000000 26780.000000 
28728.000000 26803.000000 
28739.000000 26778.000000 
28872.000000 26583.000000 
28865.000000 26622.000000 
28868.000000 26611.000000 
28907.000000 26555.000000 
28919.000000 26530.000000 
28911.000000 26540.000000 
28905.000000 26576.000000 
28946.000000 26502.000000 
28929.000000 26526.000000 
29005.000000 26381.000000 
28984.000000 26442.000000 
28991.000000 26424.000000 
29068.000000 26259.000000 
29054.000000 26286.000000 
29057.000000 26283.000000 
29063.000000 26279.000000 
29067.000000 26269.000000 
29097.000000 26250.000000 
29109.000000 26192.000000 
29101.000000 26212.000000 
29107.000000 26198.000000 
29124.000000 26185.000000 
29123.000000 26188.000000 
29125.000000 26165.000000 
29135.000000 26149.000000 
29144.000000 26095.000000 
29143.000000 26132.000000 
29138.000000 26144.000000 
29167.000000 26081.000000 
29172.000000 26052.000000 
29156.000000 26087.000000 
29184.000000 26034.000000 
29165.000000 26082.000000 
29193.000000 25985.000000 
29187.000000 26001.000000 
29201.000000 25975.000000 
29255.000000 25890.000000 
29248.000000 25918.000000 
29254.000000 25914.000000 
29256.000000 25888.000000 
29259.000000 25871.000000 
29286.000000 25812.000000 
29292.000000 25776.000000 
29274.000000 25853.000000 
29275.000000 25838.000000 
29291.000000 25793.000000 
29277.000000 25835.000000 
29308.000000 25732.000000 
29299.000000 25768.000000 
29324.000000 25711.000000 
29354.000000 25698.000000 
29366.000000 25689.000000 
29387.000000 25606.000000 
29381.000000 25646.000000 
29409.000000 25551.000000 
29396.000000 25596.000000 
29458.000000 25409.000000 
29438.000000 25446.000000 
29474.000000 25313.000000 
29450.000000 25411.000000 
29459.000000 25371.000000 
29462.000000 25322.000000 
29482.000000 25289.000000 
29495.000000 25213.000000 
29499.000000 25149.000000 
29488.000000 25229.000000 
29487.000000 25268.000000 
29496.000000 25182.000000 
29494.000000 25222.000000 
29505.000000 25101.000000 
29520.000000 25017.000000 
29515.000000 25070.000000 
29523.000000 24982.000000 
29534.000000 24978.000000 
29537.000000 24951.000000 
29556.000000 24819.000000 
29558.000000 24800.000000 
29551.000000 24864.000000 
29550.000000 24936.000000 
29608.000000 24755.000000 
29631.000000 24720.000000 
29655.000000 24595.000000 
29656.000000 24556.000000 
29668.000000 24499.000000 
29688.000000 24479.000000 
29673.000000 24493.000000 
29676.000000 24489.000000 
29695.000000 24388.000000 
29696.000000 24367.000000 
29692.000000 24427.000000 
29718.000000 24327.000000 
29722.000000 24157.000000 
29734.000000 24153.000000 
29721.000000 24243.000000 
29771.000000 24087.000000 
29785.000000 24035.000000 
29792.000000 24024.000000 
29829.000000 23964.000000 
29840.000000 23849.000000 
29839.000000 23907.000000 
29843.000000 23843.000000 
29845.000000 23836.000000 
29852.000000 23795.000000 
29850.000000 23810.000000 
29857.000000 23761.000000 
26020.000000 29274.000000 
26017.000000 29288.000000 
26036.000000 29264.000000 
26021.000000 29268.000000 
25987.000000 29295.000000 
26047.000000 29248.000000 
26085.000000 29238.000000 
26071.000000 29247.000000 
26077.000000 29243.000000 
26119.000000 29221.000000 
26101.000000 29237.000000 
26112.000000 29233.000000 
26127.000000 29220.000000 
26114.000000 29222.000000 
26145.000000 29217.000000 
26160.000000 29211.000000 
26169.000000 29192.000000 
26202.000000 29188.000000 
26263.000000 29165.000000 
26243.000000 29166.000000 
26215.000000 29169.000000 
26211.000000 29187.000000 
26307.000000 29139.000000 
26276.000000 29152.000000 
26270.000000 29154.000000 
26308.000000 29129.000000 
26358.000000 29096.000000 
26337.000000 29106.000000 
26340.000000 29100.000000 
26368.000000 29093.000000 
26394.000000 29085.000000 
26374.000000 29086.000000 
26432.000000 29045.000000 
26424.000000 29048.000000 
26416.000000 29058.000000 
26482.000000 29018.000000 
26466.000000 29031.000000 
26510.000000 29004.000000 
26530.000000 28980.000000 
26517.000000 29000.000000 
26552.000000 28940.000000 
26562.000000 28915.000000 
26557.000000 28924.000000 
26632.000000 28871.000000 
26611.000000 28907.000000 
26620.000000 28888.000000 
26621.000000 28886.000000 
26629.000000 28872.000000 
26626.000000 28885.000000 
26617.000000 28892.000000 
26618.000000 28891.000000 
26741.000000 28823.000000 
27254.000000 28420.000000 
27290.000000 28419.000000 
27366.000000 28335.000000 
27358.000000 28338.000000 
27585.000000 28138.000000 
27569.000000 28179.000000 
27570.000000 28157.000000 
27575.000000 28153.000000 
27635.000000 28112.000000 
27753.000000 28010.000000 
27788.000000 27986.000000 
27741.000000 28015.000000 
27821.000000 27942.000000 
27803.000000 27961.000000 
27813.000000 27943.000000 
27801.000000 27963.000000 
27865.000000 27895.000000 
27860.000000 27914.000000 
27869.000000 27887.000000 
27897.000000 27862.000000 
28101.000000 27656.000000 
28183.000000 27547.000000 
28204.000000 27527.000000 
28198.000000 27539.000000 
28201.000000 27538.000000 
28217.000000 27514.000000 
28208.000000 27522.000000 
28278.000000 27433.000000 
28254.000000 27471.000000 
28261.000000 27457.000000 
28258.000000 27460.000000 
28290.000000 27431.000000 
28303.000000 27426.000000 
28320.000000 27412.000000 
28312.000000 27421.000000 
28313.000000 27413.000000 
28332.000000 27376.000000 
28331.000000 27381.000000 
28349.000000 27371.000000 
28365.000000 27332.000000 
28404.000000 27271.000000 
28398.000000 27272.000000 
28411.000000 27257.000000 
28392.000000 27283.000000 
28408.000000 27264.000000 
28419.000000 27253.000000 
28429.000000 27227.000000 
28531.000000 27088.000000 
28527.000000 27100.000000 
28520.000000 27111.000000 
28518.000000 27121.000000 
28741.000000 26755.000000 
28764.000000 26751.000000 
28809.000000 26630.000000 
28797.000000 26681.000000 
29017.000000 26289.000000 
28460.000000 27196.000000 
# LOG: Iteration 31: Mid-optimization. Trend='balanced', L=6, kappa=0.060

23853.000000 29867.000000 
24102.000000 29862.000000 
24148.000000 29851.000000 
24111.000000 29852.000000 
24159.000000 29849.000000 
24215.000000 29846.000000 
24251.000000 29838.000000 
24275.000000 29837.000000 
24371.000000 29814.000000 
24301.000000 29830.000000 
24364.000000 29822.000000 
24327.000000 29829.000000 
24386.000000 29809.000000 
24330.000000 29824.000000 
24456.000000 29806.000000 
24495.000000 29800.000000 
24502.000000 29792.000000 
24540.000000 29787.000000 
24526.000000 29791.000000 
24615.000000 29770.000000 
24620.000000 29763.000000 
24594.000000 29775.000000 
24645.000000 29751.000000 
24687.000000 29738.000000 
24638.000000 29761.000000 
24650.000000 29742.000000 
24740.000000 29737.000000 
24786.000000 29715.000000 
24768.000000 29716.000000 
24895.000000 29707.000000 
24846.000000 29708.000000 
24841.000000 29710.000000 
24967.000000 29696.000000 
24972.000000 29686.000000 
24968.000000 29687.000000 
24978.000000 29678.000000 
24998.000000 29674.000000 
24989.000000 29677.000000 
25014.000000 29668.000000 
25019.000000 29666.000000 
25052.000000 29660.000000 
25133.000000 29649.000000 
25080.000000 29652.000000 
25135.000000 29634.000000 
25233.000000 29609.000000 
25252.000000 29607.000000 
25257.000000 29596.000000 
25286.000000 29585.000000 
25332.000000 29556.000000 
25297.000000 29573.000000 
25333.000000 29550.000000 
25383.000000 29532.000000 
25397.000000 29526.000000 
25404.000000 29521.000000 
25409.000000 29514.000000 
25427.000000 29513.000000 
25534.000000 29465.000000 
25510.000000 29484.000000 
25536.000000 29464.000000 
25523.000000 29479.000000 
25540.000000 29461.000000 
25652.000000 29421.000000 
25628.000000 29425.000000 
25599.000000 29453.000000 
25648.000000 29424.000000 
25711.000000 29398.000000 
25669.000000 29405.000000 
25745.000000 29372.000000 
25737.000000 29381.000000 
25774.000000 29362.000000 
25736.000000 29382.000000 
25809.000000 29344.000000 
25800.000000 29353.000000 
25818.000000 29340.000000 
25814.000000 29341.000000 
25821.000000 29333.000000 
25856.000000 29323.000000 
25862.000000 29302.000000 
25894.000000 29301.000000 
25861.000000 29320.000000 
26084.000000 29191.000000 
26074.000000 29217.000000 
26029.000000 29226.000000 
26047.000000 29219.000000 
26097.000000 29190.000000 
26083.000000 29192.000000 
26119.000000 29189.000000 
26149.000000 29184.000000 
26182.000000 29157.000000 
26220.000000 29136.000000 
26167.000000 29172.000000 
26284.000000 29089.000000 
26295.000000 29079.000000 
26275.000000 29124.000000 
26278.000000 29094.000000 
26307.000000 29077.000000 
26311.000000 29068.000000 
26317.000000 29061.000000 
26349.000000 29055.000000 
26403.000000 29042.000000 
26413.000000 29036.000000 
26409.000000 29037.000000 
26415.000000 29030.000000 
26398.000000 29052.000000 
26419.000000 29024.000000 
26508.000000 28962.000000 
26490.000000 28973.000000 
26567.000000 28937.000000 
26584.000000 28921.000000 
26585.000000 28920.000000 
26606.000000 28915.000000 
26665.000000 28887.000000 
26652.000000 28908.000000 
26656.000000 28892.000000 
26662.000000 28889.000000 
26666.000000 28881.000000 
26736.000000 28829.000000 
26734.000000 28843.000000 
26739.000000 28825.000000 
26745.000000 28818.000000 
26466.000000 28974.000000 
26738.000000 28828.000000 
26769.000000 28797.000000 
26904.000000 28666.000000 
26880.000000 28695.000000 
26865.000000 28717.000000 
26884.000000 28680.000000 
26881.000000 28683.000000 
27012.000000 28547.000000 
27001.000000 28562.000000 
26995.000000 28587.000000 
27014.000000 28540.000000 
27009.000000 28558.000000 
27847.000000 27897.000000 
27867.000000 27867.000000 
27856.000000 27886.000000 
27882.000000 27838.000000 
27863.000000 27876.000000 
27878.000000 27840.000000 
27939.000000 27762.000000 
27942.000000 27746.000000 
27955.000000 27735.000000 
27929.000000 27776.000000 
27971.000000 27719.000000 
27975.000000 27713.000000 
28093.000000 27593.000000 
28125.000000 27563.000000 
28211.000000 27480.000000 
28223.000000 27468.000000 
28212.000000 27477.000000 
28242.000000 27447.000000 
28322.000000 27402.000000 
28336.000000 27374.000000 
28342.000000 27368.000000 
28355.000000 27333.000000 
28419.000000 27227.000000 
28395.000000 27269.000000 
28393.000000 27313.000000 
28407.000000 27244.000000 
28456.000000 27223.000000 
28476.000000 27212.000000 
28466.000000 27217.000000 
28552.000000 27110.000000 
28528.000000 27140.000000 
28540.000000 27115.000000 
28612.000000 27066.000000 
28613.000000 27046.000000 
28622.000000 27031.000000 
28627.000000 27008.000000 
28665.000000 26979.000000 
28638.000000 26980.000000 
28634.000000 26999.000000 
28633.000000 27002.000000 
28694.000000 26911.000000 
28692.000000 26927.000000 
28695.000000 26906.000000 
28697.000000 26896.000000 
28686.000000 26944.000000 
28728.000000 26883.000000 
28719.000000 26890.000000 
28734.000000 26855.000000 
28730.000000 26866.000000 
28722.000000 26888.000000 
28766.000000 26797.000000 
28760.000000 26819.000000 
28780.000000 26776.000000 
28805.000000 26754.000000 
28795.000000 26756.000000 
28789.000000 26759.000000 
28823.000000 26730.000000 
28821.000000 26752.000000 
28834.000000 26708.000000 
28832.000000 26729.000000 
28844.000000 26698.000000 
28852.000000 26667.000000 
28846.000000 26668.000000 
28865.000000 26657.000000 
28877.000000 26633.000000 
28880.000000 26625.000000 
28888.000000 26614.000000 
28891.000000 26598.000000 
28897.000000 26591.000000 
28919.000000 26562.000000 
28910.000000 26573.000000 
28974.000000 26427.000000 
28957.000000 26460.000000 
28972.000000 26433.000000 
28965.000000 26450.000000 
29031.000000 26374.000000 
29001.000000 26410.000000 
28999.000000 26418.000000 
29049.000000 26315.000000 
29054.000000 26291.000000 
29050.000000 26308.000000 
29078.000000 26285.000000 
29086.000000 26263.000000 
29125.000000 26219.000000 
29097.000000 26262.000000 
29100.000000 26255.000000 
29109.000000 26236.000000 
29169.000000 26178.000000 
29160.000000 26201.000000 
29155.000000 26206.000000 
29141.000000 26207.000000 
29185.000000 26119.000000 
29182.000000 26137.000000 
29199.000000 26082.000000 
29193.000000 26118.000000 
29212.000000 26070.000000 
29201.000000 26078.000000 
29231.000000 26015.000000 
29233.000000 25985.000000 
29223.000000 26042.000000 
29216.000000 26043.000000 
29224.000000 26023.000000 
29246.000000 25947.000000 
29258.000000 25891.000000 
29248.000000 25912.000000 
29237.000000 25949.000000 
29314.000000 25770.000000 
29306.000000 25784.000000 
29333.000000 25722.000000 
29354.000000 25639.000000 
29335.000000 25670.000000 
29341.000000 25665.000000 
29346.000000 25659.000000 
29339.000000 25667.000000 
29382.000000 25615.000000 
29402.000000 25591.000000 
29403.000000 25573.000000 
29417.000000 25554.000000 
29425.000000 25501.000000 
29424.000000 25507.000000 
29426.000000 25479.000000 
29457.000000 25433.000000 
29456.000000 25452.000000 
29460.000000 25424.000000 
29451.000000 25471.000000 
29490.000000 25354.000000 
29480.000000 25389.000000 
29488.000000 25356.000000 
29486.000000 25388.000000 
29504.000000 25262.000000 
29512.000000 25247.000000 
29515.000000 25243.000000 
29497.000000 25292.000000 
29503.000000 25278.000000 
29523.000000 25194.000000 
29518.000000 25221.000000 
29526.000000 25183.000000 
29520.000000 25200.000000 
29562.000000 25173.000000 
29571.000000 25040.000000 
29567.000000 25064.000000 
29577.000000 24999.000000 
29624.000000 24808.000000 
29616.000000 24923.000000 
29632.000000 24805.000000 
29639.000000 24767.000000 
29635.000000 24799.000000 
29640.000000 24733.000000 
29660.000000 24674.000000 
29656.000000 24678.000000 
29663.000000 24672.000000 
29669.000000 24633.000000 
29691.000000 24516.000000 
29701.000000 24498.000000 
29707.000000 24418.000000 
29764.000000 24297.000000 
29762.000000 24352.000000 
29796.000000 24218.000000 
29808.000000 24166.000000 
29805.000000 24171.000000 
29813.000000 24067.000000 
29811.000000 24125.000000 
29820.000000 23981.000000 
29817.000000 24001.000000 
29704.000000 24434.000000 
29713.000000 24417.000000 
27246.000000 28481.000000 
27221.000000 28490.000000 
27197.000000 28528.000000 
27216.000000 28502.000000 
27214.000000 28510.000000 
27213.000000 28517.000000 
27252.000000 28473.000000 
27274.000000 28445.000000 
27256.000000 28465.000000 
27265.000000 28462.000000 
27269.000000 28451.000000 
27290.000000 28443.000000 
27333.000000 28430.000000 
27347.000000 28418.000000 
27368.000000 28387.000000 
27353.000000 28405.000000 
27380.000000 28376.000000 
27363.000000 28403.000000 
27386.000000 28366.000000 
27409.000000 28350.000000 
27399.000000 28362.000000 
27451.000000 28305.000000 
27468.000000 28280.000000 
27462.000000 28302.000000 
27479.000000 28275.000000 
27489.000000 28266.000000 
27466.000000 28291.000000 
27499.000000 28259.000000 
27538.000000 28202.000000 
27548.000000 28188.000000 
27570.000000 28164.000000 
27549.000000 28181.000000 
27579.000000 28157.000000 
27585.000000 28150.000000 
27591.000000 28146.000000 
27587.000000 28147.000000 
27641.000000 28098.000000 
27630.000000 28117.000000 
27666.000000 28070.000000 
27659.000000 28081.000000 
27672.000000 28049.000000 
27667.000000 28067.000000 
27772.000000 27965.000000 
27743.000000 28023.000000 
27774.000000 27964.000000 
27766.000000 27985.000000 
27782.000000 27962.000000 
27808.000000 27954.000000 
27813.000000 27943.000000 
27819.000000 27939.000000 
27841.000000 27900.000000 
27824.000000 27927.000000 
27835.000000 27917.000000 
28003.000000 27704.000000 
27993.000000 27708.000000 
28016.000000 27679.000000 
28026.000000 27675.000000 
28040.000000 27660.000000 
28056.000000 27641.000000 
28036.000000 27661.000000 
28069.000000 27632.000000 
28087.000000 27611.000000 
28075.000000 27623.000000 
28074.000000 27624.000000 
28104.000000 27592.000000 
28111.000000 27572.000000 
28134.000000 27560.000000 
28146.000000 27558.000000 
28163.000000 27540.000000 
28159.000000 27544.000000 
28172.000000 27514.000000 
28202.000000 27500.000000 
28227.000000 27459.000000 
28186.000000 27509.000000 
28267.000000 27427.000000 
28268.000000 27407.000000 
28410.000000 27230.000000 
29675.000000 24566.000000 
29718.000000 24414.000000 
# LOG: Iteration 31: Mid-optimization. Trend='exploration', L=7, kappa=0.070

23788.000000 29820.000000 
23758.000000 29875.000000 
# LOG: Iteration 34: Mid-optimization. Trend='exploration', L=7, kappa=0.070

23363.000000 29913.000000 
23394.000000 29908.000000 
24185.000000 29864.000000 
24201.000000 29851.000000 
24291.000000 29832.000000 
24238.000000 29845.000000 
24268.000000 29833.000000 
24451.000000 29816.000000 
24389.000000 29829.000000 
24409.000000 29825.000000 
24415.000000 29819.000000 
24521.000000 29799.000000 
24486.000000 29800.000000 
24523.000000 29798.000000 
24561.000000 29794.000000 
24577.000000 29786.000000 
24570.000000 29790.000000 
24585.000000 29780.000000 
24615.000000 29778.000000 
24676.000000 29762.000000 
24635.000000 29769.000000 
24766.000000 29746.000000 
24752.000000 29753.000000 
24783.000000 29743.000000 
24810.000000 29723.000000 
24794.000000 29732.000000 
24809.000000 29730.000000 
24862.000000 29721.000000 
24878.000000 29706.000000 
25091.000000 29612.000000 
25258.000000 29545.000000 
25229.000000 29572.000000 
25271.000000 29544.000000 
25237.000000 29555.000000 
25343.000000 29528.000000 
25335.000000 29531.000000 
25373.000000 29515.000000 
25420.000000 29498.000000 
25394.000000 29509.000000 
25391.000000 29510.000000 
25490.000000 29475.000000 
25547.000000 29464.000000 
25502.000000 29474.000000 
25584.000000 29442.000000 
25564.000000 29458.000000 
25582.000000 29449.000000 
25748.000000 29388.000000 
25716.000000 29394.000000 
25706.000000 29395.000000 
25692.000000 29418.000000 
25813.000000 29365.000000 
25785.000000 29367.000000 
25935.000000 29327.000000 
25977.000000 29298.000000 
25978.000000 29295.000000 
25961.000000 29315.000000 
25969.000000 29312.000000 
26013.000000 29294.000000 
25968.000000 29314.000000 
26053.000000 29274.000000 
26031.000000 29280.000000 
26036.000000 29278.000000 
26088.000000 29264.000000 
26186.000000 29198.000000 
26176.000000 29226.000000 
26180.000000 29208.000000 
26177.000000 29219.000000 
26178.000000 29210.000000 
26285.000000 29136.000000 
26306.000000 29133.000000 
26348.000000 29086.000000 
26337.000000 29098.000000 
26378.000000 29075.000000 
26364.000000 29078.000000 
26401.000000 29068.000000 
26393.000000 29070.000000 
26677.000000 28900.000000 
26688.000000 28893.000000 
26695.000000 28888.000000 
26767.000000 28851.000000 
26880.000000 28752.000000 
26884.000000 28732.000000 
26938.000000 28705.000000 
26924.000000 28712.000000 
26919.000000 28727.000000 
26968.000000 28703.000000 
26974.000000 28687.000000 
26983.000000 28680.000000 
26992.000000 28668.000000 
26984.000000 28671.000000 
27004.000000 28664.000000 
27007.000000 28656.000000 
27020.000000 28630.000000 
27016.000000 28636.000000 
27010.000000 28645.000000 
27027.000000 28625.000000 
27012.000000 28640.000000 
27042.000000 28615.000000 
27188.000000 28465.000000 
27177.000000 28469.000000 
27171.000000 28472.000000 
27325.000000 28319.000000 
27327.000000 28318.000000 
27323.000000 28326.000000 
27320.000000 28327.000000 
27419.000000 28263.000000 
27384.000000 28270.000000 
27490.000000 28194.000000 
27488.000000 28195.000000 
27497.000000 28187.000000 
27550.000000 28150.000000 
27539.000000 28175.000000 
27555.000000 28142.000000 
27862.000000 27872.000000 
27855.000000 27874.000000 
27900.000000 27837.000000 
27896.000000 27839.000000 
27905.000000 27834.000000 
28006.000000 27718.000000 
28025.000000 27681.000000 
28024.000000 27715.000000 
28036.000000 27680.000000 
28056.000000 27653.000000 
28094.000000 27617.000000 
28128.000000 27575.000000 
28135.000000 27569.000000 
28139.000000 27559.000000 
28165.000000 27509.000000 
28179.000000 27502.000000 
28155.000000 27541.000000 
28207.000000 27482.000000 
28216.000000 27452.000000 
28208.000000 27454.000000 
28200.000000 27495.000000 
28325.000000 27341.000000 
28431.000000 27245.000000 
28429.000000 27263.000000 
28394.000000 27300.000000 
28389.000000 27304.000000 
28464.000000 27208.000000 
28446.000000 27221.000000 
28444.000000 27241.000000 
28456.000000 27215.000000 
28461.000000 27210.000000 
28472.000000 27206.000000 
28478.000000 27181.000000 
28482.000000 27170.000000 
28490.000000 27155.000000 
28501.000000 27145.000000 
28495.000000 27151.000000 
28497.000000 27148.000000 
28513.000000 27116.000000 
28522.000000 27093.000000 
28543.000000 27090.000000 
28620.000000 26987.000000 
28593.000000 26995.000000 
28572.000000 27043.000000 
28690.000000 26883.000000 
28691.000000 26882.000000 
28696.000000 26874.000000 
28738.000000 26814.000000 
28721.000000 26844.000000 
28713.000000 26852.000000 
28723.000000 26843.000000 
28780.000000 26770.000000 
28788.000000 26760.000000 
28806.000000 26733.000000 
28798.000000 26734.000000 
28790.000000 26754.000000 
28797.000000 26744.000000 
28812.000000 26692.000000 
28824.000000 26680.000000 
28819.000000 26688.000000 
28830.000000 26672.000000 
28836.000000 26652.000000 
28833.000000 26663.000000 
28851.000000 26640.000000 
28847.000000 26649.000000 
28864.000000 26607.000000 
28860.000000 26631.000000 
28875.000000 26588.000000 
28872.000000 26591.000000 
28965.000000 26476.000000 
28929.000000 26515.000000 
28938.000000 26483.000000 
29037.000000 26322.000000 
29033.000000 26334.000000 
29025.000000 26362.000000 
29018.000000 26388.000000 
29068.000000 26318.000000 
29071.000000 26301.000000 
29070.000000 26311.000000 
29079.000000 26283.000000 
29082.000000 26244.000000 
29106.000000 26225.000000 
29088.000000 26235.000000 
29125.000000 26172.000000 
29119.000000 26219.000000 
29124.000000 26194.000000 
29134.000000 26163.000000 
29146.000000 26149.000000 
29148.000000 26136.000000 
29156.000000 26132.000000 
29161.000000 26121.000000 
29144.000000 26153.000000 
29173.000000 26094.000000 
29188.000000 26061.000000 
29183.000000 26079.000000 
29181.000000 26087.000000 
29187.000000 26070.000000 
29193.000000 26054.000000 
29206.000000 26017.000000 
29203.000000 26023.000000 
29243.000000 25937.000000 
29227.000000 25954.000000 
29253.000000 25926.000000 
29291.000000 25772.000000 
29280.000000 25786.000000 
29293.000000 25741.000000 
29273.000000 25801.000000 
29307.000000 25730.000000 
29319.000000 25679.000000 
29316.000000 25718.000000 
29313.000000 25722.000000 
29328.000000 25646.000000 
29322.000000 25663.000000 
29324.000000 25655.000000 
29372.000000 25609.000000 
29379.000000 25557.000000 
29398.000000 25506.000000 
29388.000000 25542.000000 
29407.000000 25466.000000 
29392.000000 25524.000000 
29438.000000 25446.000000 
29424.000000 25459.000000 
29446.000000 25375.000000 
29469.000000 25307.000000 
29464.000000 25325.000000 
29460.000000 25329.000000 
29483.000000 25304.000000 
29493.000000 25251.000000 
29538.000000 25096.000000 
29523.000000 25128.000000 
29519.000000 25136.000000 
29571.000000 24982.000000 
29574.000000 24962.000000 
29584.000000 24930.000000 
29589.000000 24915.000000 
29592.000000 24878.000000 
29588.000000 24925.000000 
29579.000000 24945.000000 
29604.000000 24856.000000 
29612.000000 24791.000000 
29607.000000 24816.000000 
29618.000000 24748.000000 
29614.000000 24774.000000 
29625.000000 24732.000000 
29615.000000 24756.000000 
29628.000000 24701.000000 
29619.000000 24740.000000 
29675.000000 24600.000000 
29664.000000 24669.000000 
29655.000000 24674.000000 
29699.000000 24567.000000 
29705.000000 24530.000000 
29714.000000 24479.000000 
29712.000000 24488.000000 
29709.000000 24520.000000 
29741.000000 24450.000000 
29758.000000 24384.000000 
29748.000000 24431.000000 
29791.000000 24258.000000 
29804.000000 24175.000000 
29818.000000 24127.000000 
29809.000000 24149.000000 
29817.000000 24143.000000 
29808.000000 24155.000000 
29843.000000 24115.000000 
29869.000000 23928.000000 
29863.000000 23956.000000 
29861.000000 23979.000000 
29872.000000 23882.000000 
29849.000000 24000.000000 
29864.000000 23934.000000 
29871.000000 23908.000000 
29884.000000 23821.000000 
29880.000000 23873.000000 
26495.000000 29037.000000 
26476.000000 29047.000000 
26507.000000 29036.000000 
26485.000000 29045.000000 
26466.000000 29061.000000 
26494.000000 29043.000000 
26550.000000 29022.000000 
26523.000000 29035.000000 
26553.000000 29009.000000 
26533.000000 29024.000000 
26633.000000 28952.000000 
26599.000000 28967.000000 
26636.000000 28944.000000 
26618.000000 28964.000000 
26634.000000 28950.000000 
26656.000000 28942.000000 
26662.000000 28932.000000 
26646.000000 28943.000000 
26674.000000 28921.000000 
26664.000000 28927.000000 
26724.000000 28884.000000 
26748.000000 28867.000000 
26732.000000 28881.000000 
26784.000000 28842.000000 
26735.000000 28869.000000 
26796.000000 28837.000000 
26764.000000 28859.000000 
26771.000000 28845.000000 
26797.000000 28821.000000 
26812.000000 28820.000000 
26871.000000 28793.000000 
26861.000000 28801.000000 
26877.000000 28779.000000 
26879.000000 28754.000000 
27097.000000 28534.000000 
27085.000000 28539.000000 
27131.000000 28530.000000 
27138.000000 28510.000000 
27149.000000 28501.000000 
27143.000000 28506.000000 
27134.000000 28517.000000 
27146.000000 28504.000000 
27231.000000 28410.000000 
27245.000000 28403.000000 
27227.000000 28434.000000 
27317.000000 28332.000000 
27314.000000 28340.000000 
27299.000000 28357.000000 
27435.000000 28235.000000 
27434.000000 28245.000000 
27463.000000 28211.000000 
27461.000000 28217.000000 
27469.000000 28209.000000 
27476.000000 28197.000000 
27503.000000 28185.000000 
27591.000000 28128.000000 
27609.000000 28091.000000 
27594.000000 28119.000000 
27600.000000 28100.000000 
27597.000000 28116.000000 
27621.000000 28088.000000 
27627.000000 28086.000000 
27644.000000 28067.000000 
27628.000000 28078.000000 
27713.000000 28015.000000 
27705.000000 28043.000000 
27710.000000 28027.000000 
27745.000000 28014.000000 
27750.000000 28000.000000 
27756.000000 27996.000000 
27769.000000 27987.000000 
27783.000000 27976.000000 
27776.000000 27981.000000 
27803.000000 27951.000000 
27795.000000 27967.000000 
27804.000000 27944.000000 
27831.000000 27934.000000 
27834.000000 27901.000000 
27941.000000 27803.000000 
27951.000000 27792.000000 
28003.000000 27748.000000 
27977.000000 27754.000000 
27973.000000 27770.000000 
27974.000000 27764.000000 
28053.000000 27660.000000 
28073.000000 27628.000000 
28119.000000 27604.000000 
28146.000000 27544.000000 
28257.000000 27430.000000 
28276.000000 27386.000000 
28285.000000 27379.000000 
28263.000000 27427.000000 
28274.000000 27390.000000 
28334.000000 27331.000000 
28343.000000 27309.000000 
28340.000000 27320.000000 
28506.000000 27133.000000 
28512.000000 27129.000000 
28515.000000 27115.000000 
28587.000000 27032.000000 
28570.000000 27077.000000 
28632.000000 26971.000000 
28646.000000 26929.000000 
28678.000000 26885.000000 
28710.000000 26859.000000 
28703.000000 26863.000000 
28697.000000 26865.000000 
28711.000000 26854.000000 
28732.000000 26840.000000 
28752.000000 26786.000000 
28743.000000 26791.000000 
28810.000000 26712.000000 
28750.000000 26788.000000 
28883.000000 26571.000000 
28885.000000 26562.000000 
28898.000000 26540.000000 
28897.000000 26553.000000 
28913.000000 26520.000000 
28915.000000 26516.000000 
28910.000000 26529.000000 
28984.000000 26401.000000 
28978.000000 26406.000000 
28973.000000 26422.000000 
# LOG: Iteration 32: Mid-optimization. Trend='exploration', L=7, kappa=0.070

23857.000000 29891.000000 
23908.000000 29878.000000 
23901.000000 29886.000000 
23987.000000 29877.000000 
24084.000000 29858.000000 
24101.000000 29852.000000 
24211.000000 29825.000000 
24208.000000 29837.000000 
24243.000000 29824.000000 
24387.000000 29816.000000 
24397.000000 29812.000000 
24375.000000 29823.000000 
24407.000000 29811.000000 
24433.000000 29807.000000 
24473.000000 29797.000000 
24437.000000 29803.000000 
24455.000000 29799.000000 
24487.000000 29787.000000 
24477.000000 29791.000000 
24570.000000 29751.000000 
24553.000000 29753.000000 
24631.000000 29748.000000 
24674.000000 29732.000000 
24680.000000 29731.000000 
24739.000000 29717.000000 
24702.000000 29720.000000 
24692.000000 29722.000000 
24863.000000 29685.000000 
24878.000000 29676.000000 
24935.000000 29649.000000 
24918.000000 29651.000000 
24913.000000 29659.000000 
24909.000000 29663.000000 
24949.000000 29640.000000 
24996.000000 29631.000000 
24937.000000 29643.000000 
25018.000000 29630.000000 
25031.000000 29617.000000 
25039.000000 29612.000000 
25027.000000 29620.000000 
25042.000000 29609.000000 
25053.000000 29605.000000 
25062.000000 29604.000000 
25112.000000 29584.000000 
25104.000000 29590.000000 
25068.000000 29598.000000 
25123.000000 29562.000000 
25253.000000 29526.000000 
25299.000000 29517.000000 
25349.000000 29501.000000 
25400.000000 29476.000000 
25402.000000 29472.000000 
25410.000000 29465.000000 
25477.000000 29442.000000 
25554.000000 29438.000000 
25556.000000 29409.000000 
25651.000000 29392.000000 
25643.000000 29407.000000 
25683.000000 29384.000000 
25768.000000 29361.000000 
25767.000000 29372.000000 
25810.000000 29339.000000 
25787.000000 29348.000000 
25836.000000 29332.000000 
25927.000000 29297.000000 
25913.000000 29306.000000 
25921.000000 29305.000000 
25948.000000 29280.000000 
25933.000000 29285.000000 
25980.000000 29271.000000 
25986.000000 29269.000000 
26004.000000 29259.000000 
26014.000000 29254.000000 
26018.000000 29236.000000 
26041.000000 29235.000000 
25994.000000 29267.000000 
26042.000000 29228.000000 
26097.000000 29196.000000 
26083.000000 29223.000000 
26096.000000 29213.000000 
26130.000000 29165.000000 
26151.000000 29155.000000 
26126.000000 29171.000000 
26201.000000 29148.000000 
26213.000000 29124.000000 
26202.000000 29128.000000 
26351.000000 29042.000000 
26379.000000 29025.000000 
26407.000000 29019.000000 
26422.000000 29003.000000 
26423.000000 29002.000000 
26424.000000 28981.000000 
26497.000000 28946.000000 
26469.000000 28974.000000 
26504.000000 28943.000000 
26483.000000 28954.000000 
26493.000000 28948.000000 
26488.000000 28953.000000 
26473.000000 28968.000000 
26563.000000 28926.000000 
26532.000000 28936.000000 
26589.000000 28904.000000 
26600.000000 28882.000000 
26630.000000 28876.000000 
26603.000000 28878.000000 
26640.000000 28855.000000 
26682.000000 28847.000000 
26637.000000 28865.000000 
26651.000000 28848.000000 
26729.000000 28800.000000 
26706.000000 28844.000000 
26728.000000 28816.000000 
26773.000000 28794.000000 
26774.000000 28789.000000 
26779.000000 28779.000000 
26812.000000 28765.000000 
26843.000000 28757.000000 
26802.000000 28775.000000 
26828.000000 28758.000000 
26851.000000 28731.000000 
26850.000000 28735.000000 
26880.000000 28729.000000 
26883.000000 28718.000000 
26904.000000 28714.000000 
26948.000000 28694.000000 
26949.000000 28691.000000 
26958.000000 28681.000000 
26945.000000 28702.000000 
26959.000000 28677.000000 
26968.000000 28675.000000 
26979.000000 28666.000000 
26995.000000 28650.000000 
27006.000000 28644.000000 
27085.000000 28591.000000 
27099.000000 28571.000000 
27127.000000 28536.000000 
27126.000000 28542.000000 
27123.000000 28563.000000 
27165.000000 28534.000000 
27171.000000 28499.000000 
27176.000000 28494.000000 
27196.000000 28485.000000 
27182.000000 28489.000000 
27211.000000 28467.000000 
27198.000000 28469.000000 
27214.000000 28449.000000 
27223.000000 28447.000000 
27271.000000 28430.000000 
27250.000000 28433.000000 
27281.000000 28402.000000 
27408.000000 28337.000000 
27445.000000 28289.000000 
27436.000000 28322.000000 
27310.000000 28378.000000 
27288.000000 28381.000000 
27499.000000 28170.000000 
27927.000000 27775.000000 
28577.000000 27012.000000 
28772.000000 26755.000000 
28841.000000 26682.000000 
28821.000000 26740.000000 
28832.000000 26683.000000 
28842.000000 26660.000000 
28857.000000 26646.000000 
28855.000000 26658.000000 
28888.000000 26636.000000 
28876.000000 26642.000000 
28952.000000 26528.000000 
28940.000000 26543.000000 
28936.000000 26567.000000 
28972.000000 26488.000000 
28941.000000 26540.000000 
28983.000000 26470.000000 
28994.000000 26465.000000 
28978.000000 26474.000000 
29008.000000 26423.000000 
29009.000000 26417.000000 
29007.000000 26429.000000 
28925.000000 26574.000000 
28910.000000 26620.000000 
28962.000000 26501.000000 
29015.000000 26394.000000 
29042.000000 26351.000000 
29014.000000 26413.000000 
29029.000000 26369.000000 
29098.000000 26224.000000 
29081.000000 26299.000000 
29112.000000 26157.000000 
29103.000000 26189.000000 
29109.000000 26165.000000 
29101.000000 26212.000000 
29100.000000 26215.000000 
29194.000000 25997.000000 
29177.000000 26062.000000 
29188.000000 26018.000000 
29182.000000 26044.000000 
29234.000000 25928.000000 
29265.000000 25857.000000 
29250.000000 25885.000000 
29260.000000 25874.000000 
29284.000000 25775.000000 
29267.000000 25805.000000 
29245.000000 25911.000000 
29305.000000 25744.000000 
29318.000000 25713.000000 
29316.000000 25736.000000 
29326.000000 25690.000000 
29317.000000 25729.000000 
29327.000000 25677.000000 
29322.000000 25703.000000 
29339.000000 25671.000000 
29342.000000 25663.000000 
29364.000000 25585.000000 
29367.000000 25548.000000 
29375.000000 25527.000000 
29357.000000 25596.000000 
29423.000000 25348.000000 
29409.000000 25435.000000 
29416.000000 25375.000000 
29414.000000 25418.000000 
29435.000000 25319.000000 
29448.000000 25278.000000 
29434.000000 25326.000000 
29451.000000 25258.000000 
29444.000000 25290.000000 
29440.000000 25310.000000 
29441.000000 25303.000000 
29461.000000 25244.000000 
29471.000000 25188.000000 
29468.000000 25213.000000 
29477.000000 25167.000000 
29491.000000 25118.000000 
29516.000000 25013.000000 
29494.000000 25102.000000 
29506.000000 25044.000000 
29501.000000 25071.000000 
29514.000000 25031.000000 
29552.000000 24962.000000 
29546.000000 24975.000000 
29578.000000 24906.000000 
29557.000000 24956.000000 
29561.000000 24930.000000 
29595.000000 24893.000000 
29614.000000 24838.000000 
29606.000000 24856.000000 
29625.000000 24707.000000 
29629.000000 24706.000000 
29618.000000 24793.000000 
29620.000000 24778.000000 
29639.000000 24658.000000 
29665.000000 24650.000000 
29673.000000 24593.000000 
29669.000000 24614.000000 
29668.000000 24647.000000 
29679.000000 24564.000000 
29691.000000 24450.000000 
29688.000000 24481.000000 
29694.000000 24447.000000 
29708.000000 24409.000000 
29711.000000 24381.000000 
29715.000000 24345.000000 
29733.000000 24285.000000 
29728.000000 24298.000000 
29736.000000 24243.000000 
29735.000000 24270.000000 
29745.000000 24223.000000 
29768.000000 24163.000000 
29756.000000 24207.000000 
29775.000000 24145.000000 
29783.000000 24097.000000 
29800.000000 24092.000000 
29812.000000 24008.000000 
29815.000000 24006.000000 
29820.000000 23951.000000 
29830.000000 23925.000000 
29821.000000 23940.000000 
29623.000000 24726.000000 
27623.000000 28153.000000 
27653.000000 28146.000000 
27650.000000 28151.000000 
27683.000000 28136.000000 
27686.000000 28131.000000 
27660.000000 28137.000000 
27659.000000 28142.000000 
27698.000000 28109.000000 
27712.000000 28086.000000 
27715.000000 28083.000000 
27733.000000 28073.000000 
27741.000000 28072.000000 
27708.000000 28088.000000 
27730.000000 28079.000000 
27750.000000 28053.000000 
27761.000000 28043.000000 
27771.000000 28026.000000 
27749.000000 28054.000000 
27765.000000 28033.000000 
27762.000000 28042.000000 
27774.000000 28024.000000 
27797.000000 27982.000000 
27811.000000 27974.000000 
27787.000000 27990.000000 
27867.000000 27909.000000 
27886.000000 27892.000000 
27879.000000 27901.000000 
27862.000000 27920.000000 
27902.000000 27871.000000 
27922.000000 27844.000000 
27894.000000 27887.000000 
27901.000000 27878.000000 
27910.000000 27869.000000 
27911.000000 27857.000000 
27979.000000 27769.000000 
27985.000000 27760.000000 
27984.000000 27762.000000 
27986.000000 27750.000000 
28012.000000 27736.000000 
27991.000000 27748.000000 
27998.000000 27746.000000 
28015.000000 27732.000000 
28043.000000 27691.000000 
28031.000000 27718.000000 
28125.000000 27599.000000 
28129.000000 27593.000000 
28124.000000 27604.000000 
28130.000000 27587.000000 
28123.000000 27615.000000 
28139.000000 27586.000000 
28164.000000 27566.000000 
28180.000000 27529.000000 
28158.000000 27570.000000 
28172.000000 27565.000000 
28157.000000 27575.000000 
28284.000000 27413.000000 
28285.000000 27412.000000 
28282.000000 27425.000000 
28289.000000 27403.000000 
28288.000000 27405.000000 
28303.000000 27400.000000 
28324.000000 27376.000000 
28332.000000 27355.000000 
28323.000000 27387.000000 
28326.000000 27368.000000 
28319.000000 27394.000000 
28345.000000 27338.000000 
28364.000000 27336.000000 
28372.000000 27320.000000 
28344.000000 27350.000000 
28398.000000 27284.000000 
28381.000000 27298.000000 
28408.000000 27257.000000 
28420.000000 27250.000000 
28442.000000 27205.000000 
28449.000000 27193.000000 
28458.000000 27192.000000 
28490.000000 27188.000000 
28519.000000 27166.000000 
28520.000000 27140.000000 
28523.000000 27125.000000 
28524.000000 27120.000000 
28534.000000 27119.000000 
28559.000000 27075.000000 
28539.000000 27101.000000 
28573.000000 27043.000000 
28558.000000 27077.000000 
28560.000000 27051.000000 
28562.000000 27044.000000 
28655.000000 26949.000000 
28628.000000 26991.000000 
28643.000000 26964.000000 
28627.000000 26996.000000 
28659.000000 26929.000000 
28660.000000 26926.000000 
28712.000000 26894.000000 
28718.000000 26871.000000 
28713.000000 26879.000000 
28757.000000 26815.000000 
28742.000000 26852.000000 
28741.000000 26858.000000 
28750.000000 26848.000000 
28751.000000 26822.000000 
28760.000000 26801.000000 
28831.000000 26710.000000 
28971.000000 26490.000000 
29055.000000 26302.000000 
29523.000000 24985.000000 
29539.000000 24978.000000 
29096.000000 26260.000000 
29140.000000 26107.000000 
# LOG: Iteration 35: Mid-optimization. Trend='exploration', L=6, kappa=0.060

23873.000000 29873.000000 
23912.000000 29866.000000 
23952.000000 29860.000000 
23941.000000 29862.000000 
24019.000000 29837.000000 
23971.000000 29851.000000 
23985.000000 29847.000000 
24175.000000 29821.000000 
24178.000000 29810.000000 
24236.000000 29806.000000 
24472.000000 29790.000000 
24486.000000 29788.000000 
24487.000000 29783.000000 
24528.000000 29781.000000 
24539.000000 29776.000000 
24695.000000 29768.000000 
24696.000000 29716.000000 
24856.000000 29685.000000 
24862.000000 29682.000000 
24907.000000 29660.000000 
24913.000000 29652.000000 
24904.000000 29661.000000 
24929.000000 29649.000000 
25023.000000 29638.000000 
25010.000000 29648.000000 
25182.000000 29575.000000 
25112.000000 29607.000000 
25154.000000 29600.000000 
25117.000000 29604.000000 
25345.000000 29518.000000 
25333.000000 29530.000000 
25467.000000 29509.000000 
25573.000000 29491.000000 
25617.000000 29479.000000 
25668.000000 29465.000000 
25685.000000 29451.000000 
25783.000000 29387.000000 
25771.000000 29395.000000 
25760.000000 29416.000000 
25769.000000 29397.000000 
25857.000000 29338.000000 
25894.000000 29317.000000 
25861.000000 29337.000000 
25882.000000 29321.000000 
25934.000000 29302.000000 
25938.000000 29286.000000 
25942.000000 29282.000000 
25940.000000 29285.000000 
26062.000000 29254.000000 
26032.000000 29267.000000 
26111.000000 29227.000000 
26126.000000 29218.000000 
26102.000000 29237.000000 
26166.000000 29214.000000 
26193.000000 29196.000000 
26183.000000 29197.000000 
26197.000000 29173.000000 
26217.000000 29162.000000 
26209.000000 29170.000000 
26220.000000 29155.000000 
26229.000000 29152.000000 
26239.000000 29150.000000 
26248.000000 29123.000000 
26270.000000 29115.000000 
26280.000000 29114.000000 
26288.000000 29109.000000 
26267.000000 29122.000000 
26289.000000 29105.000000 
26330.000000 29093.000000 
26331.000000 29083.000000 
26386.000000 29073.000000 
26359.000000 29079.000000 
26388.000000 29046.000000 
26376.000000 29075.000000 
26467.000000 29012.000000 
26463.000000 29027.000000 
26528.000000 28962.000000 
26539.000000 28945.000000 
26532.000000 28947.000000 
26601.000000 28930.000000 
26623.000000 28893.000000 
26610.000000 28894.000000 
26608.000000 28911.000000 
26756.000000 28828.000000 
26718.000000 28849.000000 
26728.000000 28834.000000 
26858.000000 28733.000000 
26878.000000 28723.000000 
26850.000000 28748.000000 
26856.000000 28737.000000 
26913.000000 28692.000000 
26909.000000 28693.000000 
26905.000000 28713.000000 
26958.000000 28663.000000 
26971.000000 28646.000000 
26979.000000 28641.000000 
26948.000000 28664.000000 
27049.000000 28625.000000 
27052.000000 28592.000000 
27024.000000 28639.000000 
27091.000000 28577.000000 
27090.000000 28583.000000 
27112.000000 28558.000000 
27094.000000 28571.000000 
27104.000000 28567.000000 
27096.000000 28568.000000 
27138.000000 28535.000000 
27127.000000 28545.000000 
27143.000000 28531.000000 
27267.000000 28440.000000 
27229.000000 28466.000000 
27233.000000 28453.000000 
27306.000000 28416.000000 
27295.000000 28424.000000 
27312.000000 28409.000000 
27345.000000 28372.000000 
27343.000000 28395.000000 
27367.000000 28363.000000 
27374.000000 28356.000000 
27381.000000 28346.000000 
27405.000000 28331.000000 
27413.000000 28328.000000 
27444.000000 28311.000000 
27447.000000 28279.000000 
27431.000000 28313.000000 
27519.000000 28242.000000 
27508.000000 28249.000000 
27511.000000 28247.000000 
27542.000000 28216.000000 
27548.000000 28203.000000 
27546.000000 28215.000000 
27552.000000 28200.000000 
27538.000000 28223.000000 
27537.000000 28234.000000 
27547.000000 28213.000000 
27558.000000 28189.000000 
27568.000000 28177.000000 
27598.000000 28162.000000 
27618.000000 28137.000000 
27601.000000 28141.000000 
27621.000000 28121.000000 
27638.000000 28115.000000 
27657.000000 28112.000000 
27660.000000 28094.000000 
27722.000000 28056.000000 
27717.000000 28060.000000 
27739.000000 28043.000000 
27745.000000 28017.000000 
27730.000000 28048.000000 
27740.000000 28023.000000 
27855.000000 27936.000000 
27815.000000 27939.000000 
27813.000000 27943.000000 
27917.000000 27882.000000 
27923.000000 27874.000000 
27919.000000 27875.000000 
27931.000000 27873.000000 
27948.000000 27852.000000 
27951.000000 27849.000000 
27960.000000 27825.000000 
27944.000000 27854.000000 
27966.000000 27822.000000 
27952.000000 27837.000000 
27977.000000 27810.000000 
27956.000000 27834.000000 
27989.000000 27773.000000 
27983.000000 27797.000000 
28045.000000 27720.000000 
28062.000000 27702.000000 
28023.000000 27727.000000 
28117.000000 27619.000000 
28115.000000 27630.000000 
28126.000000 27614.000000 
28060.000000 27706.000000 
28081.000000 27681.000000 
28065.000000 27696.000000 
28200.000000 27557.000000 
28186.000000 27561.000000 
28202.000000 27541.000000 
28205.000000 27508.000000 
28271.000000 27460.000000 
28255.000000 27494.000000 
28298.000000 27450.000000 
28256.000000 27473.000000 
28349.000000 27345.000000 
28358.000000 27325.000000 
28375.000000 27310.000000 
28396.000000 27277.000000 
28377.000000 27296.000000 
28404.000000 27269.000000 
28383.000000 27288.000000 
28419.000000 27252.000000 
28407.000000 27260.000000 
28431.000000 27234.000000 
28442.000000 27191.000000 
28438.000000 27198.000000 
28433.000000 27205.000000 
28434.000000 27203.000000 
28457.000000 27188.000000 
28464.000000 27162.000000 
28583.000000 26972.000000 
28597.000000 26952.000000 
28625.000000 26936.000000 
28659.000000 26864.000000 
28626.000000 26902.000000 
28640.000000 26879.000000 
28636.000000 26892.000000 
28646.000000 26869.000000 
28652.000000 26866.000000 
28686.000000 26834.000000 
28693.000000 26789.000000 
28689.000000 26819.000000 
28702.000000 26774.000000 
28692.000000 26790.000000 
28700.000000 26785.000000 
28714.000000 26770.000000 
28954.000000 26382.000000 
29470.000000 25367.000000 
29477.000000 25358.000000 
29487.000000 25322.000000 
29481.000000 25334.000000 
29492.000000 25299.000000 
29528.000000 25190.000000 
29674.000000 24781.000000 
29649.000000 24860.000000 
29690.000000 24780.000000 
29672.000000 24787.000000 
29742.000000 24642.000000 
29749.000000 24584.000000 
29770.000000 24567.000000 
29758.000000 24570.000000 
29748.000000 24588.000000 
29737.000000 24647.000000 
29696.000000 24734.000000 
29703.000000 24730.000000 
29694.000000 24752.000000 
29745.000000 24609.000000 
29743.000000 24610.000000 
29708.000000 24669.000000 
29719.000000 24650.000000 
29711.000000 24663.000000 
25821.000000 29342.000000 
28942.000000 26396.000000 
28929.000000 26397.000000 
28924.000000 26425.000000 
28838.000000 26601.000000 
28836.000000 26633.000000 
28774.000000 26731.000000 
28787.000000 26726.000000 
28780.000000 26730.000000 
28784.000000 26727.000000 
28760.000000 26757.000000 
28794.000000 26719.000000 
28797.000000 26707.000000 
28803.000000 26697.000000 
28812.000000 26687.000000 
28839.000000 26600.000000 
28885.000000 26568.000000 
28883.000000 26596.000000 
28888.000000 26566.000000 
28898.000000 26562.000000 
28919.000000 26548.000000 
28907.000000 26549.000000 
28999.000000 26362.000000 
28976.000000 26365.000000 
28971.000000 26375.000000 
29019.000000 26319.000000 
29042.000000 26310.000000 
29063.000000 26281.000000 
29119.000000 26218.000000 
29110.000000 26219.000000 
29096.000000 26228.000000 
29090.000000 26232.000000 
29089.000000 26273.000000 
29123.000000 26214.000000 
29125.000000 26192.000000 
29175.000000 26187.000000 
29192.000000 26181.000000 
29193.000000 26156.000000 
29195.000000 26126.000000 
29217.000000 26085.000000 
29211.000000 26105.000000 
29194.000000 26144.000000 
29238.000000 26033.000000 
29227.000000 26077.000000 
29231.000000 26034.000000 
29243.000000 26013.000000 
29245.000000 25992.000000 
29246.000000 25987.000000 
29251.000000 25982.000000 
29264.000000 25943.000000 
29261.000000 25978.000000 
29278.000000 25936.000000 
29290.000000 25927.000000 
29343.000000 25781.000000 
29337.000000 25787.000000 
29334.000000 25804.000000 
29317.000000 25878.000000 
29345.000000 25758.000000 
29362.000000 25742.000000 
29408.000000 25640.000000 
29393.000000 25706.000000 
29394.000000 25703.000000 
29414.000000 25586.000000 
29412.000000 25594.000000 
29422.000000 25577.000000 
29433.000000 25511.000000 
29439.000000 25468.000000 
29429.000000 25533.000000 
29440.000000 25449.000000 
29441.000000 25447.000000 
29468.000000 25409.000000 
29490.000000 25319.000000 
29524.000000 25228.000000 
29511.000000 25255.000000 
29542.000000 25174.000000 
29555.000000 25142.000000 
29566.000000 25112.000000 
29585.000000 25101.000000 
29587.000000 25077.000000 
29618.000000 24996.000000 
29608.000000 25007.000000 
29599.000000 25046.000000 
29629.000000 24883.000000 
29619.000000 24953.000000 
29627.000000 24922.000000 
29518.000000 25243.000000 
29553.000000 25157.000000 
29624.000000 24942.000000 
29665.000000 24841.000000 
29668.000000 24811.000000 
29791.000000 24180.000000 
29786.000000 24215.000000 
29773.000000 24257.000000 
29778.000000 24239.000000 
29810.000000 24172.000000 
# LOG: Iteration 31: Mid-optimization. Trend='exploration', L=7, kappa=0.070

23965.000000 29863.000000 
23915.000000 29868.000000 
23963.000000 29866.000000 
24102.000000 29855.000000 
24182.000000 29849.000000 
24208.000000 29833.000000 
24196.000000 29837.000000 
24193.000000 29839.000000 
24285.000000 29827.000000 
24299.000000 29816.000000 
24303.000000 29804.000000 
24402.000000 29793.000000 
24414.000000 29783.000000 
24438.000000 29778.000000 
24519.000000 29762.000000 
24526.000000 29751.000000 
24507.000000 29774.000000 
24645.000000 29728.000000 
24698.000000 29716.000000 
24705.000000 29709.000000 
24720.000000 29698.000000 
24852.000000 29668.000000 
24814.000000 29683.000000 
24833.000000 29669.000000 
24900.000000 29662.000000 
24864.000000 29663.000000 
24860.000000 29666.000000 
24974.000000 29633.000000 
24959.000000 29645.000000 
24968.000000 29642.000000 
24996.000000 29630.000000 
25008.000000 29624.000000 
25042.000000 29622.000000 
25089.000000 29612.000000 
25215.000000 29592.000000 
25262.000000 29577.000000 
25310.000000 29567.000000 
25334.000000 29545.000000 
25323.000000 29549.000000 
25317.000000 29556.000000 
25350.000000 29543.000000 
25383.000000 29540.000000 
25390.000000 29536.000000 
25428.000000 29533.000000 
25401.000000 29535.000000 
25456.000000 29505.000000 
25519.000000 29481.000000 
25464.000000 29503.000000 
25496.000000 29494.000000 
25492.000000 29502.000000 
25581.000000 29451.000000 
25545.000000 29463.000000 
25551.000000 29455.000000 
25626.000000 29445.000000 
25669.000000 29411.000000 
25653.000000 29426.000000 
25656.000000 29421.000000 
25674.000000 29405.000000 
25668.000000 29418.000000 
25683.000000 29404.000000 
25650.000000 29435.000000 
25705.000000 29392.000000 
25708.000000 29387.000000 
25715.000000 29379.000000 
25716.000000 29378.000000 
25700.000000 29397.000000 
25766.000000 29369.000000 
25769.000000 29366.000000 
25747.000000 29373.000000 
25810.000000 29336.000000 
25788.000000 29348.000000 
25774.000000 29360.000000 
25824.000000 29318.000000 
25837.000000 29315.000000 
25809.000000 29340.000000 
25820.000000 29328.000000 
25821.000000 29323.000000 
25914.000000 29309.000000 
25935.000000 29269.000000 
25925.000000 29281.000000 
25920.000000 29284.000000 
25993.000000 29212.000000 
25986.000000 29218.000000 
25977.000000 29240.000000 
26006.000000 29207.000000 
25983.000000 29227.000000 
26060.000000 29195.000000 
26064.000000 29194.000000 
26099.000000 29168.000000 
26075.000000 29192.000000 
26081.000000 29180.000000 
26094.000000 29171.000000 
26090.000000 29175.000000 
26145.000000 29153.000000 
26141.000000 29167.000000 
26148.000000 29148.000000 
26193.000000 29135.000000 
26173.000000 29142.000000 
26298.000000 29118.000000 
26274.000000 29119.000000 
26350.000000 29068.000000 
26335.000000 29086.000000 
26357.000000 29058.000000 
26337.000000 29073.000000 
26330.000000 29088.000000 
26354.000000 29065.000000 
26423.000000 29022.000000 
26400.000000 29034.000000 
26373.000000 29052.000000 
26386.000000 29049.000000 
26395.000000 29048.000000 
26372.000000 29057.000000 
26530.000000 28977.000000 
26479.000000 28992.000000 
26477.000000 28998.000000 
26488.000000 28980.000000 
26471.000000 29003.000000 
26484.000000 28981.000000 
26659.000000 28874.000000 
26654.000000 28877.000000 
26640.000000 28892.000000 
26641.000000 28885.000000 
26632.000000 28897.000000 
26643.000000 28880.000000 
26729.000000 28835.000000 
26710.000000 28858.000000 
26783.000000 28824.000000 
26795.000000 28810.000000 
26807.000000 28795.000000 
26854.000000 28771.000000 
26816.000000 28782.000000 
26822.000000 28779.000000 
27008.000000 28681.000000 
26965.000000 28711.000000 
27011.000000 28667.000000 
27024.000000 28661.000000 
27028.000000 28648.000000 
27046.000000 28636.000000 
27077.000000 28595.000000 
27193.000000 28503.000000 
27228.000000 28470.000000 
27273.000000 28419.000000 
27285.000000 28404.000000 
27318.000000 28377.000000 
27336.000000 28372.000000 
27897.000000 27783.000000 
27997.000000 27688.000000 
28005.000000 27667.000000 
28023.000000 27663.000000 
28054.000000 27633.000000 
28061.000000 27624.000000 
28124.000000 27571.000000 
28090.000000 27620.000000 
28104.000000 27575.000000 
28212.000000 27464.000000 
28228.000000 27442.000000 
28229.000000 27437.000000 
28244.000000 27422.000000 
28257.000000 27414.000000 
28252.000000 27418.000000 
28239.000000 27436.000000 
28260.000000 27398.000000 
28280.000000 27396.000000 
28282.000000 27385.000000 
28357.000000 27300.000000 
28349.000000 27305.000000 
28376.000000 27279.000000 
28370.000000 27286.000000 
28353.000000 27304.000000 
28365.000000 27297.000000 
28385.000000 27251.000000 
28435.000000 27179.000000 
28433.000000 27191.000000 
28449.000000 27168.000000 
28466.000000 27163.000000 
28438.000000 27175.000000 
28518.000000 27100.000000 
28511.000000 27106.000000 
28494.000000 27121.000000 
28488.000000 27138.000000 
28549.000000 27095.000000 
28570.000000 27072.000000 
28578.000000 27063.000000 
28580.000000 27031.000000 
28614.000000 27004.000000 
28608.000000 27010.000000 
28639.000000 26990.000000 
28631.000000 26993.000000 
28610.000000 27006.000000 
28655.000000 26970.000000 
28662.000000 26937.000000 
28671.000000 26922.000000 
28660.000000 26957.000000 
28704.000000 26894.000000 
28672.000000 26903.000000 
28747.000000 26839.000000 
28772.000000 26803.000000 
28726.000000 26875.000000 
28737.000000 26842.000000 
28760.000000 26812.000000 
28803.000000 26763.000000 
28809.000000 26749.000000 
28799.000000 26765.000000 
28818.000000 26740.000000 
28798.000000 26789.000000 
28811.000000 26747.000000 
28820.000000 26727.000000 
28843.000000 26694.000000 
28839.000000 26726.000000 
28875.000000 26641.000000 
28844.000000 26687.000000 
28861.000000 26665.000000 
28903.000000 26590.000000 
28884.000000 26595.000000 
28879.000000 26627.000000 
28914.000000 26567.000000 
28989.000000 26424.000000 
28949.000000 26493.000000 
28959.000000 26441.000000 
28955.000000 26463.000000 
28953.000000 26490.000000 
28995.000000 26358.000000 
29041.000000 26288.000000 
29052.000000 26263.000000 
29032.000000 26295.000000 
29090.000000 26186.000000 
29075.000000 26242.000000 
29112.000000 26144.000000 
29128.000000 26142.000000 
29109.000000 26159.000000 
29111.000000 26149.000000 
29130.000000 26139.000000 
29135.000000 26103.000000 
29132.000000 26113.000000 
29101.000000 26168.000000 
29133.000000 26104.000000 
29171.000000 26044.000000 
29167.000000 26090.000000 
29194.000000 26031.000000 
29246.000000 25927.000000 
29229.000000 25973.000000 
29231.000000 25970.000000 
29251.000000 25893.000000 
29245.000000 25944.000000 
29250.000000 25924.000000 
29236.000000 25963.000000 
29261.000000 25861.000000 
29256.000000 25862.000000 
29288.000000 25831.000000 
29305.000000 25806.000000 
29294.000000 25829.000000 
29295.000000 25819.000000 
29309.000000 25774.000000 
29299.000000 25816.000000 
29304.000000 25807.000000 
29315.000000 25759.000000 
29326.000000 25705.000000 
29321.000000 25731.000000 
29324.000000 25728.000000 
29337.000000 25683.000000 
29367.000000 25677.000000 
29376.000000 25588.000000 
29397.000000 25569.000000 
29459.000000 25437.000000 
29449.000000 25476.000000 
29453.000000 25463.000000 
29472.000000 25412.000000 
29474.000000 25409.000000 
29464.000000 25424.000000 
29475.000000 25401.000000 
29482.000000 25397.000000 
29484.000000 25377.000000 
29491.000000 25367.000000 
29516.000000 25316.000000 
29530.000000 25241.000000 
29518.000000 25258.000000 
29544.000000 25138.000000 
29532.000000 25191.000000 
29534.000000 25170.000000 
29561.000000 25078.000000 
29592.000000 25023.000000 
29614.000000 24879.000000 
29626.000000 24863.000000 
29621.000000 24866.000000 
29627.000000 24810.000000 
29633.000000 24801.000000 
29642.000000 24767.000000 
29653.000000 24699.000000 
29654.000000 24687.000000 
29649.000000 24757.000000 
29677.000000 24671.000000 
29678.000000 24612.000000 
29679.000000 24603.000000 
29687.000000 24546.000000 
29683.000000 24549.000000 
29704.000000 24490.000000 
29690.000000 24537.000000 
29707.000000 24427.000000 
29737.000000 24339.000000 
29738.000000 24318.000000 
29744.000000 24279.000000 
29742.000000 24309.000000 
29735.000000 24419.000000 
29746.000000 24234.000000 
29766.000000 24204.000000 
29761.000000 24227.000000 
29821.000000 23956.000000 
29812.000000 24016.000000 
29825.000000 23942.000000 
29830.000000 23872.000000 
29835.000000 23838.000000 
29827.000000 23925.000000 
29403.000000 25536.000000 
29406.000000 25530.000000 
29407.000000 25514.000000 
26956.000000 28727.000000 
26943.000000 28728.000000 
26921.000000 28748.000000 
26913.000000 28753.000000 
26888.000000 28755.000000 
26929.000000 28742.000000 
26977.000000 28709.000000 
26994.000000 28708.000000 
27029.000000 28638.000000 
27062.000000 28603.000000 
27060.000000 28620.000000 
27061.000000 28611.000000 
27066.000000 28601.000000 
27065.000000 28602.000000 
27073.000000 28599.000000 
27102.000000 28586.000000 
27143.000000 28563.000000 
27088.000000 28589.000000 
27205.000000 28499.000000 
27217.000000 28487.000000 
27218.000000 28471.000000 
27172.000000 28525.000000 
27189.000000 28510.000000 
27207.000000 28494.000000 
27300.000000 28393.000000 
27351.000000 28355.000000 
27301.000000 28387.000000 
27368.000000 28333.000000 
27373.000000 28319.000000 
27391.000000 28306.000000 
27406.000000 28294.000000 
27383.000000 28310.000000 
27440.000000 28266.000000 
27421.000000 28283.000000 
27455.000000 28253.000000 
27422.000000 28282.000000 
27425.000000 28270.000000 
27428.000000 28267.000000 
27477.000000 28240.000000 
27519.000000 28217.000000 
27506.000000 28230.000000 
27540.000000 28206.000000 
27562.000000 28173.000000 
27541.000000 28195.000000 
27557.000000 28185.000000 
27630.000000 28127.000000 
27614.000000 28131.000000 
27608.000000 28155.000000 
27611.000000 28138.000000 
27692.000000 28055.000000 
27703.000000 28050.000000 
27722.000000 28049.000000 
27740.000000 28017.000000 
27733.000000 28030.000000 
27746.000000 27994.000000 
27744.000000 28000.000000 
27786.000000 27963.000000 
27775.000000 27982.000000 
27809.000000 27958.000000 
27824.000000 27915.000000 
27810.000000 27920.000000 
27876.000000 27858.000000 
27856.000000 27896.000000 
27863.000000 27879.000000 
27882.000000 27836.000000 
27859.000000 27888.000000 
27952.000000 27781.000000 
27979.000000 27734.000000 
27956.000000 27738.000000 
28103.000000 27589.000000 
28173.000000 27552.000000 
28177.000000 27512.000000 
28214.000000 27460.000000 
28191.000000 27509.000000 
28211.000000 27467.000000 
28197.000000 27495.000000 
28206.000000 27472.000000 
28205.000000 27473.000000 
28208.000000 27469.000000 
28225.000000 27449.000000 
28227.000000 27446.000000 
28215.000000 27452.000000 
28314.000000 27331.000000 
28331.000000 27312.000000 
28318.000000 27321.000000 
28300.000000 27355.000000 
28407.000000 27207.000000 
28399.000000 27210.000000 
28398.000000 27212.000000 
28394.000000 27235.000000 
28425.000000 27198.000000 
# LOG: Iteration 34: Mid-optimization. Trend='exploration', L=7, kappa=0.070

23647.000000 29880.000000 
23616.000000 29885.000000 
23807.000000 29866.000000 
23712.000000 29871.000000 
23817.000000 29858.000000 
23989.000000 29819.000000 
24013.000000 29816.000000 
23981.000000 29833.000000 
24150.000000 29812.000000 
24095.000000 29815.000000 
24239.000000 29798.000000 
24264.000000 29789.000000 
24404.000000 29778.000000 
24301.000000 29785.000000 
24355.000000 29780.000000 
24492.000000 29763.000000 
24450.000000 29775.000000 
24479.000000 29768.000000 
24484.000000 29764.000000 
24627.000000 29723.000000 
24602.000000 29753.000000 
24625.000000 29731.000000 
24776.000000 29722.000000 
24824.000000 29718.000000 
24875.000000 29703.000000 
24918.000000 29699.000000 
24871.000000 29711.000000 
24896.000000 29702.000000 
24929.000000 29695.000000 
24955.000000 29686.000000 
24976.000000 29683.000000 
24941.000000 29690.000000 
24940.000000 29694.000000 
24983.000000 29675.000000 
25025.000000 29674.000000 
25059.000000 29672.000000 
25070.000000 29641.000000 
25085.000000 29639.000000 
25117.000000 29635.000000 
25101.000000 29638.000000 
25191.000000 29621.000000 
25158.000000 29626.000000 
25139.000000 29628.000000 
25136.000000 29629.000000 
25207.000000 29616.000000 
25239.000000 29588.000000 
25298.000000 29583.000000 
25294.000000 29584.000000 
25290.000000 29585.000000 
25382.000000 29564.000000 
25376.000000 29581.000000 
25497.000000 29500.000000 
25496.000000 29523.000000 
25582.000000 29465.000000 
25569.000000 29474.000000 
25585.000000 29456.000000 
25614.000000 29455.000000 
25662.000000 29442.000000 
25637.000000 29445.000000 
25738.000000 29404.000000 
25719.000000 29415.000000 
25810.000000 29375.000000 
25787.000000 29378.000000 
25815.000000 29357.000000 
25811.000000 29359.000000 
25842.000000 29349.000000 
26102.000000 29232.000000 
26135.000000 29198.000000 
26118.000000 29207.000000 
26116.000000 29218.000000 
26178.000000 29184.000000 
26166.000000 29188.000000 
26191.000000 29169.000000 
26181.000000 29170.000000 
26197.000000 29167.000000 
26219.000000 29149.000000 
26323.000000 29137.000000 
26340.000000 29121.000000 
26343.000000 29113.000000 
26362.000000 29106.000000 
26358.000000 29111.000000 
26429.000000 29083.000000 
26447.000000 29082.000000 
26460.000000 29060.000000 
26449.000000 29067.000000 
26474.000000 29053.000000 
26481.000000 29050.000000 
26502.000000 29031.000000 
26506.000000 29028.000000 
26494.000000 29041.000000 
26596.000000 28960.000000 
26576.000000 28974.000000 
26588.000000 28964.000000 
26603.000000 28942.000000 
26628.000000 28933.000000 
26599.000000 28953.000000 
26615.000000 28938.000000 
26755.000000 28841.000000 
26786.000000 28813.000000 
26785.000000 28818.000000 
26778.000000 28826.000000 
26779.000000 28820.000000 
26794.000000 28809.000000 
26795.000000 28806.000000 
27240.000000 28443.000000 
27231.000000 28454.000000 
27690.000000 28104.000000 
27746.000000 28034.000000 
27759.000000 28033.000000 
27770.000000 28014.000000 
27788.000000 27984.000000 
27780.000000 27997.000000 
27811.000000 27963.000000 
27800.000000 27969.000000 
27807.000000 27964.000000 
27804.000000 27968.000000 
27793.000000 27974.000000 
27815.000000 27945.000000 
27819.000000 27930.000000 
27843.000000 27918.000000 
27822.000000 27927.000000 
27888.000000 27869.000000 
27878.000000 27873.000000 
27957.000000 27795.000000 
27942.000000 27809.000000 
27946.000000 27801.000000 
27963.000000 27782.000000 
28042.000000 27679.000000 
28081.000000 27645.000000 
28113.000000 27600.000000 
28131.000000 27579.000000 
28153.000000 27543.000000 
28159.000000 27531.000000 
28187.000000 27525.000000 
28224.000000 27460.000000 
28246.000000 27440.000000 
28245.000000 27452.000000 
28296.000000 27404.000000 
28294.000000 27412.000000 
28367.000000 27264.000000 
28388.000000 27263.000000 
28778.000000 26762.000000 
28827.000000 26649.000000 
28822.000000 26679.000000 
28924.000000 26499.000000 
28962.000000 26452.000000 
28981.000000 26393.000000 
28967.000000 26429.000000 
28979.000000 26413.000000 
28969.000000 26418.000000 
29010.000000 26374.000000 
29011.000000 26315.000000 
29013.000000 26307.000000 
29079.000000 26258.000000 
29042.000000 26306.000000 
29146.000000 26175.000000 
29125.000000 26192.000000 
29107.000000 26229.000000 
29169.000000 26143.000000 
29176.000000 26140.000000 
29188.000000 26091.000000 
29183.000000 26139.000000 
29197.000000 26064.000000 
29199.000000 26063.000000 
29211.000000 26059.000000 
29249.000000 26022.000000 
29232.000000 26041.000000 
29256.000000 26001.000000 
29270.000000 25967.000000 
29301.000000 25884.000000 
29290.000000 25903.000000 
29287.000000 25912.000000 
29306.000000 25868.000000 
29308.000000 25848.000000 
29313.000000 25839.000000 
29329.000000 25804.000000 
29317.000000 25811.000000 
29330.000000 25794.000000 
29331.000000 25780.000000 
29339.000000 25775.000000 
29352.000000 25758.000000 
29354.000000 25673.000000 
29353.000000 25686.000000 
29373.000000 25647.000000 
29389.000000 25640.000000 
29401.000000 25608.000000 
29412.000000 25588.000000 
29420.000000 25542.000000 
29461.000000 25477.000000 
29447.000000 25490.000000 
29463.000000 25464.000000 
29469.000000 25436.000000 
29480.000000 25416.000000 
29465.000000 25440.000000 
29471.000000 25434.000000 
29493.000000 25356.000000 
29488.000000 25386.000000 
29495.000000 25342.000000 
29507.000000 25328.000000 
29509.000000 25313.000000 
29530.000000 25299.000000 
29544.000000 25263.000000 
29545.000000 25226.000000 
29533.000000 25266.000000 
29552.000000 25200.000000 
29546.000000 25212.000000 
29573.000000 25117.000000 
29559.000000 25140.000000 
29553.000000 25148.000000 
29561.000000 25132.000000 
29591.000000 25023.000000 
29593.000000 25002.000000 
29577.000000 25054.000000 
29627.000000 24963.000000 
29622.000000 24990.000000 
29643.000000 24944.000000 
29644.000000 24917.000000 
29658.000000 24877.000000 
29655.000000 24879.000000 
29650.000000 24898.000000 
29652.000000 24890.000000 
29676.000000 24820.000000 
29680.000000 24786.000000 
29679.000000 24802.000000 
29675.000000 24848.000000 
29682.000000 24753.000000 
29681.000000 24770.000000 
29699.000000 24728.000000 
29685.000000 24752.000000 
29720.000000 24621.000000 
29714.000000 24639.000000 
29739.000000 24552.000000 
29724.000000 24567.000000 
29770.000000 24415.000000 
29765.000000 24486.000000 
29766.000000 24454.000000 
29801.000000 24231.000000 
29803.000000 24135.000000 
29775.000000 24380.000000 
29779.000000 24354.000000 
29789.000000 24317.000000 
29799.000000 24254.000000 
29795.000000 24310.000000 
29798.000000 24269.000000 
29815.000000 24120.000000 
29808.000000 24132.000000 
29818.000000 24079.000000 
29835.000000 23969.000000 
29833.000000 24057.000000 
25920.000000 29236.000000 
25863.000000 29308.000000 
25904.000000 29289.000000 
25865.000000 29291.000000 
26838.000000 28777.000000 
26826.000000 28789.000000 
26847.000000 28766.000000 
26835.000000 28781.000000 
26839.000000 28767.000000 
26851.000000 28764.000000 
26934.000000 28721.000000 
26907.000000 28737.000000 
26910.000000 28730.000000 
26899.000000 28741.000000 
26891.000000 28754.000000 
26938.000000 28711.000000 
26962.000000 28695.000000 
26960.000000 28699.000000 
26994.000000 28684.000000 
26989.000000 28690.000000 
27010.000000 28668.000000 
27017.000000 28663.000000 
27034.000000 28652.000000 
27056.000000 28626.000000 
27064.000000 28612.000000 
27101.000000 28592.000000 
27080.000000 28604.000000 
27132.000000 28574.000000 
27168.000000 28522.000000 
27160.000000 28530.000000 
27162.000000 28523.000000 
27194.000000 28514.000000 
27203.000000 28498.000000 
27219.000000 28486.000000 
27218.000000 28488.000000 
27325.000000 28424.000000 
27327.000000 28423.000000 
27303.000000 28441.000000 
27386.000000 28398.000000 
27375.000000 28414.000000 
27402.000000 28379.000000 
27399.000000 28385.000000 
27410.000000 28354.000000 
27404.000000 28361.000000 
27426.000000 28352.000000 
27445.000000 28342.000000 
27451.000000 28338.000000 
27472.000000 28319.000000 
27461.000000 28321.000000 
27466.000000 28320.000000 
27460.000000 28326.000000 
27482.000000 28309.000000 
27516.000000 28274.000000 
27526.000000 28262.000000 
27498.000000 28294.000000 
27492.000000 28295.000000 
27502.000000 28283.000000 
27507.000000 28275.000000 
27582.000000 28196.000000 
27594.000000 28191.000000 
27581.000000 28222.000000 
27601.000000 28183.000000 
27571.000000 28236.000000 
27643.000000 28146.000000 
27648.000000 28144.000000 
27674.000000 28122.000000 
27642.000000 28149.000000 
27651.000000 28135.000000 
27663.000000 28126.000000 
27743.000000 28054.000000 
27760.000000 28024.000000 
27851.000000 27903.000000 
27855.000000 27885.000000 
27890.000000 27851.000000 
27898.000000 27832.000000 
27929.000000 27820.000000 
27914.000000 27824.000000 
28002.000000 27739.000000 
28006.000000 27730.000000 
28019.000000 27716.000000 
28005.000000 27731.000000 
28021.000000 27702.000000 
28057.000000 27666.000000 
28052.000000 27675.000000 
28063.000000 27662.000000 
28071.000000 27647.000000 
28072.000000 27646.000000 
28065.000000 27652.000000 
28086.000000 27636.000000 
28107.000000 27603.000000 
28121.000000 27586.000000 
28119.000000 27597.000000 
28149.000000 27572.000000 
28133.000000 27575.000000 
28198.000000 27509.000000 
28180.000000 27530.000000 
28186.000000 27526.000000 
28199.000000 27487.000000 
28217.000000 27461.000000 
28209.000000 27473.000000 
28289.000000 27424.000000 
28317.000000 27389.000000 
28306.000000 27402.000000 
28318.000000 27371.000000 
28348.000000 27330.000000 
28325.000000 27358.000000 
28326.000000 27344.000000 
28338.000000 27340.000000 
28365.000000 27271.000000 
28364.000000 27321.000000 
28424.000000 27248.000000 
28443.000000 27205.000000 
28411.000000 27260.000000 
28433.000000 27212.000000 
28415.000000 27250.000000 
28476.000000 27167.000000 
28464.000000 27186.000000 
28521.000000 27083.000000 
28515.000000 27090.000000 
28512.000000 27163.000000 
28514.000000 27130.000000 
28563.000000 27034.000000 
28561.000000 27043.000000 
28550.000000 27077.000000 
28551.000000 27044.000000 
28582.000000 26999.000000 
28578.000000 27016.000000 
28570.000000 27026.000000 
28564.000000 27027.000000 
28627.000000 26947.000000 
28626.000000 26959.000000 
28664.000000 26919.000000 
28656.000000 26942.000000 
28700.000000 26867.000000 
28713.000000 26854.000000 
28693.000000 26911.000000 
28751.000000 26816.000000 
28780.000000 26738.000000 
28772.000000 26773.000000 
28786.000000 26731.000000 
28779.000000 26758.000000 
28788.000000 26715.000000 
28815.000000 26690.000000 
28798.000000 26708.000000 
28791.000000 26711.000000 
28869.000000 26633.000000 
28877.000000 26601.000000 
28894.000000 26589.000000 
28872.000000 26630.000000 
28915.000000 26547.000000 
28919.000000 26524.000000 
28935.000000 26478.000000 
28926.000000 26487.000000 
28949.000000 26471.000000 
28970.000000 26417.000000 
29067.000000 26264.000000 
29098.000000 26240.000000 
29061.000000 26281.000000 
