23300.000000 29870.000000 
23504.000000 29868.000000 
23804.000000 29852.000000 
23766.000000 29863.000000 
23821.000000 29846.000000 
23844.000000 29834.000000 
24152.000000 29795.000000 
24103.000000 29809.000000 
24121.000000 29797.000000 
24158.000000 29786.000000 
24166.000000 29783.000000 
24343.000000 29753.000000 
24341.000000 29765.000000 
24454.000000 29749.000000 
24540.000000 29730.000000 
24510.000000 29744.000000 
24536.000000 29743.000000 
24562.000000 29728.000000 
24607.000000 29722.000000 
24597.000000 29726.000000 
24757.000000 29688.000000 
24722.000000 29704.000000 
24911.000000 29617.000000 
24868.000000 29656.000000 
24908.000000 29644.000000 
25066.000000 29601.000000 
25078.000000 29596.000000 
25087.000000 29588.000000 
25052.000000 29604.000000 
25086.000000 29591.000000 
25143.000000 29580.000000 
25119.000000 29583.000000 
25111.000000 29585.000000 
25152.000000 29562.000000 
25160.000000 29560.000000 
25148.000000 29572.000000 
25179.000000 29558.000000 
25185.000000 29555.000000 
25144.000000 29573.000000 
25276.000000 29540.000000 
25312.000000 29525.000000 
25247.000000 29553.000000 
25403.000000 29501.000000 
25375.000000 29514.000000 
25401.000000 29503.000000 
25405.000000 29497.000000 
25431.000000 29493.000000 
25506.000000 29489.000000 
25491.000000 29492.000000 
25496.000000 29491.000000 
25528.000000 29483.000000 
25605.000000 29461.000000 
25586.000000 29474.000000 
25597.000000 29463.000000 
25633.000000 29452.000000 
25669.000000 29441.000000 
25655.000000 29449.000000 
25706.000000 29425.000000 
25703.000000 29431.000000 
25682.000000 29440.000000 
25690.000000 29439.000000 
25750.000000 29417.000000 
25765.000000 29405.000000 
25885.000000 29372.000000 
25827.000000 29381.000000 
25848.000000 29379.000000 
25890.000000 29345.000000 
25888.000000 29347.000000 
25889.000000 29346.000000 
25966.000000 29342.000000 
26022.000000 29281.000000 
25997.000000 29297.000000 
25983.000000 29306.000000 
26118.000000 29198.000000 
26137.000000 29188.000000 
26139.000000 29182.000000 
26181.000000 29165.000000 
26169.000000 29179.000000 
26171.000000 29175.000000 
26212.000000 29162.000000 
26240.000000 29127.000000 
26256.000000 29117.000000 
26270.000000 29113.000000 
26267.000000 29115.000000 
26780.000000 28834.000000 
26866.000000 28739.000000 
26885.000000 28725.000000 
26859.000000 28747.000000 
26871.000000 28736.000000 
26939.000000 28685.000000 
26904.000000 28713.000000 
26914.000000 28707.000000 
26909.000000 28711.000000 
26949.000000 28682.000000 
26931.000000 28696.000000 
26954.000000 28679.000000 
26959.000000 28673.000000 
27026.000000 28610.000000 
27025.000000 28617.000000 
27332.000000 28361.000000 
27572.000000 28146.000000 
27574.000000 28120.000000 
27570.000000 28151.000000 
27564.000000 28158.000000 
27683.000000 28086.000000 
27703.000000 28072.000000 
27816.000000 27923.000000 
27815.000000 27932.000000 
27904.000000 27871.000000 
27963.000000 27825.000000 
27971.000000 27805.000000 
27965.000000 27812.000000 
28001.000000 27801.000000 
28023.000000 27755.000000 
28014.000000 27765.000000 
28047.000000 27754.000000 
28049.000000 27726.000000 
28063.000000 27718.000000 
28078.000000 27695.000000 
28102.000000 27683.000000 
28074.000000 27714.000000 
28096.000000 27684.000000 
28081.000000 27687.000000 
28107.000000 27665.000000 
28120.000000 27650.000000 
28162.000000 27607.000000 
28135.000000 27633.000000 
28169.000000 27597.000000 
28194.000000 27571.000000 
28188.000000 27574.000000 
28225.000000 27537.000000 
28211.000000 27557.000000 
28201.000000 27567.000000 
28302.000000 27422.000000 
28289.000000 27431.000000 
28276.000000 27432.000000 
28299.000000 27428.000000 
28333.000000 27373.000000 
28316.000000 27381.000000 
28313.000000 27386.000000 
28307.000000 27399.000000 
28336.000000 27369.000000 
28370.000000 27319.000000 
28363.000000 27339.000000 
28378.000000 27318.000000 
28392.000000 27303.000000 
28390.000000 27305.000000 
28386.000000 27306.000000 
28417.000000 27299.000000 
28460.000000 27273.000000 
28463.000000 27264.000000 
28475.000000 27257.000000 
28485.000000 27234.000000 
28490.000000 27216.000000 
28499.000000 27198.000000 
28506.000000 27168.000000 
28545.000000 27118.000000 
28557.000000 27093.000000 
28539.000000 27156.000000 
28566.000000 27079.000000 
28555.000000 27110.000000 
28585.000000 27052.000000 
28571.000000 27068.000000 
28577.000000 27067.000000 
28630.000000 26975.000000 
28627.000000 27015.000000 
28638.000000 26967.000000 
28643.000000 26965.000000 
28633.000000 26970.000000 
28668.000000 26942.000000 
28692.000000 26897.000000 
28659.000000 26949.000000 
28673.000000 26906.000000 
28709.000000 26850.000000 
28714.000000 26846.000000 
28720.000000 26842.000000 
28771.000000 26790.000000 
28855.000000 26646.000000 
28950.000000 26484.000000 
29000.000000 26426.000000 
29019.000000 26370.000000 
28997.000000 26430.000000 
29030.000000 26352.000000 
29083.000000 26288.000000 
29069.000000 26291.000000 
29062.000000 26320.000000 
29087.000000 26276.000000 
29059.000000 26326.000000 
29116.000000 26211.000000 
29108.000000 26241.000000 
29123.000000 26197.000000 
29122.000000 26208.000000 
29140.000000 26182.000000 
29131.000000 26188.000000 
29144.000000 26153.000000 
29157.000000 26123.000000 
29149.000000 26129.000000 
29166.000000 26113.000000 
29184.000000 26091.000000 
29198.000000 26068.000000 
29190.000000 26082.000000 
29203.000000 26031.000000 
29210.000000 26015.000000 
29238.000000 25924.000000 
29224.000000 25961.000000 
29231.000000 25958.000000 
29241.000000 25914.000000 
29249.000000 25897.000000 
29253.000000 25888.000000 
29247.000000 25903.000000 
29248.000000 25901.000000 
29261.000000 25850.000000 
29287.000000 25799.000000 
29276.000000 25843.000000 
29314.000000 25721.000000 
29299.000000 25756.000000 
29290.000000 25786.000000 
29306.000000 25724.000000 
29332.000000 25645.000000 
29339.000000 25613.000000 
29357.000000 25612.000000 
29390.000000 25585.000000 
29394.000000 25530.000000 
29396.000000 25510.000000 
29412.000000 25461.000000 
29425.000000 25444.000000 
29430.000000 25381.000000 
29411.000000 25488.000000 
29435.000000 25365.000000 
29456.000000 25354.000000 
29487.000000 25252.000000 
29476.000000 25293.000000 
29528.000000 25193.000000 
29534.000000 25139.000000 
29531.000000 25154.000000 
29533.000000 25142.000000 
29545.000000 25124.000000 
29463.000000 25333.000000 
29465.000000 25296.000000 
29517.000000 25226.000000 
29566.000000 25067.000000 
29574.000000 24987.000000 
29567.000000 25008.000000 
29583.000000 24974.000000 
29569.000000 24994.000000 
29616.000000 24816.000000 
29599.000000 24887.000000 
29621.000000 24800.000000 
29622.000000 24782.000000 
29635.000000 24766.000000 
29641.000000 24735.000000 
29645.000000 24715.000000 
29648.000000 24707.000000 
29666.000000 24683.000000 
29676.000000 24572.000000 
29716.000000 24414.000000 
29719.000000 24400.000000 
29742.000000 24385.000000 
29745.000000 24347.000000 
29756.000000 24305.000000 
29746.000000 24322.000000 
29780.000000 24227.000000 
29784.000000 24218.000000 
29774.000000 24261.000000 
29777.000000 24240.000000 
26408.000000 29105.000000 
26444.000000 29089.000000 
26449.000000 29081.000000 
26442.000000 29091.000000 
26435.000000 29093.000000 
26468.000000 29074.000000 
26481.000000 29067.000000 
26462.000000 29080.000000 
26502.000000 29040.000000 
26484.000000 29047.000000 
26504.000000 29033.000000 
26491.000000 29042.000000 
26490.000000 29046.000000 
26509.000000 29029.000000 
26528.000000 29024.000000 
26562.000000 29000.000000 
26570.000000 28991.000000 
26571.000000 28987.000000 
26587.000000 28973.000000 
26575.000000 28983.000000 
26625.000000 28964.000000 
26643.000000 28961.000000 
26656.000000 28940.000000 
26662.000000 28938.000000 
26672.000000 28934.000000 
26677.000000 28925.000000 
26698.000000 28914.000000 
26693.000000 28917.000000 
26710.000000 28897.000000 
26726.000000 28889.000000 
26718.000000 28892.000000 
26739.000000 28883.000000 
26758.000000 28871.000000 
26752.000000 28882.000000 
26754.000000 28874.000000 
26762.000000 28863.000000 
26841.000000 28817.000000 
26852.000000 28815.000000 
27018.000000 28638.000000 
27006.000000 28656.000000 
26990.000000 28671.000000 
27063.000000 28603.000000 
27098.000000 28600.000000 
27126.000000 28572.000000 
27135.000000 28569.000000 
27159.000000 28560.000000 
27140.000000 28561.000000 
27180.000000 28531.000000 
27201.000000 28527.000000 
27172.000000 28545.000000 
27173.000000 28534.000000 
27223.000000 28498.000000 
27219.000000 28514.000000 
27225.000000 28489.000000 
27236.000000 28479.000000 
27318.000000 28389.000000 
27312.000000 28436.000000 
27317.000000 28426.000000 
27395.000000 28337.000000 
27389.000000 28345.000000 
27401.000000 28331.000000 
27391.000000 28338.000000 
27456.000000 28279.000000 
27466.000000 28277.000000 
27443.000000 28304.000000 
27445.000000 28296.000000 
27444.000000 28301.000000 
27449.000000 28286.000000 
27478.000000 28269.000000 
27484.000000 28259.000000 
27473.000000 28276.000000 
27502.000000 28255.000000 
27477.000000 28275.000000 
27547.000000 28200.000000 
27527.000000 28241.000000 
27550.000000 28197.000000 
27537.000000 28220.000000 
27542.000000 28216.000000 
27544.000000 28204.000000 
27686.000000 28082.000000 
27648.000000 28119.000000 
27650.000000 28097.000000 
27659.000000 28092.000000 
27712.000000 28057.000000 
27730.000000 28043.000000 
27715.000000 28044.000000 
27740.000000 28032.000000 
27769.000000 28014.000000 
27752.000000 28026.000000 
27783.000000 28005.000000 
27763.000000 28023.000000 
27806.000000 27983.000000 
27776.000000 28011.000000 
27844.000000 27896.000000 
27843.000000 27904.000000 
27834.000000 27922.000000 
27840.000000 27916.000000 
27932.000000 27837.000000 
28126.000000 27640.000000 
28119.000000 27658.000000 
28150.000000 27620.000000 
28166.000000 27602.000000 
28251.000000 27459.000000 
28244.000000 27471.000000 
28273.000000 27439.000000 
28384.000000 27312.000000 
28358.000000 27354.000000 
28737.000000 26807.000000 
28735.000000 26816.000000 
28748.000000 26801.000000 
28840.000000 26703.000000 
28796.000000 26760.000000 
28803.000000 26711.000000 
28844.000000 26652.000000 
28868.000000 26624.000000 
28881.000000 26603.000000 
28875.000000 26620.000000 
28884.000000 26602.000000 
28885.000000 26596.000000 
28894.000000 26590.000000 
28896.000000 26573.000000 
28900.000000 26553.000000 
28916.000000 26515.000000 
28906.000000 26530.000000 
28917.000000 26511.000000 
28918.000000 26486.000000 
28954.000000 26441.000000 
28951.000000 26442.000000 
29683.000000 24448.000000 
29694.000000 24436.000000 
29796.000000 23990.000000 
29790.000000 24138.000000 
29795.000000 24025.000000 
29794.000000 24059.000000 
