
24044.000000 22913.000000 30226.000000 
24068.000000 22871.000000 30225.000000 
24045.000000 22906.000000 30230.000000 
24013.000000 22976.000000 30251.000000 
23875.000000 23012.000000 30293.000000 
23919.000000 23041.000000 30286.000000 
23891.000000 23037.000000 30289.000000 
23866.000000 22964.000000 30296.000000 
23856.000000 23001.000000 30297.000000 
23808.000000 23027.000000 30300.000000 
23758.000000 23004.000000 30301.000000 
23898.000000 22971.000000 30294.000000 
23893.000000 22984.000000 30295.000000 
23932.000000 22945.000000 30303.000000 
23971.000000 23032.000000 30270.000000 
23933.000000 23099.000000 30279.000000 
23918.000000 23224.000000 30281.000000 
23972.000000 23199.000000 30262.000000 
23907.000000 23202.000000 30282.000000 
23874.000000 23217.000000 30287.000000 
23922.000000 23214.000000 30271.000000 
23858.000000 23245.000000 30272.000000 
23803.000000 23328.000000 30268.000000 
23792.000000 23282.000000 30270.000000 
23743.000000 23294.000000 30271.000000 
23677.000000 23278.000000 30287.000000 
23764.000000 23284.000000 30282.000000 
23787.000000 23287.000000 30276.000000 
23837.000000 23288.000000 30268.000000 
23802.000000 23431.000000 30249.000000 
23758.000000 23428.000000 30252.000000 
23760.000000 23404.000000 30250.000000 
23696.000000 23445.000000 30249.000000 
23677.000000 23407.000000 30253.000000 
23882.000000 23522.000000 30241.000000 
23680.000000 23472.000000 30245.000000 
23686.000000 23560.000000 30231.000000 
23985.000000 23616.000000 30229.000000 
23578.000000 23651.000000 30222.000000 
23648.000000 23817.000000 30202.000000 
23570.000000 23703.000000 30222.000000 
23725.000000 23727.000000 30207.000000 
23608.000000 23696.000000 30221.000000 
23654.000000 23745.000000 30212.000000 
23861.000000 23930.000000 30183.000000 
23729.000000 23873.000000 30191.000000 
23984.000000 23895.000000 30188.000000 
23893.000000 23905.000000 30186.000000 
23721.000000 23882.000000 30195.000000 
23848.000000 23940.000000 30159.000000 
23825.000000 23947.000000 30170.000000 
23835.000000 23979.000000 30165.000000 
23871.000000 23966.000000 30154.000000 
23802.000000 23964.000000 30171.000000 
23837.000000 23968.000000 30159.000000 
24009.000000 24133.000000 30135.000000 
23943.000000 24123.000000 30152.000000 
24067.000000 24113.000000 30140.000000 
24031.000000 24114.000000 30148.000000 
24071.000000 24119.000000 30138.000000 
23975.000000 24139.000000 30145.000000 
24004.000000 24147.000000 30137.000000 
23917.000000 24151.000000 30135.000000 
23912.000000 24151.000000 30137.000000 
23834.000000 24125.000000 30151.000000 
23860.000000 24129.000000 30150.000000 
23910.000000 24156.000000 30134.000000 
23853.000000 24141.000000 30143.000000 
23841.000000 24144.000000 30140.000000 
23801.000000 24208.000000 30125.000000 
23702.000000 24195.000000 30131.000000 
23781.000000 24184.000000 30144.000000 
23873.000000 24216.000000 30115.000000 
23859.000000 24218.000000 30120.000000 
23853.000000 24183.000000 30137.000000 
23884.000000 24331.000000 30078.000000 
23872.000000 24335.000000 30093.000000 
23832.000000 24340.000000 30078.000000 
23927.000000 24342.000000 30074.000000 
23772.000000 24319.000000 30099.000000 
23926.000000 24312.000000 30101.000000 
23871.000000 24454.000000 30042.000000 
23917.000000 24441.000000 30036.000000 
23881.000000 24429.000000 30059.000000 
23900.000000 24431.000000 30051.000000 
23827.000000 24433.000000 30047.000000 
23869.000000 24505.000000 30034.000000 
23863.000000 24457.000000 30040.000000 
23848.000000 24527.000000 30035.000000 
23834.000000 24473.000000 30045.000000 
23965.000000 24521.000000 30029.000000 
23910.000000 24586.000000 30023.000000 
23948.000000 24540.000000 30012.000000 
23899.000000 24523.000000 30031.000000 
23863.000000 24550.000000 30025.000000 
23927.000000 24589.000000 30013.000000 
23992.000000 24609.000000 30008.000000 
23843.000000 24542.000000 30026.000000 
24026.000000 24658.000000 29983.000000 
24044.000000 24670.000000 29980.000000 
24059.000000 24655.000000 29986.000000 
24020.000000 24672.000000 29973.000000 
23969.000000 24672.000000 29974.000000 
24074.000000 24694.000000 29972.000000 
24094.000000 24684.000000 29969.000000 
24090.000000 24698.000000 29958.000000 
24108.000000 24718.000000 29950.000000 
24080.000000 24726.000000 29960.000000 
24085.000000 24708.000000 29971.000000 
24016.000000 24743.000000 29948.000000 
24100.000000 24721.000000 29948.000000 
23986.000000 24893.000000 29907.000000 
23989.000000 24914.000000 29879.000000 
23959.000000 24909.000000 29892.000000 
24014.000000 24901.000000 29896.000000 
24013.000000 24908.000000 29886.000000 
24046.000000 25035.000000 29832.000000 
23981.000000 25019.000000 29858.000000 
23989.000000 25020.000000 29845.000000 
23985.000000 25082.000000 29819.000000 
23982.000000 25056.000000 29832.000000 
23958.000000 25026.000000 29837.000000 
23972.000000 25123.000000 29807.000000 
24032.000000 25119.000000 29807.000000 
24064.000000 25163.000000 29792.000000 
24127.000000 25138.000000 29806.000000 
24067.000000 25118.000000 29813.000000 
24133.000000 25144.000000 29794.000000 
24058.000000 25143.000000 29798.000000 
24139.000000 25138.000000 29804.000000 
24106.000000 25142.000000 29796.000000 
24140.000000 25136.000000 29805.000000 
24075.000000 25197.000000 29766.000000 
24077.000000 25181.000000 29768.000000 
24073.000000 25194.000000 29772.000000 
24177.000000 25185.000000 29760.000000 
24203.000000 25190.000000 29758.000000 
24112.000000 25231.000000 29752.000000 
24129.000000 25184.000000 29767.000000 
24137.000000 25186.000000 29759.000000 
24134.000000 25194.000000 29760.000000 
24148.000000 25239.000000 29747.000000 
24199.000000 25247.000000 29735.000000 
24127.000000 25245.000000 29751.000000 
24211.000000 25228.000000 29748.000000 
24268.000000 25224.000000 29741.000000 
24142.000000 25277.000000 29725.000000 
24246.000000 25243.000000 29739.000000 
24160.000000 25271.000000 29728.000000 
24157.000000 25274.000000 29716.000000 
24132.000000 25251.000000 29732.000000 
24189.000000 25261.000000 29719.000000 
24246.000000 25376.000000 29680.000000 
24248.000000 25416.000000 29669.000000 
24296.000000 25376.000000 29671.000000 
24294.000000 25369.000000 29679.000000 
24370.000000 25374.000000 29677.000000 
24209.000000 25365.000000 29686.000000 
24244.000000 25418.000000 29655.000000 
24236.000000 25400.000000 29682.000000 
24292.000000 25409.000000 29675.000000 
24188.000000 25419.000000 29671.000000 
24192.000000 25407.000000 29692.000000 
24144.000000 25414.000000 29691.000000 
24236.000000 25412.000000 29672.000000 
24193.000000 25417.000000 29674.000000 
24178.000000 25410.000000 29679.000000 
24232.000000 25470.000000 29652.000000 
24310.000000 25487.000000 29641.000000 
24191.000000 25494.000000 29650.000000 
24281.000000 25473.000000 29651.000000 
24160.000000 25486.000000 29652.000000 
24216.000000 25464.000000 29666.000000 
24256.000000 25489.000000 29646.000000 
24283.000000 25475.000000 29642.000000 
24293.000000 25553.000000 29613.000000 
24304.000000 25539.000000 29641.000000 
24313.000000 25539.000000 29612.000000 
24346.000000 25537.000000 29619.000000 
24345.000000 25590.000000 29591.000000 
24296.000000 25607.000000 29605.000000 
24335.000000 25604.000000 29607.000000 
24280.000000 25618.000000 29599.000000 
24315.000000 25621.000000 29586.000000 
24379.000000 25610.000000 29589.000000 
24265.000000 25624.000000 29583.000000 
24248.000000 25623.000000 29590.000000 
24464.000000 25692.000000 29547.000000 
24271.000000 25698.000000 29577.000000 
24431.000000 25707.000000 29539.000000 
24345.000000 25707.000000 29550.000000 
24377.000000 25698.000000 29545.000000 
24398.000000 25696.000000 29574.000000 
24418.000000 25686.000000 29571.000000 
24419.000000 25710.000000 29540.000000 
24178.000000 25796.000000 29501.000000 
24241.000000 25774.000000 29517.000000 
24265.000000 25764.000000 29522.000000 
24197.000000 25782.000000 29504.000000 
24284.000000 25794.000000 29491.000000 
24347.000000 25782.000000 29499.000000 
24296.000000 25763.000000 29508.000000 
24144.000000 25887.000000 29438.000000 
24108.000000 25884.000000 29442.000000 
24106.000000 25896.000000 29433.000000 
24152.000000 25880.000000 29449.000000 
24190.000000 25873.000000 29460.000000 
24138.000000 25910.000000 29421.000000 
24083.000000 25937.000000 29393.000000 
24067.000000 25948.000000 29426.000000 
24076.000000 25923.000000 29410.000000 
24096.000000 25926.000000 29403.000000 
24091.000000 25941.000000 29386.000000 
24150.000000 25931.000000 29402.000000 
24083.000000 25953.000000 29392.000000 
24168.000000 25930.000000 29397.000000 
24013.000000 26032.000000 29359.000000 
24105.000000 26076.000000 29340.000000 
24128.000000 26045.000000 29356.000000 
24181.000000 26075.000000 29338.000000 
24139.000000 26109.000000 29318.000000 
24064.000000 26098.000000 29320.000000 
24117.000000 26081.000000 29331.000000 
24143.000000 26077.000000 29324.000000 
24159.000000 26095.000000 29320.000000 
24195.000000 26122.000000 29304.000000 
24145.000000 26148.000000 29292.000000 
24141.000000 26132.000000 29307.000000 
24080.000000 26150.000000 29286.000000 
24058.000000 26157.000000 29281.000000 
24129.000000 26230.000000 29184.000000 
24088.000000 26216.000000 29210.000000 
24135.000000 26228.000000 29192.000000 
24109.000000 26217.000000 29205.000000 
24096.000000 26225.000000 29201.000000 
24120.000000 26236.000000 29195.000000 
24121.000000 26219.000000 29193.000000 
24081.000000 26237.000000 29194.000000 
24142.000000 26231.000000 29183.000000 
24290.000000 26277.000000 29154.000000 
24185.000000 26257.000000 29175.000000 
24258.000000 26256.000000 29175.000000 
24247.000000 26301.000000 29160.000000 
24300.000000 26276.000000 29172.000000 
24207.000000 26302.000000 29141.000000 
24290.000000 26298.000000 29146.000000 
24219.000000 26304.000000 29137.000000 
24200.000000 26316.000000 29136.000000 
24140.000000 26325.000000 29129.000000 
24355.000000 26385.000000 29086.000000 
24279.000000 26391.000000 29096.000000 
24299.000000 26375.000000 29088.000000 
24298.000000 26369.000000 29118.000000 
24338.000000 26371.000000 29097.000000 
24401.000000 26495.000000 28995.000000 
24319.000000 26514.000000 29001.000000 
24371.000000 26509.000000 28991.000000 
24288.000000 26510.000000 29003.000000 
24257.000000 26511.000000 29006.000000 
24330.000000 26506.000000 29004.000000 
24372.000000 26506.000000 28982.000000 
24323.000000 26514.000000 28991.000000 
24355.000000 26513.000000 28990.000000 
24369.000000 26506.000000 29003.000000 
24280.000000 26539.000000 28985.000000 
24326.000000 26521.000000 28979.000000 
24301.000000 26522.000000 28980.000000 
24273.000000 26516.000000 28989.000000 
24349.000000 26533.000000 28962.000000 
24270.000000 26524.000000 28998.000000 
24331.000000 26557.000000 28945.000000 
24269.000000 26542.000000 28958.000000 
24328.000000 26536.000000 28957.000000 
24297.000000 26550.000000 28957.000000 
24319.000000 26536.000000 28973.000000 
24446.000000 26586.000000 28901.000000 
24420.000000 26595.000000 28904.000000 
24393.000000 26589.000000 28939.000000 
24415.000000 26610.000000 28889.000000 
24421.000000 26598.000000 28902.000000 
24468.000000 26625.000000 28881.000000 
24443.000000 26599.000000 28896.000000 
24438.000000 26603.000000 28896.000000 
24407.000000 26613.000000 28897.000000 
24524.000000 26684.000000 28812.000000 
24448.000000 26691.000000 28793.000000 
24420.000000 26688.000000 28821.000000 
24382.000000 26681.000000 28825.000000 
24436.000000 26691.000000 28815.000000 
24464.000000 26686.000000 28806.000000 
24477.000000 26690.000000 28790.000000 
24527.000000 26898.000000 28651.000000 
24502.000000 26919.000000 28663.000000 
24515.000000 26908.000000 28651.000000 
24532.000000 27018.000000 28515.000000 
24473.000000 27019.000000 28533.000000 
24517.000000 27014.000000 28551.000000 
24594.000000 27016.000000 28517.000000 
24505.000000 27018.000000 28537.000000 
24584.000000 27017.000000 28516.000000 
24553.000000 27010.000000 28537.000000 
24463.000000 27109.000000 28474.000000 
24484.000000 27094.000000 28472.000000 
24520.000000 27099.000000 28471.000000 
24493.000000 27088.000000 28472.000000 
24425.000000 27110.000000 28472.000000 
24369.000000 27087.000000 28479.000000 
24342.000000 27171.000000 28416.000000 
24413.000000 27168.000000 28418.000000 
24316.000000 27175.000000 28403.000000 
24418.000000 27172.000000 28399.000000 
24339.000000 27210.000000 28374.000000 
24298.000000 27201.000000 28380.000000 
24372.000000 27196.000000 28377.000000 
24298.000000 27197.000000 28389.000000 
24343.000000 27194.000000 28388.000000 
24291.000000 27197.000000 28393.000000 
24282.000000 27229.000000 28368.000000 
24445.000000 27225.000000 28352.000000 
24392.000000 27265.000000 28330.000000 
24439.000000 27251.000000 28345.000000 
24405.000000 27342.000000 28266.000000 
24405.000000 27381.000000 28225.000000 
24507.000000 27364.000000 28222.000000 
24492.000000 27368.000000 28228.000000 
24494.000000 27363.000000 28250.000000 
24429.000000 27373.000000 28219.000000 
24402.000000 27431.000000 28155.000000 
24403.000000 27407.000000 28199.000000 
24413.000000 27409.000000 28172.000000 
24279.000000 27412.000000 28174.000000 
24439.000000 27457.000000 28145.000000 
24421.000000 27424.000000 28163.000000 
24481.000000 27445.000000 28141.000000 
24316.000000 27408.000000 28195.000000 
24423.000000 27407.000000 28175.000000 
24406.000000 27465.000000 28137.000000 
24440.000000 27449.000000 28134.000000 
24381.000000 27447.000000 28147.000000 
24330.000000 27488.000000 28139.000000 
24370.000000 27481.000000 28133.000000 
24365.000000 27481.000000 28166.000000 
24316.000000 27497.000000 28120.000000 
24350.000000 27491.000000 28136.000000 
24402.000000 27498.000000 28117.000000 
24383.000000 27490.000000 28123.000000 
24331.000000 27487.000000 28150.000000 
24390.000000 27487.000000 28121.000000 
24408.000000 27487.000000 28120.000000 
24431.000000 27548.000000 28089.000000 
24451.000000 27536.000000 28103.000000 
24419.000000 27541.000000 28108.000000 
24467.000000 27534.000000 28104.000000 
24414.000000 27545.000000 28110.000000 
24368.000000 27560.000000 28079.000000 
24463.000000 27550.000000 28075.000000 
24448.000000 27570.000000 28069.000000 
24512.000000 27560.000000 28062.000000 
24484.000000 27553.000000 28073.000000 
24456.000000 27552.000000 28074.000000 
24620.000000 27645.000000 28023.000000 
24638.000000 27653.000000 27997.000000 
24732.000000 27651.000000 27996.000000 
24623.000000 27665.000000 27990.000000 
24710.000000 27649.000000 28011.000000 
24790.000000 27654.000000 27992.000000 
24754.000000 27674.000000 27979.000000 
24679.000000 27659.000000 27991.000000 
24765.000000 27745.000000 27911.000000 
24817.000000 27732.000000 27898.000000 
24847.000000 27728.000000 27933.000000 
24809.000000 27733.000000 27914.000000 
24771.000000 27725.000000 27935.000000 
24857.000000 27750.000000 27893.000000 
24846.000000 27754.000000 27894.000000 
24735.000000 27746.000000 27905.000000 
24798.000000 27764.000000 27880.000000 
24770.000000 27745.000000 27899.000000 
24799.000000 27775.000000 27873.000000 
24849.000000 27755.000000 27889.000000 
24944.000000 27857.000000 27729.000000 
24940.000000 27876.000000 27762.000000 
24941.000000 27866.000000 27728.000000 
24877.000000 27887.000000 27704.000000 
24993.000000 27972.000000 27589.000000 
24979.000000 27985.000000 27607.000000 
24992.000000 27964.000000 27604.000000 
25000.000000 27981.000000 27579.000000 
24930.000000 27990.000000 27584.000000 
24853.000000 28006.000000 27573.000000 
24948.000000 28004.000000 27578.000000 
24839.000000 27994.000000 27587.000000 
24958.000000 28036.000000 27538.000000 
24930.000000 28063.000000 27529.000000 
24895.000000 28058.000000 27531.000000 
24946.000000 28060.000000 27508.000000 
24979.000000 28062.000000 27501.000000 
24912.000000 28087.000000 27509.000000 
24814.000000 28091.000000 27501.000000 
24806.000000 28093.000000 27526.000000 
24854.000000 28104.000000 27490.000000 
24868.000000 28101.000000 27475.000000 
24863.000000 28103.000000 27481.000000 
24872.000000 28134.000000 27460.000000 
24881.000000 28103.000000 27474.000000 
24883.000000 28132.000000 27433.000000 
24854.000000 28129.000000 27467.000000 
24908.000000 28153.000000 27422.000000 
24822.000000 28137.000000 27439.000000 
24879.000000 28132.000000 27439.000000 
24885.000000 28129.000000 27440.000000 
24902.000000 28128.000000 27430.000000 
24813.000000 28168.000000 27370.000000 
24785.000000 28156.000000 27388.000000 
24891.000000 28161.000000 27386.000000 
24798.000000 28209.000000 27320.000000 
24829.000000 28198.000000 27330.000000 
24873.000000 28196.000000 27336.000000 
24796.000000 28218.000000 27297.000000 
24755.000000 28216.000000 27317.000000 
24704.000000 28215.000000 27323.000000 
24801.000000 28216.000000 27291.000000 
24791.000000 28213.000000 27318.000000 
24768.000000 28224.000000 27293.000000 
24771.000000 28220.000000 27303.000000 
24786.000000 28214.000000 27318.000000 
24820.000000 28214.000000 27299.000000 
24726.000000 28226.000000 27288.000000 
24788.000000 28234.000000 27255.000000 
24757.000000 28246.000000 27278.000000 
24648.000000 28254.000000 27232.000000 
24714.000000 28248.000000 27217.000000 
24647.000000 28250.000000 27233.000000 
24658.000000 28257.000000 27219.000000 
24762.000000 28369.000000 26975.000000 
24804.000000 28366.000000 26982.000000 
24778.000000 28366.000000 27006.000000 
24814.000000 28381.000000 26965.000000 
24740.000000 28377.000000 26980.000000 
24790.000000 28492.000000 26816.000000 
24718.000000 28504.000000 26785.000000 
24733.000000 28493.000000 26789.000000 
24715.000000 28496.000000 26789.000000 
24772.000000 28505.000000 26762.000000 
24712.000000 28497.000000 26792.000000 
24804.000000 28497.000000 26786.000000 
24778.000000 28578.000000 26688.000000 
24864.000000 28573.000000 26656.000000 
24803.000000 28621.000000 26609.000000 
24868.000000 28614.000000 26568.000000 
24794.000000 28632.000000 26567.000000 
24844.000000 28618.000000 26567.000000 
24789.000000 28618.000000 26638.000000 
24783.000000 28707.000000 26414.000000 
24673.000000 28716.000000 26419.000000 
24798.000000 28699.000000 26437.000000 
24761.000000 28711.000000 26422.000000 
24749.000000 28710.000000 26427.000000 
24791.000000 28697.000000 26471.000000 
24709.000000 28723.000000 26390.000000 
24770.000000 28719.000000 26397.000000 
24723.000000 28714.000000 26414.000000 
24760.000000 28720.000000 26393.000000 
24709.000000 28733.000000 26367.000000 
24758.000000 28724.000000 26379.000000 
24717.000000 28742.000000 26325.000000 
24717.000000 28729.000000 26363.000000 
24785.000000 28727.000000 26367.000000 
24726.000000 28741.000000 26319.000000 
24835.000000 28737.000000 26328.000000 
24744.000000 28728.000000 26358.000000 
24740.000000 28736.000000 26346.000000 
24674.000000 28832.000000 26124.000000 
24677.000000 28830.000000 26112.000000 
24787.000000 28860.000000 26103.000000 
24744.000000 28829.000000 26127.000000 
24554.000000 28871.000000 26065.000000 
24637.000000 28885.000000 26053.000000 
24565.000000 28870.000000 26097.000000 
24757.000000 28868.000000 26062.000000 
24653.000000 28927.000000 25970.000000 
24799.000000 28923.000000 25976.000000 
24742.000000 28931.000000 25930.000000 
24641.000000 28913.000000 26005.000000 
24578.000000 28918.000000 25987.000000 
24686.000000 28956.000000 25875.000000 
24704.000000 28942.000000 25888.000000 
24878.000000 28936.000000 25911.000000 
24715.000000 28939.000000 25900.000000 
24702.000000 28943.000000 25932.000000 
24673.000000 28932.000000 25944.000000 
24765.000000 28984.000000 25806.000000 
24733.000000 28977.000000 25808.000000 
24736.000000 28973.000000 25818.000000 
24738.000000 28973.000000 25812.000000 
24626.000000 29008.000000 25788.000000 
24842.000000 29010.000000 25759.000000 
24697.000000 28998.000000 25814.000000 
24616.000000 29043.000000 25743.000000 
24667.000000 29038.000000 25751.000000 
24720.000000 29072.000000 25669.000000 
24764.000000 29058.000000 25738.000000 
24749.000000 29068.000000 25658.000000 
24745.000000 29059.000000 25689.000000 
24627.000000 29088.000000 25629.000000 
24713.000000 29075.000000 25618.000000 
24724.000000 29106.000000 25540.000000 
24709.000000 29096.000000 25559.000000 
24734.000000 29095.000000 25603.000000 
24746.000000 29107.000000 25539.000000 
24673.000000 29108.000000 25539.000000 
24714.000000 29115.000000 25522.000000 
24535.000000 29168.000000 25425.000000 
24674.000000 29165.000000 25408.000000 
24682.000000 29160.000000 25375.000000 
24577.000000 29176.000000 25382.000000 
24707.000000 29172.000000 25357.000000 
24680.000000 29180.000000 25347.000000 
24638.000000 29186.000000 25345.000000 
24628.000000 29183.000000 25368.000000 
24648.000000 29197.000000 25331.000000 
24745.000000 29188.000000 25327.000000 
24704.000000 29195.000000 25344.000000 
24764.000000 29198.000000 25318.000000 
24740.000000 29211.000000 25289.000000 
24829.000000 29200.000000 25313.000000 
24780.000000 29201.000000 25308.000000 
24754.000000 29206.000000 25317.000000 
24789.000000 29210.000000 25294.000000 
24868.000000 29206.000000 25251.000000 
24803.000000 29219.000000 25273.000000 
24856.000000 29224.000000 25227.000000 
24805.000000 29226.000000 25226.000000 
24812.000000 29227.000000 25202.000000 
24738.000000 29223.000000 25245.000000 
24803.000000 29233.000000 25197.000000 
24859.000000 29233.000000 25173.000000 
24890.000000 29229.000000 25172.000000 
24911.000000 29234.000000 25165.000000 
24864.000000 29246.000000 25117.000000 
24863.000000 29240.000000 25125.000000 
24878.000000 29237.000000 25121.000000 
24895.000000 29243.000000 25110.000000 
24876.000000 29240.000000 25118.000000 
24851.000000 29240.000000 25147.000000 
24842.000000 29276.000000 24992.000000 
24872.000000 29275.000000 24997.000000 
24825.000000 29295.000000 24874.000000 
24881.000000 29284.000000 24951.000000 
24786.000000 29281.000000 24954.000000 
24865.000000 29274.000000 25021.000000 
24694.000000 29294.000000 24875.000000 
24796.000000 29293.000000 24890.000000 
24727.000000 29298.000000 24861.000000 
24703.000000 29320.000000 24859.000000 
24791.000000 29337.000000 24837.000000 
24820.000000 29330.000000 24855.000000 
24881.000000 29336.000000 24828.000000 
24876.000000 29336.000000 24836.000000 
24782.000000 29342.000000 24824.000000 
24872.000000 29341.000000 24836.000000 
24900.000000 29343.000000 24816.000000 
24867.000000 29349.000000 24763.000000 
24936.000000 29342.000000 24787.000000 
24896.000000 29346.000000 24735.000000 
24865.000000 29349.000000 24769.000000 
24902.000000 29345.000000 24790.000000 
24986.000000 29347.000000 24717.000000 
24891.000000 29367.000000 24716.000000 
24912.000000 29360.000000 24707.000000 
24933.000000 29369.000000 24660.000000 
24950.000000 29359.000000 24679.000000 
24945.000000 29362.000000 24700.000000 
24985.000000 29361.000000 24668.000000 
24976.000000 29363.000000 24665.000000 
24949.000000 29372.000000 24650.000000 
24937.000000 29365.000000 24694.000000 
25040.000000 29362.000000 24601.000000 
24905.000000 29376.000000 24581.000000 
24914.000000 29373.000000 24600.000000 
24947.000000 29389.000000 24513.000000 
24880.000000 29379.000000 24535.000000 
24773.000000 29390.000000 24533.000000 
24748.000000 29393.000000 24498.000000 
24806.000000 29387.000000 24573.000000 
24753.000000 29388.000000 24568.000000 
24813.000000 29402.000000 24470.000000 
24861.000000 29438.000000 24297.000000 
24860.000000 29426.000000 24352.000000 
24818.000000 29431.000000 24342.000000 
24814.000000 29436.000000 24332.000000 
24749.000000 29440.000000 24409.000000 
24739.000000 29440.000000 24412.000000 
24749.000000 29443.000000 24316.000000 
24857.000000 29439.000000 24287.000000 
24790.000000 29438.000000 24413.000000 
24702.000000 29438.000000 24430.000000 
25160.000000 24288.000000 29630.000000 
25173.000000 24116.000000 29765.000000 
25264.000000 24012.000000 29926.000000 
25158.000000 23982.000000 29942.000000 
25197.000000 24102.000000 29922.000000 
25247.000000 24084.000000 29933.000000 
25101.000000 24276.000000 29909.000000 
25106.000000 24250.000000 29912.000000 
25157.000000 24289.000000 29895.000000 
25076.000000 24315.000000 29896.000000 
25079.000000 24310.000000 29893.000000 
25131.000000 24308.000000 29897.000000 
25163.000000 24262.000000 29898.000000 
25130.000000 24272.000000 29907.000000 
25075.000000 24279.000000 29906.000000 
25094.000000 24293.000000 29903.000000 
25074.000000 24460.000000 29889.000000 
25008.000000 24474.000000 29893.000000 
25121.000000 24442.000000 29877.000000 
25091.000000 24442.000000 29882.000000 
25086.000000 24489.000000 29878.000000 
25133.000000 24464.000000 29875.000000 
25004.000000 24487.000000 29905.000000 
25027.000000 24479.000000 29884.000000 
24977.000000 24514.000000 29882.000000 
25022.000000 24486.000000 29882.000000 
24970.000000 24550.000000 29881.000000 
24987.000000 24553.000000 29871.000000 
25036.000000 24548.000000 29879.000000 
24957.000000 24532.000000 29883.000000 
25024.000000 24564.000000 29865.000000 
25067.000000 24555.000000 29866.000000 
24976.000000 24649.000000 29859.000000 
25023.000000 24620.000000 29855.000000 
24983.000000 24584.000000 29864.000000 
24964.000000 24597.000000 29863.000000 
24941.000000 24622.000000 29871.000000 
24916.000000 24592.000000 29873.000000 
24978.000000 24595.000000 29862.000000 
24997.000000 24742.000000 29854.000000 
25059.000000 24745.000000 29839.000000 
25066.000000 24746.000000 29828.000000 
25027.000000 24751.000000 29833.000000 
24965.000000 24837.000000 29827.000000 
24967.000000 24812.000000 29837.000000 
25015.000000 24824.000000 29829.000000 
25040.000000 24798.000000 29828.000000 
24995.000000 24848.000000 29822.000000 
24943.000000 24826.000000 29847.000000 
24989.000000 24825.000000 29826.000000 
25001.000000 24889.000000 29820.000000 
24932.000000 24975.000000 29803.000000 
25014.000000 24991.000000 29789.000000 
24988.000000 24947.000000 29821.000000 
25057.000000 24973.000000 29793.000000 
25044.000000 24972.000000 29801.000000 
24973.000000 24974.000000 29805.000000 
25066.000000 24954.000000 29819.000000 
24944.000000 24964.000000 29815.000000 
24988.000000 24995.000000 29792.000000 
24993.000000 24982.000000 29795.000000 
25086.000000 25016.000000 29778.000000 
25018.000000 25014.000000 29783.000000 
25013.000000 25021.000000 29780.000000 
25108.000000 25001.000000 29780.000000 
25038.000000 25023.000000 29777.000000 
25057.000000 25001.000000 29784.000000 
25045.000000 25051.000000 29775.000000 
25100.000000 25023.000000 29764.000000 
25054.000000 25054.000000 29744.000000 
25123.000000 25083.000000 29739.000000 
25096.000000 25133.000000 29718.000000 
25088.000000 25176.000000 29686.000000 
25096.000000 25134.000000 29701.000000 
25074.000000 25150.000000 29693.000000 
25014.000000 25152.000000 29710.000000 
25089.000000 25143.000000 29712.000000 
25063.000000 25286.000000 29629.000000 
25109.000000 25276.000000 29646.000000 
25128.000000 25274.000000 29622.000000 
25115.000000 25292.000000 29623.000000 
25122.000000 25277.000000 29618.000000 
25121.000000 25314.000000 29618.000000 
25234.000000 25297.000000 29600.000000 
25103.000000 25293.000000 29626.000000 
25110.000000 25303.000000 29619.000000 
25173.000000 25302.000000 29616.000000 
25166.000000 25309.000000 29612.000000 
25212.000000 25296.000000 29607.000000 
25129.000000 25331.000000 29601.000000 
25141.000000 25540.000000 29485.000000 
25155.000000 25519.000000 29465.000000 
25152.000000 25548.000000 29464.000000 
25201.000000 25595.000000 29447.000000 
25208.000000 25595.000000 29445.000000 
25210.000000 25593.000000 29443.000000 
25173.000000 25591.000000 29461.000000 
25189.000000 25616.000000 29438.000000 
25175.000000 25605.000000 29441.000000 
25159.000000 25834.000000 29278.000000 
25203.000000 25820.000000 29287.000000 
25223.000000 25807.000000 29320.000000 
25124.000000 25827.000000 29302.000000 
25202.000000 25821.000000 29316.000000 
25235.000000 25810.000000 29300.000000 
25150.000000 25904.000000 29268.000000 
25136.000000 25905.000000 29254.000000 
25121.000000 25909.000000 29259.000000 
25194.000000 25906.000000 29252.000000 
25226.000000 25893.000000 29253.000000 
25141.000000 25905.000000 29253.000000 
25152.000000 25986.000000 29231.000000 
25227.000000 25952.000000 29247.000000 
25107.000000 25957.000000 29244.000000 
25171.000000 25933.000000 29252.000000 
25111.000000 25934.000000 29251.000000 
25164.000000 26092.000000 29180.000000 
25157.000000 26129.000000 29139.000000 
25179.000000 26125.000000 29162.000000 
25104.000000 26163.000000 29144.000000 
25143.000000 26163.000000 29143.000000 
25185.000000 26168.000000 29123.000000 
25122.000000 26157.000000 29147.000000 
25206.000000 26154.000000 29138.000000 
25170.000000 26190.000000 29119.000000 
25225.000000 26157.000000 29135.000000 
25176.000000 26176.000000 29128.000000 
25163.000000 26175.000000 29136.000000 
25161.000000 26189.000000 29129.000000 
25167.000000 26187.000000 29121.000000 
25184.000000 26173.000000 29126.000000 
25205.000000 26213.000000 29117.000000 
25187.000000 26184.000000 29122.000000 
25185.000000 26187.000000 29118.000000 
25249.000000 26279.000000 29073.000000 
25195.000000 26287.000000 29082.000000 
25241.000000 26286.000000 29065.000000 
25319.000000 26267.000000 29076.000000 
25296.000000 26277.000000 29090.000000 
25305.000000 26257.000000 29102.000000 
25364.000000 26265.000000 29079.000000 
25346.000000 26278.000000 29068.000000 
25365.000000 26256.000000 29086.000000 
25320.000000 26336.000000 29036.000000 
25278.000000 26322.000000 29043.000000 
25229.000000 26352.000000 29052.000000 
25394.000000 26327.000000 29036.000000 
25318.000000 26338.000000 29025.000000 
25336.000000 26367.000000 29006.000000 
25374.000000 26376.000000 28991.000000 
25314.000000 26396.000000 28996.000000 
25319.000000 26374.000000 29007.000000 
25319.000000 26368.000000 29016.000000 
25341.000000 26378.000000 29000.000000 
25295.000000 26397.000000 28992.000000 
25354.000000 26395.000000 28999.000000 
25298.000000 26414.000000 28984.000000 
25307.000000 26399.000000 28981.000000 
25370.000000 26398.000000 28980.000000 
25355.000000 26439.000000 28936.000000 
25323.000000 26457.000000 28928.000000 
25321.000000 26454.000000 28959.000000 
25330.000000 26440.000000 28953.000000 
25373.000000 26438.000000 28951.000000 
25311.000000 26560.000000 28865.000000 
25320.000000 26539.000000 28860.000000 
25329.000000 26543.000000 28858.000000 
25372.000000 26545.000000 28857.000000 
25316.000000 26552.000000 28844.000000 
25266.000000 26609.000000 28848.000000 
25275.000000 26598.000000 28848.000000 
25293.000000 26593.000000 28838.000000 
25293.000000 26590.000000 28859.000000 
25288.000000 26594.000000 28846.000000 
25338.000000 26644.000000 28832.000000 
25304.000000 26661.000000 28824.000000 
25251.000000 26654.000000 28825.000000 
25283.000000 26649.000000 28834.000000 
25321.000000 26658.000000 28821.000000 
25287.000000 26669.000000 28818.000000 
25314.000000 26667.000000 28814.000000 
25321.000000 26665.000000 28810.000000 
25354.000000 26670.000000 28804.000000 
25296.000000 26672.000000 28813.000000 
25310.000000 26666.000000 28818.000000 
25312.000000 26668.000000 28817.000000 
25226.000000 26757.000000 28754.000000 
25263.000000 26734.000000 28764.000000 
25259.000000 26745.000000 28748.000000 
25254.000000 26730.000000 28769.000000 
25275.000000 26766.000000 28746.000000 
25250.000000 26742.000000 28749.000000 
25291.000000 26752.000000 28740.000000 
25240.000000 26729.000000 28783.000000 
25314.000000 26825.000000 28680.000000 
25274.000000 26797.000000 28700.000000 
25347.000000 26789.000000 28702.000000 
25360.000000 26797.000000 28694.000000 
25201.000000 26830.000000 28698.000000 
25244.000000 26798.000000 28693.000000 
25371.000000 26870.000000 28632.000000 
25399.000000 26868.000000 28649.000000 
25381.000000 26855.000000 28663.000000 
25409.000000 26856.000000 28640.000000 
25234.000000 26949.000000 28574.000000 
25264.000000 26960.000000 28559.000000 
25235.000000 26947.000000 28620.000000 
25234.000000 26942.000000 28625.000000 
25195.000000 26970.000000 28571.000000 
25291.000000 26956.000000 28568.000000 
25227.000000 27058.000000 28494.000000 
25184.000000 27059.000000 28486.000000 
25156.000000 27050.000000 28497.000000 
25149.000000 27051.000000 28511.000000 
25201.000000 27060.000000 28480.000000 
25249.000000 27062.000000 28479.000000 
25233.000000 27066.000000 28472.000000 
25189.000000 27074.000000 28474.000000 
25179.000000 27063.000000 28488.000000 
25260.000000 27097.000000 28458.000000 
25185.000000 27103.000000 28439.000000 
25256.000000 27129.000000 28410.000000 
25313.000000 27125.000000 28402.000000 
25335.000000 27120.000000 28403.000000 
25285.000000 27121.000000 28422.000000 
25246.000000 27121.000000 28437.000000 
25237.000000 27129.000000 28413.000000 
25305.000000 27117.000000 28419.000000 
25309.000000 27127.000000 28415.000000 
25319.000000 27127.000000 28394.000000 
25268.000000 27140.000000 28400.000000 
25287.000000 27144.000000 28394.000000 
25324.000000 27126.000000 28394.000000 
25307.000000 27135.000000 28402.000000 
25279.000000 27263.000000 28285.000000 
25196.000000 27268.000000 28276.000000 
25272.000000 27255.000000 28294.000000 
25280.000000 27249.000000 28307.000000 
25345.000000 27281.000000 28275.000000 
25292.000000 27303.000000 28268.000000 
25322.000000 27330.000000 28220.000000 
25356.000000 27302.000000 28258.000000 
25381.000000 27310.000000 28224.000000 
25371.000000 27309.000000 28231.000000 
25337.000000 27318.000000 28235.000000 
25325.000000 27322.000000 28236.000000 
25277.000000 27309.000000 28268.000000 
25354.000000 27310.000000 28241.000000 
25253.000000 27341.000000 28210.000000 
25305.000000 27344.000000 28204.000000 
25263.000000 27342.000000 28205.000000 
25270.000000 27360.000000 28185.000000 
25260.000000 27362.000000 28181.000000 
25253.000000 27335.000000 28222.000000 
25273.000000 27364.000000 28174.000000 
25299.000000 27380.000000 28140.000000 
25214.000000 27389.000000 28148.000000 
25273.000000 27433.000000 28105.000000 
25252.000000 27382.000000 28166.000000 
25280.000000 27392.000000 28139.000000 
25253.000000 27375.000000 28141.000000 
25212.000000 27390.000000 28154.000000 
25324.000000 27411.000000 28134.000000 
25253.000000 27412.000000 28117.000000 
25310.000000 27445.000000 28087.000000 
25284.000000 27428.000000 28104.000000 
25372.000000 27420.000000 28085.000000 
25294.000000 27415.000000 28115.000000 
25327.000000 27426.000000 28109.000000 
25274.000000 27462.000000 28075.000000 
25314.000000 27461.000000 28072.000000 
25351.000000 27484.000000 28055.000000 
25287.000000 27461.000000 28074.000000 
25286.000000 27467.000000 28067.000000 
25253.000000 27468.000000 28074.000000 
25333.000000 27475.000000 28062.000000 
25284.000000 27554.000000 28045.000000 
25370.000000 27547.000000 28010.000000 
25336.000000 27560.000000 27991.000000 
25355.000000 27533.000000 28022.000000 
25313.000000 27557.000000 28011.000000 
25285.000000 27570.000000 28011.000000 
25308.000000 27571.000000 28009.000000 
25297.000000 27560.000000 28012.000000 
25289.000000 27562.000000 28041.000000 
25336.000000 27558.000000 28008.000000 
25319.000000 27566.000000 28007.000000 
25314.000000 27589.000000 27987.000000 
25319.000000 27568.000000 27996.000000 
25264.000000 27567.000000 28012.000000 
25314.000000 27573.000000 27996.000000 
25318.000000 27591.000000 27977.000000 
25299.000000 27595.000000 27958.000000 
25282.000000 27595.000000 27961.000000 
25303.000000 27623.000000 27954.000000 
25256.000000 27620.000000 27992.000000 
25285.000000 27616.000000 27957.000000 
25276.000000 27645.000000 27938.000000 
25267.000000 27623.000000 27958.000000 
25264.000000 27618.000000 27967.000000 
25273.000000 27614.000000 27974.000000 
25188.000000 27722.000000 27854.000000 
25179.000000 27728.000000 27845.000000 
25183.000000 27725.000000 27846.000000 
25252.000000 27745.000000 27842.000000 
25200.000000 27719.000000 27876.000000 
25215.000000 27718.000000 27859.000000 
25274.000000 27729.000000 27823.000000 
25258.000000 27739.000000 27837.000000 
25261.000000 27736.000000 27833.000000 
25204.000000 27758.000000 27812.000000 
25250.000000 27762.000000 27799.000000 
25219.000000 27764.000000 27800.000000 
25257.000000 27770.000000 27789.000000 
25258.000000 27767.000000 27781.000000 
25258.000000 27761.000000 27802.000000 
25215.000000 27777.000000 27771.000000 
25231.000000 27784.000000 27746.000000 
25235.000000 27782.000000 27760.000000 
25205.000000 27868.000000 27691.000000 
25292.000000 27854.000000 27698.000000 
25165.000000 27870.000000 27672.000000 
25250.000000 27881.000000 27648.000000 
25226.000000 27904.000000 27622.000000 
25236.000000 27869.000000 27652.000000 
25331.000000 27867.000000 27645.000000 
25327.000000 27869.000000 27631.000000 
25390.000000 27933.000000 27557.000000 
25386.000000 27939.000000 27521.000000 
25299.000000 27975.000000 27540.000000 
25335.000000 27938.000000 27523.000000 
25355.000000 27936.000000 27524.000000 
25324.000000 27939.000000 27550.000000 
25435.000000 27974.000000 27520.000000 
25478.000000 27970.000000 27490.000000 
25441.000000 27968.000000 27516.000000 
25514.000000 27969.000000 27480.000000 
25454.000000 27988.000000 27495.000000 
25503.000000 27978.000000 27471.000000 
25487.000000 27970.000000 27478.000000 
25470.000000 27998.000000 27461.000000 
25522.000000 27983.000000 27456.000000 
25460.000000 27987.000000 27475.000000 
25459.000000 27981.000000 27483.000000 
25480.000000 27983.000000 27459.000000 
25477.000000 28034.000000 27418.000000 
25436.000000 28023.000000 27447.000000 
25501.000000 28033.000000 27391.000000 
25458.000000 28040.000000 27395.000000 
25465.000000 28036.000000 27425.000000 
25455.000000 28025.000000 27439.000000 
25414.000000 28042.000000 27402.000000 
25499.000000 28046.000000 27393.000000 
25428.000000 28041.000000 27405.000000 
25408.000000 28050.000000 27397.000000 
25453.000000 28040.000000 27400.000000 
25447.000000 28048.000000 27382.000000 
25424.000000 28052.000000 27386.000000 
25426.000000 28040.000000 27422.000000 
25444.000000 28053.000000 27385.000000 
25596.000000 28137.000000 27253.000000 
25662.000000 28130.000000 27237.000000 
25578.000000 28164.000000 27208.000000 
25605.000000 28141.000000 27222.000000 
25586.000000 28149.000000 27218.000000 
25623.000000 28139.000000 27237.000000 
25635.000000 28130.000000 27259.000000 
25598.000000 28198.000000 27180.000000 
25713.000000 28186.000000 27139.000000 
25588.000000 28205.000000 27172.000000 
25630.000000 28196.000000 27168.000000 
25678.000000 28201.000000 27157.000000 
25607.000000 28197.000000 27179.000000 
25685.000000 28199.000000 27146.000000 
25555.000000 28205.000000 27177.000000 
25647.000000 28207.000000 27167.000000 
25722.000000 28254.000000 27044.000000 
25678.000000 28265.000000 27064.000000 
25703.000000 28262.000000 27044.000000 
25654.000000 28253.000000 27085.000000 
25615.000000 28256.000000 27083.000000 
25667.000000 28264.000000 27080.000000 
25698.000000 28255.000000 27061.000000 
25652.000000 28274.000000 27071.000000 
25668.000000 28269.000000 27056.000000 
25700.000000 28280.000000 27029.000000 
25689.000000 28284.000000 27051.000000 
25607.000000 28365.000000 26984.000000 
25624.000000 28354.000000 26941.000000 
25609.000000 28360.000000 26937.000000 
25561.000000 28375.000000 26945.000000 
25498.000000 28390.000000 26933.000000 
25467.000000 28380.000000 26954.000000 
25493.000000 28377.000000 26944.000000 
25482.000000 28378.000000 26953.000000 
25491.000000 28376.000000 26946.000000 
25576.000000 28377.000000 26923.000000 
25518.000000 28385.000000 26924.000000 
25521.000000 28379.000000 26922.000000 
25472.000000 28384.000000 26939.000000 
25601.000000 28383.000000 26894.000000 
25503.000000 28387.000000 26938.000000 
25570.000000 28394.000000 26913.000000 
25545.000000 28395.000000 26898.000000 
25531.000000 28394.000000 26914.000000 
25575.000000 28391.000000 26883.000000 
25554.000000 28402.000000 26882.000000 
25574.000000 28392.000000 26879.000000 
25596.000000 28393.000000 26872.000000 
25532.000000 28399.000000 26894.000000 
25616.000000 28402.000000 26865.000000 
25619.000000 28427.000000 26821.000000 
25620.000000 28421.000000 26838.000000 
25588.000000 28428.000000 26814.000000 
25582.000000 28426.000000 26853.000000 
25639.000000 28425.000000 26813.000000 
25591.000000 28432.000000 26812.000000 
25642.000000 28434.000000 26806.000000 
25669.000000 28434.000000 26789.000000 
25579.000000 28421.000000 26867.000000 
25580.000000 28447.000000 26791.000000 
25566.000000 28480.000000 26665.000000 
25579.000000 28520.000000 26640.000000 
25530.000000 28496.000000 26671.000000 
25615.000000 28497.000000 26642.000000 
25616.000000 28470.000000 26721.000000 
25521.000000 28480.000000 26692.000000 
25560.000000 28472.000000 26746.000000 
25608.000000 28478.000000 26702.000000 
25552.000000 28544.000000 26562.000000 
25583.000000 28551.000000 26520.000000 
25566.000000 28538.000000 26568.000000 
25436.000000 28670.000000 26281.000000 
25483.000000 28676.000000 26260.000000 
25500.000000 28661.000000 26250.000000 
25468.000000 28704.000000 26247.000000 
25420.000000 28675.000000 26282.000000 
25463.000000 28664.000000 26293.000000 
25435.000000 28671.000000 26274.000000 
25575.000000 28734.000000 26117.000000 
25547.000000 28733.000000 26168.000000 
25562.000000 28740.000000 26165.000000 
25657.000000 28777.000000 26064.000000 
25560.000000 28776.000000 26083.000000 
25620.000000 28775.000000 26090.000000 
25545.000000 28775.000000 26122.000000 
25588.000000 28777.000000 26067.000000 
25661.000000 28773.000000 26051.000000 
25698.000000 28770.000000 26026.000000 
25688.000000 28782.000000 26044.000000 
25712.000000 28782.000000 25978.000000 
25659.000000 28789.000000 25982.000000 
25711.000000 28779.000000 25982.000000 
25661.000000 28799.000000 25971.000000 
25710.000000 28796.000000 25960.000000 
25684.000000 28784.000000 26020.000000 
25729.000000 28777.000000 26009.000000 
25689.000000 28814.000000 25932.000000 
25761.000000 28809.000000 25910.000000 
25659.000000 28826.000000 25891.000000 
25723.000000 28812.000000 25891.000000 
25629.000000 28826.000000 25973.000000 
25760.000000 28810.000000 25884.000000 
25649.000000 28816.000000 25970.000000 
25688.000000 28839.000000 25858.000000 
25698.000000 28821.000000 25922.000000 
25810.000000 28822.000000 25825.000000 
25764.000000 28834.000000 25822.000000 
25754.000000 28830.000000 25839.000000 
25769.000000 28822.000000 25837.000000 
25836.000000 28818.000000 25796.000000 
25783.000000 28861.000000 25735.000000 
25716.000000 28870.000000 25749.000000 
25719.000000 28864.000000 25751.000000 
25741.000000 28871.000000 25721.000000 
25691.000000 28868.000000 25782.000000 
25737.000000 28861.000000 25737.000000 
25734.000000 28859.000000 25761.000000 
25721.000000 28881.000000 25724.000000 
25725.000000 28879.000000 25721.000000 
25745.000000 28885.000000 25704.000000 
25763.000000 28883.000000 25719.000000 
25712.000000 28907.000000 25773.000000 
25721.000000 28916.000000 25713.000000 
25705.000000 28913.000000 25723.000000 
25705.000000 28928.000000 25655.000000 
25746.000000 28910.000000 25697.000000 
25762.000000 28913.000000 25687.000000 
25717.000000 28953.000000 25553.000000 
25692.000000 28941.000000 25583.000000 
25716.000000 28951.000000 25579.000000 
25768.000000 28951.000000 25554.000000 
25663.000000 28962.000000 25555.000000 
25707.000000 28952.000000 25582.000000 
25744.000000 28949.000000 25578.000000 
25774.000000 28994.000000 25429.000000 
25747.000000 28992.000000 25431.000000 
25841.000000 28994.000000 25415.000000 
25765.000000 28997.000000 25424.000000 
25800.000000 28990.000000 25463.000000 
25796.000000 29002.000000 25311.000000 
25778.000000 28999.000000 25375.000000 
25756.000000 28999.000000 25378.000000 
25825.000000 29000.000000 25325.000000 
25790.000000 29000.000000 25362.000000 
25764.000000 29001.000000 25360.000000 
25810.000000 28996.000000 25393.000000 
25793.000000 29009.000000 25358.000000 
25693.000000 29041.000000 25287.000000 
25724.000000 29039.000000 25222.000000 
25718.000000 29034.000000 25311.000000 
25717.000000 29039.000000 25231.000000 
25750.000000 29038.000000 25277.000000 
25672.000000 29073.000000 25151.000000 
25766.000000 29056.000000 25182.000000 
25670.000000 29066.000000 25246.000000 
25636.000000 29075.000000 25193.000000 
25720.000000 29070.000000 25197.000000 
25709.000000 29056.000000 25214.000000 
25575.000000 29095.000000 25109.000000 
25657.000000 29102.000000 25103.000000 
25539.000000 29108.000000 25033.000000 
25591.000000 29105.000000 25053.000000 
25551.000000 29118.000000 25020.000000 
25608.000000 29124.000000 24893.000000 
25690.000000 29118.000000 24928.000000 
25621.000000 29116.000000 24974.000000 
25643.000000 29119.000000 24949.000000 
25730.000000 29121.000000 24861.000000 
25752.000000 29123.000000 24823.000000 
25709.000000 29131.000000 24880.000000 
25742.000000 29126.000000 24856.000000 
25662.000000 29151.000000 24755.000000 
25726.000000 29155.000000 24747.000000 
25642.000000 29160.000000 24724.000000 
25638.000000 29162.000000 24677.000000 
25657.000000 29163.000000 24663.000000 
25639.000000 29175.000000 24618.000000 
25639.000000 29172.000000 24668.000000 
25638.000000 29176.000000 24648.000000 
25635.000000 29188.000000 24668.000000 
25621.000000 29194.000000 24676.000000 
25730.000000 29208.000000 24557.000000 
25752.000000 29203.000000 24564.000000 
25736.000000 29206.000000 24555.000000 
25748.000000 29200.000000 24602.000000 
25709.000000 29217.000000 24567.000000 
25766.000000 29218.000000 24481.000000 
25667.000000 29240.000000 24469.000000 
25663.000000 29237.000000 24507.000000 
25695.000000 29227.000000 24615.000000 
25686.000000 29239.000000 24437.000000 
25728.000000 29233.000000 24543.000000 
26059.000000 24465.000000 29220.000000 
26118.000000 24356.000000 29265.000000 
26115.000000 24390.000000 29269.000000 
26118.000000 24232.000000 29271.000000 
26090.000000 24410.000000 29296.000000 
26096.000000 24190.000000 29295.000000 
26097.000000 24242.000000 29272.000000 
26111.000000 24440.000000 29269.000000 
26066.000000 24256.000000 29358.000000 
26028.000000 24219.000000 29359.000000 
26036.000000 24196.000000 29361.000000 
26078.000000 24143.000000 29362.000000 
26026.000000 24273.000000 29371.000000 
26085.000000 24306.000000 29355.000000 
26053.000000 24169.000000 29363.000000 
25998.000000 24160.000000 29414.000000 
26009.000000 24247.000000 29405.000000 
25998.000000 24202.000000 29409.000000 
25992.000000 24174.000000 29416.000000 
26017.000000 24098.000000 29464.000000 
26011.000000 24083.000000 29491.000000 
26011.000000 24116.000000 29489.000000 
25880.000000 24082.000000 29573.000000 
25863.000000 23833.000000 29608.000000 
25907.000000 24063.000000 29588.000000 
25917.000000 23995.000000 29593.000000 
25898.000000 23917.000000 29602.000000 
25991.000000 23986.000000 29576.000000 
25956.000000 23916.000000 29586.000000 
25924.000000 23940.000000 29587.000000 
25914.000000 23909.000000 29600.000000 
25975.000000 23894.000000 29593.000000 
25928.000000 23921.000000 29595.000000 
25954.000000 23906.000000 29592.000000 
25921.000000 24102.000000 29566.000000 
25841.000000 24162.000000 29565.000000 
25833.000000 24225.000000 29558.000000 
25865.000000 24149.000000 29559.000000 
25915.000000 24186.000000 29553.000000 
25946.000000 24210.000000 29545.000000 
25944.000000 24152.000000 29551.000000 
25902.000000 24197.000000 29556.000000 
25934.000000 24240.000000 29551.000000 
25903.000000 24271.000000 29554.000000 
25911.000000 24253.000000 29550.000000 
25909.000000 24259.000000 29547.000000 
25914.000000 24295.000000 29546.000000 
25938.000000 24242.000000 29545.000000 
25923.000000 24251.000000 29551.000000 
25972.000000 24427.000000 29520.000000 
25976.000000 24575.000000 29497.000000 
25909.000000 24686.000000 29542.000000 
25975.000000 24731.000000 29499.000000 
25988.000000 24695.000000 29491.000000 
25941.000000 24740.000000 29492.000000 
25941.000000 24701.000000 29501.000000 
25921.000000 24753.000000 29530.000000 
25940.000000 24685.000000 29537.000000 
25954.000000 24700.000000 29532.000000 
25959.000000 24682.000000 29543.000000 
25935.000000 24715.000000 29530.000000 
25965.000000 24698.000000 29532.000000 
25936.000000 24713.000000 29541.000000 
25967.000000 24692.000000 29532.000000 
25935.000000 24727.000000 29526.000000 
25923.000000 24735.000000 29533.000000 
25913.000000 24766.000000 29506.000000 
25895.000000 24780.000000 29512.000000 
25907.000000 24790.000000 29509.000000 
25940.000000 24792.000000 29505.000000 
25920.000000 24763.000000 29520.000000 
25906.000000 24767.000000 29512.000000 
25897.000000 24820.000000 29499.000000 
25836.000000 24900.000000 29505.000000 
25865.000000 24889.000000 29506.000000 
25873.000000 24875.000000 29504.000000 
25881.000000 24863.000000 29518.000000 
25889.000000 24867.000000 29514.000000 
25842.000000 24869.000000 29520.000000 
25855.000000 24890.000000 29503.000000 
25859.000000 24997.000000 29497.000000 
25947.000000 25016.000000 29479.000000 
25907.000000 24999.000000 29490.000000 
25899.000000 25052.000000 29481.000000 
25940.000000 25027.000000 29477.000000 
25930.000000 25018.000000 29479.000000 
25936.000000 25008.000000 29481.000000 
25943.000000 24991.000000 29490.000000 
25939.000000 25029.000000 29466.000000 
25925.000000 25029.000000 29475.000000 
25905.000000 25048.000000 29469.000000 
25909.000000 25068.000000 29464.000000 
25910.000000 25035.000000 29470.000000 
25934.000000 25043.000000 29468.000000 
25928.000000 25046.000000 29464.000000 
25894.000000 25065.000000 29466.000000 
25874.000000 25070.000000 29473.000000 
25965.000000 25111.000000 29435.000000 
25929.000000 25133.000000 29459.000000 
25950.000000 25118.000000 29436.000000 
25933.000000 25113.000000 29442.000000 
25942.000000 25128.000000 29436.000000 
25925.000000 25167.000000 29426.000000 
25973.000000 25118.000000 29434.000000 
25956.000000 25134.000000 29435.000000 
25953.000000 25161.000000 29417.000000 
25990.000000 25170.000000 29414.000000 
25956.000000 25148.000000 29415.000000 
25933.000000 25153.000000 29426.000000 
25980.000000 25226.000000 29401.000000 
25957.000000 25219.000000 29403.000000 
25994.000000 25207.000000 29404.000000 
25951.000000 25236.000000 29404.000000 
26004.000000 25195.000000 29399.000000 
25961.000000 25236.000000 29397.000000 
25983.000000 25221.000000 29392.000000 
25989.000000 25225.000000 29389.000000 
25925.000000 25262.000000 29396.000000 
25954.000000 25256.000000 29392.000000 
25969.000000 25248.000000 29392.000000 
25930.000000 25300.000000 29391.000000 
26005.000000 25319.000000 29329.000000 
25977.000000 25354.000000 29308.000000 
25994.000000 25321.000000 29319.000000 
25948.000000 25349.000000 29313.000000 
26001.000000 25328.000000 29312.000000 
25993.000000 25345.000000 29334.000000 
26012.000000 25355.000000 29300.000000 
25987.000000 25339.000000 29339.000000 
26036.000000 25460.000000 29281.000000 
26028.000000 25477.000000 29265.000000 
26024.000000 25485.000000 29249.000000 
26011.000000 25509.000000 29249.000000 
26055.000000 25453.000000 29280.000000 
26047.000000 25469.000000 29263.000000 
26021.000000 25492.000000 29259.000000 
26011.000000 25485.000000 29269.000000 
26082.000000 25561.000000 29211.000000 
26042.000000 25542.000000 29233.000000 
26050.000000 25555.000000 29212.000000 
26056.000000 25540.000000 29221.000000 
26048.000000 25543.000000 29225.000000 
26025.000000 25528.000000 29245.000000 
26058.000000 25715.000000 29171.000000 
26129.000000 25706.000000 29143.000000 
26098.000000 25709.000000 29157.000000 
26080.000000 25747.000000 29146.000000 
26096.000000 25734.000000 29151.000000 
26084.000000 25757.000000 29143.000000 
26086.000000 25803.000000 29109.000000 
26091.000000 25794.000000 29112.000000 
26070.000000 25784.000000 29140.000000 
26082.000000 25787.000000 29135.000000 
26120.000000 25784.000000 29120.000000 
26074.000000 25817.000000 29117.000000 
26097.000000 25792.000000 29118.000000 
26107.000000 25786.000000 29129.000000 
26085.000000 25802.000000 29110.000000 
26059.000000 25801.000000 29132.000000 
26069.000000 25824.000000 29125.000000 
26104.000000 25822.000000 29099.000000 
26051.000000 25826.000000 29111.000000 
26083.000000 25843.000000 29109.000000 
26046.000000 25931.000000 29072.000000 
26016.000000 25886.000000 29105.000000 
26066.000000 25869.000000 29086.000000 
26056.000000 25856.000000 29108.000000 
26095.000000 25865.000000 29104.000000 
26036.000000 25891.000000 29075.000000 
26038.000000 25881.000000 29094.000000 
26076.000000 25991.000000 29028.000000 
26077.000000 26002.000000 29020.000000 
26137.000000 25982.000000 29018.000000 
26070.000000 25980.000000 29031.000000 
26060.000000 25982.000000 29046.000000 
26070.000000 26009.000000 29010.000000 
26069.000000 26008.000000 29016.000000 
26053.000000 26048.000000 29007.000000 
26063.000000 26018.000000 29017.000000 
26087.000000 25995.000000 29024.000000 
25987.000000 26125.000000 29000.000000 
26013.000000 26103.000000 28971.000000 
26020.000000 26146.000000 28966.000000 
26035.000000 26082.000000 28976.000000 
26022.000000 26067.000000 29010.000000 
26044.000000 26078.000000 28984.000000 
26028.000000 26065.000000 29016.000000 
26004.000000 26092.000000 28985.000000 
26020.000000 26074.000000 29001.000000 
26025.000000 26150.000000 28951.000000 
25990.000000 26143.000000 28971.000000 
25980.000000 26149.000000 28962.000000 
26009.000000 26234.000000 28913.000000 
26002.000000 26204.000000 28934.000000 
26041.000000 26210.000000 28925.000000 
26060.000000 26216.000000 28922.000000 
26000.000000 26238.000000 28934.000000 
25999.000000 26206.000000 28960.000000 
26017.000000 26321.000000 28871.000000 
25976.000000 26330.000000 28864.000000 
25975.000000 26360.000000 28861.000000 
26026.000000 26307.000000 28872.000000 
26001.000000 26327.000000 28861.000000 
26030.000000 26303.000000 28855.000000 
26100.000000 26433.000000 28765.000000 
26057.000000 26453.000000 28748.000000 
26042.000000 26486.000000 28750.000000 
26060.000000 26437.000000 28769.000000 
26109.000000 26444.000000 28741.000000 
26092.000000 26439.000000 28747.000000 
26170.000000 26508.000000 28705.000000 
26146.000000 26500.000000 28710.000000 
26178.000000 26510.000000 28694.000000 
26154.000000 26504.000000 28706.000000 
26161.000000 26516.000000 28699.000000 
26139.000000 26509.000000 28704.000000 
26174.000000 26498.000000 28706.000000 
26158.000000 26496.000000 28736.000000 
26154.000000 26547.000000 28692.000000 
26167.000000 26536.000000 28690.000000 
26163.000000 26526.000000 28698.000000 
26169.000000 26528.000000 28696.000000 
26152.000000 26549.000000 28686.000000 
26213.000000 26542.000000 28675.000000 
26167.000000 26559.000000 28672.000000 
26130.000000 26537.000000 28716.000000 
26192.000000 26534.000000 28676.000000 
26125.000000 26579.000000 28665.000000 
26180.000000 26563.000000 28668.000000 
26144.000000 26551.000000 28692.000000 
26114.000000 26566.000000 28689.000000 
26121.000000 26559.000000 28682.000000 
26138.000000 26578.000000 28676.000000 
26159.000000 26597.000000 28651.000000 
26125.000000 26584.000000 28661.000000 
26145.000000 26571.000000 28680.000000 
26146.000000 26577.000000 28672.000000 
26117.000000 26651.000000 28632.000000 
26123.000000 26596.000000 28657.000000 
26144.000000 26605.000000 28626.000000 
26143.000000 26599.000000 28634.000000 
26126.000000 26616.000000 28613.000000 
26159.000000 26607.000000 28615.000000 
26136.000000 26769.000000 28509.000000 
26131.000000 26740.000000 28552.000000 
26157.000000 26728.000000 28527.000000 
26137.000000 26750.000000 28522.000000 
26118.000000 26763.000000 28522.000000 
26202.000000 26772.000000 28490.000000 
26135.000000 26761.000000 28513.000000 
26127.000000 26770.000000 28498.000000 
26151.000000 26753.000000 28502.000000 
26118.000000 26770.000000 28507.000000 
26173.000000 26767.000000 28497.000000 
26204.000000 26770.000000 28496.000000 
26141.000000 26756.000000 28508.000000 
26235.000000 26786.000000 28462.000000 
26230.000000 26790.000000 28450.000000 
26194.000000 26826.000000 28447.000000 
26250.000000 26783.000000 28452.000000 
26205.000000 26760.000000 28470.000000 
26216.000000 26764.000000 28463.000000 
26199.000000 26852.000000 28437.000000 
26206.000000 26851.000000 28401.000000 
26244.000000 26860.000000 28367.000000 
26222.000000 26865.000000 28366.000000 
26229.000000 26861.000000 28377.000000 
26256.000000 26861.000000 28360.000000 
26187.000000 26857.000000 28411.000000 
26228.000000 26854.000000 28396.000000 
26194.000000 26875.000000 28391.000000 
26212.000000 26861.000000 28394.000000 
26207.000000 26853.000000 28398.000000 
26204.000000 26859.000000 28405.000000 
26183.000000 26879.000000 28394.000000 
26255.000000 26914.000000 28333.000000 
26243.000000 26922.000000 28297.000000 
26242.000000 26926.000000 28270.000000 
26256.000000 26937.000000 28265.000000 
26215.000000 26920.000000 28324.000000 
26250.000000 26921.000000 28283.000000 
26222.000000 26924.000000 28284.000000 
26261.000000 26919.000000 28285.000000 
26244.000000 27010.000000 28218.000000 
26257.000000 26995.000000 28252.000000 
26222.000000 27010.000000 28222.000000 
26246.000000 26998.000000 28226.000000 
26255.000000 27007.000000 28202.000000 
26328.000000 27187.000000 28029.000000 
26265.000000 27169.000000 28073.000000 
26306.000000 27164.000000 28049.000000 
26317.000000 27194.000000 28008.000000 
26321.000000 27154.000000 28034.000000 
26313.000000 27153.000000 28073.000000 
26322.000000 27159.000000 28032.000000 
26436.000000 27279.000000 27895.000000 
26367.000000 27289.000000 27916.000000 
26391.000000 27286.000000 27915.000000 
26405.000000 27268.000000 27943.000000 
26374.000000 27270.000000 27924.000000 
26407.000000 27273.000000 27899.000000 
26396.000000 27277.000000 27921.000000 
26346.000000 27325.000000 27879.000000 
26373.000000 27323.000000 27887.000000 
26354.000000 27325.000000 27852.000000 
26392.000000 27318.000000 27886.000000 
26331.000000 27335.000000 27883.000000 
26352.000000 27325.000000 27863.000000 
26405.000000 27361.000000 27826.000000 
26371.000000 27342.000000 27851.000000 
26378.000000 27361.000000 27848.000000 
26383.000000 27380.000000 27823.000000 
26401.000000 27366.000000 27799.000000 
26436.000000 27379.000000 27794.000000 
26409.000000 27370.000000 27798.000000 
26391.000000 27375.000000 27796.000000 
26445.000000 27369.000000 27785.000000 
26381.000000 27473.000000 27657.000000 
26362.000000 27476.000000 27679.000000 
26354.000000 27480.000000 27659.000000 
26365.000000 27471.000000 27659.000000 
26344.000000 27490.000000 27703.000000 
26384.000000 27471.000000 27656.000000 
26353.000000 27530.000000 27628.000000 
26401.000000 27533.000000 27591.000000 
26347.000000 27549.000000 27589.000000 
26324.000000 27541.000000 27630.000000 
26387.000000 27535.000000 27582.000000 
26342.000000 27569.000000 27570.000000 
26341.000000 27578.000000 27559.000000 
26330.000000 27540.000000 27595.000000 
26372.000000 27530.000000 27625.000000 
26497.000000 27647.000000 27397.000000 
26430.000000 27630.000000 27445.000000 
26437.000000 27629.000000 27472.000000 
26495.000000 27642.000000 27399.000000 
26445.000000 27639.000000 27411.000000 
26458.000000 27634.000000 27419.000000 
26439.000000 27629.000000 27456.000000 
26482.000000 27657.000000 27384.000000 
26482.000000 27664.000000 27381.000000 
26566.000000 27648.000000 27384.000000 
26516.000000 27657.000000 27377.000000 
26477.000000 27653.000000 27403.000000 
26518.000000 27655.000000 27383.000000 
26490.000000 27758.000000 27262.000000 
26469.000000 27771.000000 27260.000000 
26555.000000 27756.000000 27221.000000 
26501.000000 27759.000000 27257.000000 
26479.000000 27751.000000 27288.000000 
26549.000000 27752.000000 27258.000000 
26587.000000 27752.000000 27246.000000 
26527.000000 27753.000000 27279.000000 
26599.000000 27746.000000 27236.000000 
26649.000000 27753.000000 27209.000000 
26600.000000 27740.000000 27242.000000 
26613.000000 27745.000000 27223.000000 
26589.000000 27748.000000 27225.000000 
26652.000000 27787.000000 27162.000000 
26686.000000 27768.000000 27208.000000 
26626.000000 27829.000000 27173.000000 
26675.000000 27831.000000 27100.000000 
26611.000000 27870.000000 27177.000000 
26629.000000 27873.000000 27159.000000 
26626.000000 27890.000000 27154.000000 
26649.000000 27885.000000 27146.000000 
26662.000000 27897.000000 27140.000000 
26621.000000 27886.000000 27173.000000 
26611.000000 27875.000000 27175.000000 
26624.000000 27874.000000 27159.000000 
26586.000000 27924.000000 27118.000000 
26596.000000 27936.000000 27116.000000 
26609.000000 27925.000000 27113.000000 
26667.000000 27913.000000 27118.000000 
26604.000000 27917.000000 27136.000000 
26645.000000 27922.000000 27116.000000 
26604.000000 27921.000000 27132.000000 
26621.000000 27931.000000 27108.000000 
26562.000000 28050.000000 27032.000000 
26582.000000 28041.000000 26971.000000 
26587.000000 28059.000000 26948.000000 
26602.000000 28036.000000 26961.000000 
26596.000000 28030.000000 26995.000000 
26613.000000 28048.000000 26942.000000 
26639.000000 28034.000000 26988.000000 
26632.000000 28080.000000 26929.000000 
26615.000000 28081.000000 26929.000000 
26650.000000 28099.000000 26900.000000 
26659.000000 28080.000000 26890.000000 
26669.000000 28076.000000 26918.000000 
26638.000000 28079.000000 26922.000000 
26616.000000 28101.000000 26892.000000 
26631.000000 28091.000000 26922.000000 
26659.000000 28180.000000 26766.000000 
26657.000000 28191.000000 26780.000000 
26694.000000 28164.000000 26765.000000 
26682.000000 28170.000000 26786.000000 
26663.000000 28172.000000 26737.000000 
26676.000000 28194.000000 26735.000000 
26606.000000 28279.000000 26605.000000 
26609.000000 28273.000000 26629.000000 
26602.000000 28290.000000 26628.000000 
26602.000000 28335.000000 26571.000000 
26564.000000 28309.000000 26592.000000 
26562.000000 28312.000000 26584.000000 
26598.000000 28309.000000 26579.000000 
26584.000000 28303.000000 26605.000000 
26553.000000 28315.000000 26628.000000 
26565.000000 28325.000000 26573.000000 
26662.000000 28348.000000 26492.000000 
26621.000000 28369.000000 26526.000000 
26639.000000 28364.000000 26514.000000 
26629.000000 28353.000000 26517.000000 
26677.000000 28365.000000 26489.000000 
26644.000000 28365.000000 26502.000000 
26649.000000 28358.000000 26501.000000 
26658.000000 28363.000000 26497.000000 
26636.000000 28380.000000 26499.000000 
26713.000000 28406.000000 26472.000000 
26635.000000 28445.000000 26447.000000 
26712.000000 28440.000000 26398.000000 
26664.000000 28449.000000 26400.000000 
26688.000000 28440.000000 26406.000000 
26714.000000 28431.000000 26418.000000 
26672.000000 28434.000000 26436.000000 
26653.000000 28452.000000 26434.000000 
26658.000000 28466.000000 26377.000000 
26670.000000 28441.000000 26391.000000 
26657.000000 28459.000000 26379.000000 
26677.000000 28464.000000 26366.000000 
26659.000000 28452.000000 26401.000000 
26685.000000 28460.000000 26359.000000 
26714.000000 28449.000000 26377.000000 
26664.000000 28455.000000 26375.000000 
26647.000000 28456.000000 26385.000000 
26771.000000 28458.000000 26321.000000 
26724.000000 28458.000000 26340.000000 
26734.000000 28452.000000 26327.000000 
26742.000000 28470.000000 26316.000000 
26691.000000 28483.000000 26290.000000 
26695.000000 28462.000000 26322.000000 
26752.000000 28471.000000 26287.000000 
26732.000000 28546.000000 26153.000000 
26682.000000 28553.000000 26160.000000 
26728.000000 28558.000000 26135.000000 
26686.000000 28556.000000 26148.000000 
26710.000000 28546.000000 26156.000000 
26693.000000 28557.000000 26139.000000 
26709.000000 28566.000000 26120.000000 
26747.000000 28575.000000 26072.000000 
26762.000000 28561.000000 26086.000000 
26739.000000 28563.000000 26112.000000 
26720.000000 28575.000000 26111.000000 
26734.000000 28583.000000 26086.000000 
26720.000000 28604.000000 26043.000000 
26663.000000 28604.000000 26068.000000 
26680.000000 28614.000000 26024.000000 
26696.000000 28601.000000 26069.000000 
26641.000000 28644.000000 25955.000000 
26719.000000 28620.000000 25962.000000 
26728.000000 28616.000000 25947.000000 
26664.000000 28622.000000 25988.000000 
26667.000000 28637.000000 25963.000000 
26683.000000 28631.000000 25966.000000 
26651.000000 28626.000000 26019.000000 
26661.000000 28643.000000 25897.000000 
26660.000000 28648.000000 25896.000000 
26658.000000 28649.000000 25904.000000 
26651.000000 28641.000000 25932.000000 
26635.000000 28638.000000 25965.000000 
26658.000000 28645.000000 25923.000000 
26664.000000 28657.000000 25876.000000 
26642.000000 28648.000000 25926.000000 
26650.000000 28661.000000 25902.000000 
26692.000000 28656.000000 25894.000000 
26632.000000 28654.000000 25909.000000 
26680.000000 28673.000000 25860.000000 
26802.000000 28680.000000 25745.000000 
26756.000000 28701.000000 25754.000000 
26801.000000 28682.000000 25774.000000 
26738.000000 28697.000000 25780.000000 
26751.000000 28681.000000 25816.000000 
26751.000000 28692.000000 25761.000000 
26784.000000 28700.000000 25749.000000 
26739.000000 28705.000000 25765.000000 
26730.000000 28702.000000 25799.000000 
26723.000000 28719.000000 25790.000000 
26765.000000 28717.000000 25743.000000 
26767.000000 28723.000000 25665.000000 
26790.000000 28723.000000 25646.000000 
26697.000000 28731.000000 25719.000000 
26730.000000 28723.000000 25734.000000 
26708.000000 28726.000000 25742.000000 
26718.000000 28745.000000 25685.000000 
26746.000000 28726.000000 25677.000000 
26707.000000 28730.000000 25713.000000 
26700.000000 28738.000000 25698.000000 
26710.000000 28746.000000 25655.000000 
26745.000000 28737.000000 25682.000000 
26749.000000 28745.000000 25648.000000 
26732.000000 28740.000000 25651.000000 
26751.000000 28753.000000 25624.000000 
26707.000000 28756.000000 25655.000000 
26726.000000 28741.000000 25654.000000 
26845.000000 28745.000000 25564.000000 
26782.000000 28753.000000 25587.000000 
26802.000000 28751.000000 25559.000000 
26794.000000 28752.000000 25642.000000 
26811.000000 28746.000000 25595.000000 
26880.000000 28756.000000 25523.000000 
26895.000000 28746.000000 25494.000000 
26876.000000 28745.000000 25527.000000 
26870.000000 28741.000000 25547.000000 
26882.000000 28747.000000 25501.000000 
26889.000000 28746.000000 25513.000000 
26943.000000 28746.000000 25446.000000 
26844.000000 28774.000000 25443.000000 
26881.000000 28762.000000 25460.000000 
26867.000000 28769.000000 25526.000000 
26893.000000 28761.000000 25495.000000 
26921.000000 28753.000000 25404.000000 
26896.000000 28754.000000 25444.000000 
26861.000000 28790.000000 25322.000000 
26894.000000 28755.000000 25345.000000 
26851.000000 28770.000000 25432.000000 
26898.000000 28784.000000 25196.000000 
26868.000000 28772.000000 25302.000000 
26885.000000 28774.000000 25277.000000 
26881.000000 28782.000000 25221.000000 
26835.000000 28773.000000 25453.000000 
26895.000000 28773.000000 25253.000000 
26858.000000 28794.000000 25133.000000 
26834.000000 28800.000000 25268.000000 
26873.000000 28793.000000 25292.000000 
26829.000000 28831.000000 24991.000000 
26871.000000 28814.000000 25092.000000 
26843.000000 28817.000000 25069.000000 
26881.000000 28815.000000 25063.000000 
26841.000000 28816.000000 25118.000000 
26800.000000 28844.000000 24973.000000 
26816.000000 28833.000000 24978.000000 
26832.000000 28836.000000 24918.000000 
26807.000000 28839.000000 24998.000000 
26811.000000 28853.000000 24927.000000 
26831.000000 28845.000000 24948.000000 
26789.000000 28855.000000 24907.000000 
26787.000000 28857.000000 24852.000000 
26803.000000 28860.000000 24842.000000 
26776.000000 28860.000000 25018.000000 
26781.000000 28855.000000 24923.000000 
26824.000000 28868.000000 24718.000000 
26777.000000 28872.000000 24742.000000 
26797.000000 28871.000000 24791.000000 
26828.000000 28859.000000 24768.000000 
26784.000000 28871.000000 24795.000000 
26767.000000 28885.000000 24687.000000 
26750.000000 28910.000000 24715.000000 
26726.000000 28904.000000 24740.000000 
26731.000000 28918.000000 24683.000000 
26753.000000 28899.000000 24692.000000 
26705.000000 28918.000000 24684.000000 
26702.000000 28935.000000 24552.000000 
26713.000000 28921.000000 24683.000000 
26755.000000 28917.000000 24619.000000 
26745.000000 28929.000000 24632.000000 
26799.000000 28926.000000 24590.000000 
26760.000000 28935.000000 24529.000000 
26787.000000 28916.000000 24645.000000 
26787.000000 28922.000000 24609.000000 
26733.000000 28916.000000 24665.000000 
27077.000000 26115.000000 27772.000000 
27096.000000 26128.000000 27764.000000 
27132.000000 26144.000000 27762.000000 
27129.000000 26059.000000 27780.000000 
27131.000000 26047.000000 27788.000000 
27117.000000 26106.000000 27772.000000 
27203.000000 25910.000000 27885.000000 
27237.000000 25866.000000 27882.000000 
27224.000000 25895.000000 27903.000000 
27252.000000 25831.000000 27887.000000 
27230.000000 25890.000000 27888.000000 
27207.000000 25651.000000 28115.000000 
27237.000000 25752.000000 28078.000000 
27278.000000 25584.000000 28094.000000 
27242.000000 25631.000000 28122.000000 
27266.000000 25659.000000 28092.000000 
27254.000000 25673.000000 28085.000000 
27174.000000 25373.000000 28261.000000 
27203.000000 25519.000000 28244.000000 
27167.000000 25305.000000 28301.000000 
27187.000000 25321.000000 28266.000000 
27178.000000 25366.000000 28253.000000 
27225.000000 25271.000000 28238.000000 
27067.000000 24664.000000 28764.000000 
27088.000000 24595.000000 28763.000000 
27074.000000 24613.000000 28761.000000 
27079.000000 24549.000000 28898.000000 
27085.000000 24513.000000 28910.000000 
27090.000000 24535.000000 28901.000000 
27105.000000 24583.000000 28894.000000 
27103.000000 24487.000000 28915.000000 
27094.000000 24510.000000 28915.000000 
27104.000000 24440.000000 28913.000000 
27117.000000 24524.000000 28908.000000 
27075.000000 24534.000000 28940.000000 
27106.000000 24424.000000 28936.000000 
27065.000000 24532.000000 28992.000000 
27086.000000 24500.000000 28993.000000 
26999.000000 24596.000000 29024.000000 
27060.000000 24591.000000 29047.000000 
27013.000000 24592.000000 29068.000000 
27006.000000 24522.000000 29078.000000 
26998.000000 24555.000000 29079.000000 
27042.000000 24570.000000 29070.000000 
27007.000000 24492.000000 29072.000000 
27004.000000 24521.000000 29086.000000 
27002.000000 24539.000000 29080.000000 
27017.000000 24476.000000 29104.000000 
27003.000000 24538.000000 29101.000000 
26987.000000 24489.000000 29107.000000 
26984.000000 24439.000000 29141.000000 
26985.000000 24553.000000 29110.000000 
27024.000000 24462.000000 29107.000000 
27029.000000 24470.000000 29105.000000 
26968.000000 24372.000000 29157.000000 
26955.000000 24433.000000 29157.000000 
26948.000000 24411.000000 29161.000000 
26948.000000 24440.000000 29158.000000 
26941.000000 24446.000000 29183.000000 
26939.000000 24453.000000 29164.000000 
26961.000000 24408.000000 29172.000000 
26936.000000 24488.000000 29162.000000 
26946.000000 24447.000000 29162.000000 
26944.000000 24451.000000 29171.000000 
26944.000000 24411.000000 29175.000000 
26939.000000 24427.000000 29213.000000 
26907.000000 24450.000000 29217.000000 
26910.000000 24489.000000 29211.000000 
26942.000000 24413.000000 29212.000000 
26933.000000 24458.000000 29200.000000 
26927.000000 24545.000000 29209.000000 
26904.000000 24558.000000 29198.000000 
26924.000000 24652.000000 29184.000000 
26909.000000 24594.000000 29188.000000 
26891.000000 24567.000000 29200.000000 
26901.000000 24635.000000 29188.000000 
26927.000000 24605.000000 29181.000000 
26916.000000 24587.000000 29187.000000 
26901.000000 24710.000000 29168.000000 
26923.000000 24695.000000 29159.000000 
26906.000000 24707.000000 29183.000000 
26921.000000 24720.000000 29167.000000 
26909.000000 24691.000000 29169.000000 
26901.000000 24729.000000 29166.000000 
26937.000000 24694.000000 29159.000000 
26878.000000 24740.000000 29171.000000 
26872.000000 24756.000000 29167.000000 
26915.000000 24782.000000 29163.000000 
26860.000000 24783.000000 29147.000000 
26868.000000 24826.000000 29132.000000 
26859.000000 24805.000000 29143.000000 
26861.000000 24879.000000 29103.000000 
26848.000000 24918.000000 29119.000000 
26881.000000 24875.000000 29114.000000 
26863.000000 24877.000000 29127.000000 
26861.000000 24947.000000 29101.000000 
26854.000000 24972.000000 29095.000000 
26847.000000 24950.000000 29099.000000 
26846.000000 24959.000000 29100.000000 
26878.000000 24944.000000 29098.000000 
26827.000000 25017.000000 29097.000000 
26867.000000 24949.000000 29091.000000 
26841.000000 24988.000000 29079.000000 
26853.000000 25006.000000 29075.000000 
26855.000000 25002.000000 29071.000000 
26825.000000 25023.000000 29092.000000 
26834.000000 24994.000000 29079.000000 
26838.000000 24990.000000 29079.000000 
26858.000000 25047.000000 29044.000000 
26854.000000 25045.000000 29046.000000 
26841.000000 25089.000000 29051.000000 
26873.000000 25070.000000 29042.000000 
26848.000000 25066.000000 29060.000000 
26855.000000 25197.000000 28996.000000 
26859.000000 25147.000000 29006.000000 
26830.000000 25164.000000 29028.000000 
26847.000000 25172.000000 29007.000000 
26882.000000 25180.000000 28997.000000 
26874.000000 25184.000000 28998.000000 
26853.000000 25148.000000 29019.000000 
26895.000000 25265.000000 28958.000000 
26912.000000 25283.000000 28943.000000 
26896.000000 25261.000000 28966.000000 
26933.000000 25252.000000 28947.000000 
26920.000000 25274.000000 28945.000000 
26925.000000 25271.000000 28955.000000 
26938.000000 25244.000000 28966.000000 
26907.000000 25261.000000 28959.000000 
26941.000000 25428.000000 28910.000000 
26891.000000 25427.000000 28916.000000 
26936.000000 25457.000000 28908.000000 
26913.000000 25488.000000 28886.000000 
26899.000000 25447.000000 28909.000000 
26887.000000 25473.000000 28889.000000 
26890.000000 25433.000000 28926.000000 
26924.000000 25530.000000 28855.000000 
26897.000000 25519.000000 28885.000000 
26922.000000 25534.000000 28863.000000 
26922.000000 25547.000000 28862.000000 
26936.000000 25516.000000 28866.000000 
26891.000000 25523.000000 28882.000000 
26901.000000 25588.000000 28844.000000 
26918.000000 25513.000000 28867.000000 
26905.000000 25564.000000 28872.000000 
26897.000000 25566.000000 28846.000000 
27009.000000 25575.000000 28825.000000 
26995.000000 25610.000000 28820.000000 
26986.000000 25582.000000 28843.000000 
26973.000000 25586.000000 28821.000000 
26996.000000 25608.000000 28813.000000 
27001.000000 25625.000000 28801.000000 
27014.000000 25634.000000 28787.000000 
27002.000000 25663.000000 28790.000000 
27038.000000 25647.000000 28770.000000 
27051.000000 25611.000000 28807.000000 
26986.000000 25670.000000 28795.000000 
27016.000000 25627.000000 28771.000000 
27063.000000 25606.000000 28785.000000 
27011.000000 25654.000000 28779.000000 
27030.000000 25676.000000 28768.000000 
27035.000000 25682.000000 28754.000000 
27059.000000 25652.000000 28760.000000 
27055.000000 25662.000000 28754.000000 
27052.000000 25668.000000 28761.000000 
27031.000000 25654.000000 28765.000000 
27025.000000 25708.000000 28760.000000 
27021.000000 25717.000000 28755.000000 
27051.000000 25674.000000 28758.000000 
27037.000000 25698.000000 28742.000000 
27004.000000 25712.000000 28756.000000 
27005.000000 25720.000000 28746.000000 
27015.000000 25727.000000 28739.000000 
26994.000000 25769.000000 28742.000000 
27044.000000 25710.000000 28740.000000 
27054.000000 25717.000000 28738.000000 
27068.000000 25814.000000 28689.000000 
27139.000000 25824.000000 28661.000000 
27132.000000 25801.000000 28702.000000 
27119.000000 25804.000000 28714.000000 
27112.000000 25793.000000 28729.000000 
27107.000000 25807.000000 28687.000000 
27100.000000 25811.000000 28690.000000 
27133.000000 25831.000000 28678.000000 
27088.000000 25854.000000 28680.000000 
27042.000000 25970.000000 28665.000000 
27054.000000 25962.000000 28653.000000 
27025.000000 25983.000000 28664.000000 
27025.000000 25997.000000 28656.000000 
27063.000000 25973.000000 28641.000000 
27023.000000 25965.000000 28666.000000 
27057.000000 25957.000000 28646.000000 
27052.000000 25970.000000 28653.000000 
27035.000000 25977.000000 28640.000000 
27075.000000 25950.000000 28654.000000 
27021.000000 26054.000000 28629.000000 
27028.000000 26019.000000 28642.000000 
27022.000000 26024.000000 28624.000000 
27017.000000 26016.000000 28643.000000 
27014.000000 26040.000000 28634.000000 
27031.000000 26019.000000 28614.000000 
26997.000000 26100.000000 28638.000000 
27009.000000 26077.000000 28625.000000 
27020.000000 26065.000000 28605.000000 
27023.000000 26056.000000 28622.000000 
27011.000000 26075.000000 28609.000000 
26985.000000 26162.000000 28591.000000 
27014.000000 26184.000000 28557.000000 
27015.000000 26179.000000 28556.000000 
26996.000000 26175.000000 28587.000000 
26998.000000 26152.000000 28615.000000 
26998.000000 26155.000000 28585.000000 
26994.000000 26174.000000 28590.000000 
26997.000000 26187.000000 28565.000000 
26990.000000 26203.000000 28572.000000 
26973.000000 26184.000000 28598.000000 
26993.000000 26191.000000 28586.000000 
26973.000000 26166.000000 28600.000000 
26977.000000 26165.000000 28593.000000 
26969.000000 26198.000000 28575.000000 
26984.000000 26254.000000 28557.000000 
26975.000000 26268.000000 28540.000000 
26974.000000 26269.000000 28526.000000 
26983.000000 26281.000000 28523.000000 
26981.000000 26289.000000 28475.000000 
27018.000000 26248.000000 28468.000000 
26957.000000 26305.000000 28452.000000 
26962.000000 26307.000000 28449.000000 
26933.000000 26307.000000 28470.000000 
26936.000000 26310.000000 28468.000000 
26948.000000 26301.000000 28465.000000 
26952.000000 26308.000000 28448.000000 
26992.000000 26347.000000 28418.000000 
26951.000000 26333.000000 28459.000000 
26968.000000 26339.000000 28434.000000 
26951.000000 26369.000000 28403.000000 
26961.000000 26341.000000 28423.000000 
26940.000000 26369.000000 28454.000000 
26955.000000 26347.000000 28436.000000 
26958.000000 26341.000000 28429.000000 
26941.000000 26455.000000 28387.000000 
26953.000000 26427.000000 28372.000000 
26946.000000 26423.000000 28403.000000 
26936.000000 26461.000000 28354.000000 
26962.000000 26426.000000 28389.000000 
27002.000000 26423.000000 28363.000000 
26935.000000 26474.000000 28347.000000 
26914.000000 26483.000000 28395.000000 
26959.000000 26451.000000 28361.000000 
26933.000000 26464.000000 28372.000000 
26930.000000 26484.000000 28366.000000 
26933.000000 26450.000000 28400.000000 
26941.000000 26649.000000 28256.000000 
26959.000000 26634.000000 28250.000000 
26952.000000 26632.000000 28253.000000 
26944.000000 26636.000000 28265.000000 
26956.000000 26655.000000 28237.000000 
26986.000000 26651.000000 28241.000000 
26989.000000 26660.000000 28229.000000 
26990.000000 26647.000000 28236.000000 
27022.000000 26671.000000 28211.000000 
27010.000000 26657.000000 28213.000000 
27023.000000 26653.000000 28209.000000 
27009.000000 26649.000000 28215.000000 
26992.000000 26648.000000 28233.000000 
26994.000000 26688.000000 28222.000000 
27010.000000 26675.000000 28168.000000 
26998.000000 26677.000000 28165.000000 
26995.000000 26672.000000 28174.000000 
26958.000000 26907.000000 27924.000000 
27014.000000 26858.000000 27919.000000 
26991.000000 26863.000000 27951.000000 
26993.000000 26863.000000 27936.000000 
27033.000000 26857.000000 27906.000000 
27003.000000 26864.000000 27908.000000 
26959.000000 26924.000000 27897.000000 
26981.000000 26974.000000 27827.000000 
26974.000000 26986.000000 27795.000000 
27009.000000 26968.000000 27779.000000 
27003.000000 26968.000000 27803.000000 
27010.000000 26964.000000 27787.000000 
26987.000000 26975.000000 27796.000000 
26988.000000 26973.000000 27795.000000 
26977.000000 26975.000000 27803.000000 
27060.000000 27042.000000 27700.000000 
26989.000000 27102.000000 27705.000000 
27002.000000 27043.000000 27707.000000 
27027.000000 27051.000000 27680.000000 
26997.000000 27047.000000 27734.000000 
27010.000000 27051.000000 27686.000000 
27041.000000 27034.000000 27711.000000 
27007.000000 27039.000000 27728.000000 
27076.000000 27029.000000 27697.000000 
27242.000000 27150.000000 27487.000000 
27158.000000 27133.000000 27539.000000 
27215.000000 27142.000000 27489.000000 
27144.000000 27173.000000 27483.000000 
27194.000000 27137.000000 27501.000000 
27164.000000 27158.000000 27468.000000 
27274.000000 27223.000000 27394.000000 
27263.000000 27243.000000 27347.000000 
27284.000000 27211.000000 27379.000000 
27276.000000 27238.000000 27382.000000 
27335.000000 27221.000000 27336.000000 
27282.000000 27242.000000 27361.000000 
27316.000000 27235.000000 27339.000000 
27293.000000 27249.000000 27337.000000 
27341.000000 27246.000000 27330.000000 
27327.000000 27230.000000 27361.000000 
27305.000000 27229.000000 27368.000000 
27313.000000 27289.000000 27290.000000 
27352.000000 27275.000000 27322.000000 
27342.000000 27300.000000 27287.000000 
27327.000000 27264.000000 27331.000000 
27307.000000 27395.000000 27200.000000 
27339.000000 27355.000000 27198.000000 
27338.000000 27368.000000 27186.000000 
27354.000000 27358.000000 27162.000000 
27322.000000 27367.000000 27195.000000 
27340.000000 27351.000000 27231.000000 
27317.000000 27359.000000 27202.000000 
27291.000000 27420.000000 27169.000000 
27311.000000 27406.000000 27173.000000 
27320.000000 27395.000000 27182.000000 
27313.000000 27384.000000 27206.000000 
27303.000000 27387.000000 27206.000000 
27313.000000 27404.000000 27173.000000 
27301.000000 27391.000000 27206.000000 
27373.000000 27466.000000 27090.000000 
27347.000000 27449.000000 27119.000000 
27357.000000 27450.000000 27096.000000 
27414.000000 27479.000000 27054.000000 
27336.000000 27489.000000 27097.000000 
27330.000000 27490.000000 27084.000000 
27390.000000 27481.000000 27036.000000 
27344.000000 27478.000000 27085.000000 
27365.000000 27486.000000 27064.000000 
27343.000000 27545.000000 26980.000000 
27349.000000 27572.000000 26966.000000 
27332.000000 27546.000000 26987.000000 
27331.000000 27573.000000 26967.000000 
27356.000000 27542.000000 26989.000000 
27325.000000 27553.000000 26970.000000 
27389.000000 27629.000000 26899.000000 
27353.000000 27619.000000 26940.000000 
27391.000000 27612.000000 26903.000000 
27363.000000 27667.000000 26928.000000 
27389.000000 27623.000000 26918.000000 
27356.000000 27697.000000 26899.000000 
27327.000000 27701.000000 26867.000000 
27375.000000 27704.000000 26844.000000 
27366.000000 27689.000000 26910.000000 
27348.000000 27706.000000 26856.000000 
27320.000000 27713.000000 26860.000000 
27346.000000 27701.000000 26864.000000 
27326.000000 27705.000000 26896.000000 
27342.000000 27722.000000 26858.000000 
27339.000000 27699.000000 26886.000000 
27336.000000 27724.000000 26804.000000 
27353.000000 27737.000000 26788.000000 
27300.000000 27758.000000 26760.000000 
27320.000000 27749.000000 26782.000000 
27313.000000 27740.000000 26808.000000 
27298.000000 27750.000000 26770.000000 
27327.000000 27746.000000 26785.000000 
27372.000000 27738.000000 26755.000000 
27346.000000 27741.000000 26799.000000 
27408.000000 27730.000000 26767.000000 
27388.000000 27737.000000 26762.000000 
27357.000000 27742.000000 26783.000000 
27361.000000 27760.000000 26750.000000 
27486.000000 27733.000000 26709.000000 
27471.000000 27733.000000 26736.000000 
27454.000000 27745.000000 26692.000000 
27473.000000 27744.000000 26699.000000 
27454.000000 27744.000000 26709.000000 
27438.000000 27766.000000 26674.000000 
27457.000000 27766.000000 26666.000000 
27462.000000 27826.000000 26627.000000 
27440.000000 27767.000000 26648.000000 
27484.000000 27757.000000 26675.000000 
27421.000000 27878.000000 26550.000000 
27418.000000 27930.000000 26491.000000 
27447.000000 27902.000000 26541.000000 
27464.000000 27867.000000 26582.000000 
27539.000000 27932.000000 26454.000000 
27469.000000 27962.000000 26457.000000 
27504.000000 27952.000000 26458.000000 
27487.000000 27955.000000 26473.000000 
27482.000000 27959.000000 26462.000000 
27485.000000 27974.000000 26437.000000 
27497.000000 27957.000000 26454.000000 
27504.000000 27978.000000 26428.000000 
27507.000000 27956.000000 26449.000000 
27481.000000 27969.000000 26450.000000 
27485.000000 27978.000000 26431.000000 
27491.000000 27960.000000 26450.000000 
27516.000000 27951.000000 26490.000000 
27555.000000 27959.000000 26425.000000 
27557.000000 27963.000000 26398.000000 
27575.000000 27961.000000 26408.000000 
27549.000000 27963.000000 26406.000000 
27555.000000 27969.000000 26393.000000 
27547.000000 27962.000000 26409.000000 
27545.000000 27964.000000 26434.000000 
27557.000000 27960.000000 26422.000000 
27601.000000 27957.000000 26396.000000 
27606.000000 27953.000000 26378.000000 
27578.000000 27975.000000 26391.000000 
27567.000000 27965.000000 26393.000000 
27598.000000 27955.000000 26403.000000 
27546.000000 27986.000000 26374.000000 
27556.000000 27994.000000 26352.000000 
27560.000000 28002.000000 26347.000000 
27563.000000 28007.000000 26344.000000 
27560.000000 28010.000000 26240.000000 
27558.000000 28040.000000 26253.000000 
27566.000000 28002.000000 26303.000000 
27541.000000 28018.000000 26298.000000 
27566.000000 28042.000000 26210.000000 
27552.000000 28046.000000 26218.000000 
27557.000000 28050.000000 26180.000000 
27542.000000 28048.000000 26181.000000 
27537.000000 28057.000000 26229.000000 
27540.000000 28050.000000 26195.000000 
27538.000000 28063.000000 26167.000000 
27509.000000 28069.000000 26105.000000 
27581.000000 28050.000000 26112.000000 
27500.000000 28063.000000 26182.000000 
27492.000000 28076.000000 26067.000000 
27518.000000 28084.000000 26061.000000 
27546.000000 28047.000000 26251.000000 
27528.000000 28099.000000 25986.000000 
27562.000000 28095.000000 25941.000000 
27538.000000 28085.000000 25993.000000 
27599.000000 28078.000000 26015.000000 
27530.000000 28094.000000 26051.000000 
27563.000000 28082.000000 26061.000000 
27595.000000 28074.000000 26017.000000 
27577.000000 28135.000000 25869.000000 
27569.000000 28126.000000 25905.000000 
27556.000000 28127.000000 25913.000000 
27582.000000 28119.000000 25907.000000 
27594.000000 28163.000000 25813.000000 
27554.000000 28198.000000 25831.000000 
27576.000000 28167.000000 25795.000000 
27569.000000 28172.000000 25827.000000 
27559.000000 28169.000000 25853.000000 
27561.000000 28173.000000 25827.000000 
27573.000000 28168.000000 25829.000000 
27478.000000 28267.000000 25843.000000 
27490.000000 28241.000000 25839.000000 
27509.000000 28255.000000 25820.000000 
27461.000000 28268.000000 25841.000000 
27465.000000 28280.000000 25750.000000 
27475.000000 28274.000000 25738.000000 
27460.000000 28291.000000 25723.000000 
27457.000000 28288.000000 25725.000000 
27453.000000 28290.000000 25732.000000 
27497.000000 28272.000000 25815.000000 
27494.000000 28275.000000 25728.000000 
27448.000000 28303.000000 25667.000000 
27488.000000 28299.000000 25644.000000 
27431.000000 28307.000000 25642.000000 
27530.000000 28332.000000 25443.000000 
27565.000000 28326.000000 25455.000000 
27502.000000 28348.000000 25495.000000 
27555.000000 28330.000000 25491.000000 
27522.000000 28342.000000 25481.000000 
27541.000000 28367.000000 25335.000000 
27520.000000 28353.000000 25340.000000 
27501.000000 28377.000000 25272.000000 
27522.000000 28356.000000 25339.000000 
27513.000000 28364.000000 25465.000000 
27502.000000 28376.000000 25274.000000 
27517.000000 28353.000000 25360.000000 
27491.000000 28390.000000 25254.000000 
27540.000000 28368.000000 25234.000000 
27590.000000 28394.000000 25214.000000 
27576.000000 28403.000000 25218.000000 
27657.000000 28397.000000 25130.000000 
27649.000000 28404.000000 25114.000000 
27639.000000 28430.000000 25196.000000 
27604.000000 28431.000000 25206.000000 
27588.000000 28427.000000 25215.000000 
27627.000000 28435.000000 25082.000000 
27603.000000 28438.000000 25202.000000 
27617.000000 28444.000000 25138.000000 
27624.000000 28450.000000 25069.000000 
27589.000000 28461.000000 25155.000000 
27566.000000 28470.000000 25157.000000 
27604.000000 28452.000000 25160.000000 
27569.000000 28457.000000 25175.000000 
27607.000000 28456.000000 25089.000000 
27582.000000 28468.000000 25120.000000 
27584.000000 28466.000000 25135.000000 
27570.000000 28481.000000 25103.000000 
27593.000000 28490.000000 25074.000000 
27591.000000 28463.000000 25086.000000 
27599.000000 28462.000000 25109.000000 
27555.000000 28497.000000 25056.000000 
27565.000000 28495.000000 25059.000000 
