23491.000000 23025.000000 30328.000000 
23540.000000 22865.000000 30329.000000 
23579.000000 22859.000000 30319.000000 
23591.000000 22912.000000 30318.000000 
23555.000000 23015.000000 30321.000000 
23465.000000 22868.000000 30335.000000 
23499.000000 22905.000000 30332.000000 
23486.000000 22910.000000 30332.000000 
23553.000000 22793.000000 30337.000000 
23457.000000 22895.000000 30334.000000 
23521.000000 22954.000000 30325.000000 
23505.000000 22877.000000 30326.000000 
23552.000000 22947.000000 30324.000000 
23537.000000 22902.000000 30325.000000 
23495.000000 23011.000000 30324.000000 
23533.000000 23099.000000 30316.000000 
23553.000000 23084.000000 30319.000000 
23614.000000 23156.000000 30307.000000 
23640.000000 23132.000000 30314.000000 
23489.000000 23168.000000 30321.000000 
23455.000000 23170.000000 30326.000000 
23520.000000 23136.000000 30318.000000 
23552.000000 23153.000000 30314.000000 
23560.000000 23189.000000 30311.000000 
23458.000000 23182.000000 30317.000000 
23540.000000 23349.000000 30312.000000 
23612.000000 23303.000000 30307.000000 
23536.000000 23458.000000 30315.000000 
23572.000000 23479.000000 30297.000000 
23636.000000 23436.000000 30301.000000 
23627.000000 23476.000000 30294.000000 
23444.000000 23546.000000 30296.000000 
23530.000000 23525.000000 30305.000000 
23422.000000 23610.000000 30274.000000 
23376.000000 23597.000000 30286.000000 
23512.000000 23670.000000 30266.000000 
23454.000000 23596.000000 30280.000000 
23377.000000 23633.000000 30276.000000 
23426.000000 23604.000000 30269.000000 
23523.000000 23660.000000 30264.000000 
23411.000000 23620.000000 30273.000000 
23566.000000 23740.000000 30260.000000 
23592.000000 23765.000000 30258.000000 
23701.000000 23811.000000 30253.000000 
23728.000000 23829.000000 30237.000000 
23721.000000 23842.000000 30239.000000 
23739.000000 23813.000000 30241.000000 
23745.000000 23808.000000 30245.000000 
23739.000000 23853.000000 30236.000000 
23759.000000 24007.000000 30164.000000 
23679.000000 23957.000000 30187.000000 
23833.000000 24003.000000 30173.000000 
23762.000000 23931.000000 30186.000000 
23780.000000 23977.000000 30175.000000 
23753.000000 23943.000000 30180.000000 
23897.000000 24107.000000 30136.000000 
23766.000000 24076.000000 30160.000000 
23899.000000 24080.000000 30150.000000 
23897.000000 24083.000000 30137.000000 
23887.000000 24127.000000 30142.000000 
23919.000000 24101.000000 30134.000000 
23894.000000 24115.000000 30137.000000 
23861.000000 24110.000000 30147.000000 
23817.000000 24249.000000 30075.000000 
23858.000000 24275.000000 30061.000000 
23852.000000 24243.000000 30080.000000 
23806.000000 24233.000000 30084.000000 
24005.000000 24394.000000 30008.000000 
23975.000000 24412.000000 30020.000000 
23967.000000 24399.000000 30023.000000 
23970.000000 24425.000000 30015.000000 
24032.000000 24498.000000 29990.000000 
24007.000000 24542.000000 29988.000000 
23960.000000 24479.000000 29997.000000 
24074.000000 24493.000000 29984.000000 
24027.000000 24498.000000 29992.000000 
24060.000000 24482.000000 29985.000000 
24004.000000 24489.000000 29996.000000 
24210.000000 24654.000000 29941.000000 
24108.000000 24601.000000 29962.000000 
24193.000000 24603.000000 29946.000000 
24191.000000 24652.000000 29959.000000 
24158.000000 24591.000000 29971.000000 
24178.000000 24596.000000 29969.000000 
24220.000000 24752.000000 29905.000000 
24348.000000 24818.000000 29886.000000 
24220.000000 24788.000000 29888.000000 
24253.000000 24760.000000 29904.000000 
24248.000000 24745.000000 29908.000000 
23976.000000 24900.000000 29857.000000 
24079.000000 24935.000000 29852.000000 
24120.000000 24889.000000 29851.000000 
24147.000000 24877.000000 29857.000000 
24157.000000 24874.000000 29850.000000 
24111.000000 24986.000000 29813.000000 
24110.000000 24986.000000 29816.000000 
23959.000000 25009.000000 29832.000000 
24058.000000 24998.000000 29815.000000 
24130.000000 24997.000000 29808.000000 
24005.000000 24981.000000 29833.000000 
23990.000000 25033.000000 29810.000000 
24022.000000 25083.000000 29802.000000 
24007.000000 25123.000000 29800.000000 
23989.000000 25075.000000 29819.000000 
24034.000000 25084.000000 29800.000000 
24054.000000 25122.000000 29779.000000 
23873.000000 25147.000000 29772.000000 
24057.000000 25112.000000 29793.000000 
23981.000000 25140.000000 29771.000000 
23950.000000 25141.000000 29780.000000 
24108.000000 25171.000000 29770.000000 
23978.000000 25193.000000 29757.000000 
24075.000000 25206.000000 29754.000000 
24064.000000 25224.000000 29745.000000 
24067.000000 25239.000000 29739.000000 
24048.000000 25221.000000 29756.000000 
24107.000000 25200.000000 29752.000000 
24141.000000 25213.000000 29742.000000 
24124.000000 25223.000000 29749.000000 
24107.000000 25230.000000 29741.000000 
24059.000000 25242.000000 29737.000000 
24102.000000 25233.000000 29736.000000 
24155.000000 25240.000000 29724.000000 
24103.000000 25253.000000 29734.000000 
24065.000000 25279.000000 29721.000000 
24028.000000 25268.000000 29727.000000 
23964.000000 25266.000000 29730.000000 
24065.000000 25267.000000 29728.000000 
24114.000000 25271.000000 29717.000000 
24070.000000 25266.000000 29720.000000 
24097.000000 25324.000000 29675.000000 
24090.000000 25329.000000 29673.000000 
24120.000000 25296.000000 29682.000000 
24122.000000 25294.000000 29689.000000 
24104.000000 25319.000000 29677.000000 
24096.000000 25313.000000 29687.000000 
24074.000000 25299.000000 29702.000000 
24109.000000 25297.000000 29704.000000 
24116.000000 25557.000000 29575.000000 
24212.000000 25519.000000 29593.000000 
24158.000000 25546.000000 29595.000000 
24155.000000 25566.000000 29568.000000 
24170.000000 25560.000000 29565.000000 
24180.000000 25509.000000 29603.000000 
24165.000000 25529.000000 29570.000000 
23996.000000 25615.000000 29537.000000 
24043.000000 25605.000000 29540.000000 
24039.000000 25610.000000 29525.000000 
24072.000000 25598.000000 29535.000000 
24047.000000 25605.000000 29525.000000 
24017.000000 25613.000000 29530.000000 
24059.000000 25618.000000 29524.000000 
24017.000000 25623.000000 29519.000000 
24006.000000 25623.000000 29520.000000 
24007.000000 25609.000000 29542.000000 
23976.000000 25625.000000 29520.000000 
24014.000000 25722.000000 29450.000000 
24198.000000 25695.000000 29479.000000 
24016.000000 25704.000000 29470.000000 
24083.000000 25713.000000 29451.000000 
24147.000000 25702.000000 29457.000000 
24061.000000 25732.000000 29434.000000 
23997.000000 25902.000000 29325.000000 
24066.000000 25860.000000 29348.000000 
24060.000000 25872.000000 29372.000000 
24003.000000 25886.000000 29369.000000 
24055.000000 25889.000000 29331.000000 
24007.000000 25888.000000 29337.000000 
24164.000000 25983.000000 29285.000000 
24152.000000 25974.000000 29294.000000 
24233.000000 25964.000000 29277.000000 
24125.000000 25964.000000 29300.000000 
24224.000000 25969.000000 29298.000000 
24054.000000 26152.000000 29183.000000 
24157.000000 26144.000000 29170.000000 
24137.000000 26138.000000 29180.000000 
24105.000000 26138.000000 29184.000000 
24100.000000 26167.000000 29169.000000 
24124.000000 26142.000000 29176.000000 
24162.000000 26152.000000 29160.000000 
24264.000000 26281.000000 29144.000000 
24305.000000 26268.000000 29152.000000 
24372.000000 26301.000000 29115.000000 
24411.000000 26353.000000 29083.000000 
24288.000000 26353.000000 29089.000000 
24344.000000 26343.000000 29100.000000 
24412.000000 26362.000000 29075.000000 
24316.000000 26345.000000 29089.000000 
24447.000000 26342.000000 29107.000000 
24399.000000 26376.000000 29079.000000 
24390.000000 26451.000000 29017.000000 
24341.000000 26435.000000 29028.000000 
24427.000000 26436.000000 29015.000000 
24334.000000 26445.000000 29028.000000 
24404.000000 26437.000000 29023.000000 
24413.000000 26436.000000 29024.000000 
24309.000000 26483.000000 29002.000000 
24242.000000 26504.000000 29000.000000 
24284.000000 26495.000000 29020.000000 
24233.000000 26514.000000 29010.000000 
24241.000000 26499.000000 29010.000000 
24284.000000 26563.000000 28982.000000 
24251.000000 26507.000000 28999.000000 
24275.000000 26508.000000 28991.000000 
24222.000000 26498.000000 29014.000000 
24268.000000 26518.000000 28998.000000 
24310.000000 26640.000000 28935.000000 
24377.000000 26627.000000 28915.000000 
24303.000000 26647.000000 28931.000000 
24314.000000 26656.000000 28893.000000 
24287.000000 26667.000000 28910.000000 
24314.000000 26644.000000 28909.000000 
24229.000000 26651.000000 28911.000000 
24235.000000 26668.000000 28894.000000 
24213.000000 26654.000000 28918.000000 
24348.000000 26668.000000 28887.000000 
24214.000000 26670.000000 28886.000000 
24363.000000 26677.000000 28882.000000 
24261.000000 26683.000000 28880.000000 
24390.000000 26673.000000 28881.000000 
24292.000000 26686.000000 28859.000000 
24429.000000 26705.000000 28855.000000 
24267.000000 26702.000000 28864.000000 
24297.000000 26715.000000 28856.000000 
24306.000000 26679.000000 28865.000000 
24309.000000 26682.000000 28863.000000 
24370.000000 26752.000000 28840.000000 
24366.000000 26731.000000 28844.000000 
24377.000000 26809.000000 28788.000000 
24502.000000 26768.000000 28824.000000 
24363.000000 26773.000000 28820.000000 
24448.000000 26798.000000 28795.000000 
24402.000000 26773.000000 28819.000000 
24468.000000 26789.000000 28804.000000 
24497.000000 26809.000000 28761.000000 
24392.000000 26802.000000 28782.000000 
24433.000000 26815.000000 28761.000000 
24401.000000 26817.000000 28775.000000 
24428.000000 26827.000000 28766.000000 
24470.000000 26800.000000 28782.000000 
24465.000000 26828.000000 28753.000000 
24438.000000 26818.000000 28759.000000 
24476.000000 26858.000000 28740.000000 
24470.000000 26863.000000 28743.000000 
24366.000000 26864.000000 28741.000000 
24449.000000 26840.000000 28751.000000 
24459.000000 26839.000000 28752.000000 
24473.000000 26856.000000 28750.000000 
24367.000000 26872.000000 28724.000000 
24435.000000 26846.000000 28760.000000 
24501.000000 26927.000000 28705.000000 
24445.000000 26901.000000 28717.000000 
24495.000000 26891.000000 28715.000000 
24514.000000 26892.000000 28705.000000 
24494.000000 26890.000000 28721.000000 
24507.000000 26917.000000 28707.000000 
24687.000000 26948.000000 28673.000000 
24641.000000 26953.000000 28681.000000 
24661.000000 26958.000000 28668.000000 
24597.000000 26963.000000 28654.000000 
24553.000000 26969.000000 28669.000000 
24650.000000 26946.000000 28687.000000 
24558.000000 26959.000000 28669.000000 
24704.000000 26963.000000 28651.000000 
24534.000000 26984.000000 28645.000000 
24733.000000 26976.000000 28632.000000 
24738.000000 26960.000000 28657.000000 
24567.000000 26975.000000 28641.000000 
24656.000000 27040.000000 28614.000000 
24523.000000 27024.000000 28616.000000 
24722.000000 27152.000000 28473.000000 
24704.000000 27111.000000 28542.000000 
24732.000000 27097.000000 28514.000000 
24740.000000 27101.000000 28503.000000 
24694.000000 27166.000000 28491.000000 
24733.000000 27096.000000 28509.000000 
24661.000000 27126.000000 28496.000000 
24704.000000 27115.000000 28528.000000 
24734.000000 27188.000000 28438.000000 
24838.000000 27182.000000 28459.000000 
24682.000000 27189.000000 28450.000000 
24697.000000 27196.000000 28437.000000 
24677.000000 27197.000000 28462.000000 
24706.000000 27217.000000 28412.000000 
24638.000000 27208.000000 28441.000000 
24702.000000 27221.000000 28419.000000 
24680.000000 27220.000000 28421.000000 
24664.000000 27221.000000 28427.000000 
24670.000000 27284.000000 28362.000000 
24660.000000 27289.000000 28359.000000 
24697.000000 27276.000000 28386.000000 
24747.000000 27279.000000 28350.000000 
24793.000000 27269.000000 28392.000000 
24701.000000 27281.000000 28368.000000 
24711.000000 27313.000000 28327.000000 
24701.000000 27310.000000 28356.000000 
24775.000000 27306.000000 28315.000000 
24657.000000 27320.000000 28332.000000 
24681.000000 27331.000000 28326.000000 
24654.000000 27338.000000 28305.000000 
24690.000000 27325.000000 28324.000000 
24652.000000 27343.000000 28307.000000 
24694.000000 27327.000000 28311.000000 
24730.000000 27375.000000 28253.000000 
24814.000000 27398.000000 28240.000000 
24653.000000 27384.000000 28298.000000 
24716.000000 27371.000000 28257.000000 
24774.000000 27364.000000 28267.000000 
24806.000000 27381.000000 28252.000000 
24755.000000 27369.000000 28268.000000 
24683.000000 27402.000000 28242.000000 
24704.000000 27400.000000 28274.000000 
24794.000000 27399.000000 28248.000000 
24656.000000 27401.000000 28257.000000 
24673.000000 27418.000000 28254.000000 
24624.000000 27419.000000 28239.000000 
24749.000000 27416.000000 28224.000000 
24699.000000 27434.000000 28213.000000 
24742.000000 27423.000000 28233.000000 
24819.000000 27415.000000 28223.000000 
24584.000000 27426.000000 28219.000000 
24847.000000 27429.000000 28207.000000 
24716.000000 27465.000000 28186.000000 
24830.000000 27419.000000 28209.000000 
24784.000000 27442.000000 28200.000000 
24829.000000 27431.000000 28192.000000 
24643.000000 27424.000000 28216.000000 
24865.000000 27428.000000 28193.000000 
24827.000000 27441.000000 28187.000000 
24852.000000 27433.000000 28188.000000 
24825.000000 27444.000000 28169.000000 
24740.000000 27549.000000 28034.000000 
24874.000000 27566.000000 27993.000000 
24803.000000 27531.000000 28046.000000 
24847.000000 27542.000000 28000.000000 
24825.000000 27537.000000 28027.000000 
24843.000000 27531.000000 28007.000000 
24781.000000 27547.000000 27995.000000 
24779.000000 27616.000000 27943.000000 
24731.000000 27613.000000 27958.000000 
24804.000000 27610.000000 27939.000000 
24777.000000 27611.000000 27958.000000 
24755.000000 27610.000000 27965.000000 
24787.000000 27610.000000 27954.000000 
25036.000000 28066.000000 27330.000000 
24880.000000 28070.000000 27326.000000 
24920.000000 28103.000000 27294.000000 
25025.000000 28102.000000 27287.000000 
24806.000000 28096.000000 27295.000000 
24928.000000 28104.000000 27284.000000 
25103.000000 28114.000000 27279.000000 
24961.000000 28135.000000 27261.000000 
25126.000000 28199.000000 27147.000000 
25071.000000 28189.000000 27170.000000 
25047.000000 28197.000000 27172.000000 
25112.000000 28224.000000 27148.000000 
25013.000000 28253.000000 27096.000000 
25035.000000 28233.000000 27099.000000 
25039.000000 28231.000000 27132.000000 
24952.000000 28252.000000 27102.000000 
24997.000000 28264.000000 27057.000000 
25015.000000 28261.000000 27056.000000 
24982.000000 28259.000000 27091.000000 
24945.000000 28263.000000 27070.000000 
24881.000000 28262.000000 27076.000000 
24892.000000 28261.000000 27073.000000 
24816.000000 28287.000000 27053.000000 
24760.000000 28277.000000 27095.000000 
24868.000000 28285.000000 27076.000000 
24940.000000 28281.000000 27056.000000 
24866.000000 28304.000000 27040.000000 
24920.000000 28305.000000 27034.000000 
24875.000000 28286.000000 27062.000000 
24862.000000 28301.000000 27050.000000 
24862.000000 28310.000000 27017.000000 
24881.000000 28308.000000 27025.000000 
24874.000000 28380.000000 26964.000000 
24908.000000 28368.000000 26991.000000 
24949.000000 28357.000000 26966.000000 
25009.000000 28370.000000 26953.000000 
24918.000000 28387.000000 26924.000000 
24925.000000 28354.000000 27007.000000 
24920.000000 28460.000000 26860.000000 
24817.000000 28460.000000 26871.000000 
24939.000000 28466.000000 26854.000000 
24925.000000 28504.000000 26823.000000 
24991.000000 28484.000000 26852.000000 
24999.000000 28493.000000 26810.000000 
24965.000000 28490.000000 26838.000000 
25000.000000 28481.000000 26816.000000 
24962.000000 28503.000000 26791.000000 
25036.000000 28515.000000 26766.000000 
24933.000000 28520.000000 26782.000000 
25053.000000 28544.000000 26727.000000 
24901.000000 28534.000000 26731.000000 
24899.000000 28539.000000 26736.000000 
25020.000000 28533.000000 26750.000000 
24883.000000 28548.000000 26722.000000 
24994.000000 28592.000000 26685.000000 
24880.000000 28586.000000 26686.000000 
24886.000000 28611.000000 26675.000000 
25038.000000 28584.000000 26717.000000 
24910.000000 28585.000000 26700.000000 
24882.000000 28598.000000 26676.000000 
24785.000000 28616.000000 26653.000000 
24875.000000 28613.000000 26653.000000 
24899.000000 28600.000000 26659.000000 
24919.000000 28613.000000 26631.000000 
24757.000000 28621.000000 26634.000000 
24866.000000 28642.000000 26610.000000 
24945.000000 28609.000000 26649.000000 
24905.000000 28620.000000 26628.000000 
24779.000000 28622.000000 26627.000000 
24930.000000 28622.000000 26615.000000 
24878.000000 28624.000000 26609.000000 
24951.000000 28623.000000 26609.000000 
24910.000000 28622.000000 26618.000000 
24997.000000 28644.000000 26582.000000 
24972.000000 28648.000000 26597.000000 
24911.000000 28642.000000 26608.000000 
24867.000000 28638.000000 26623.000000 
24887.000000 28656.000000 26585.000000 
25058.000000 28677.000000 26566.000000 
25008.000000 28666.000000 26579.000000 
25030.000000 28686.000000 26551.000000 
24917.000000 28688.000000 26558.000000 
24878.000000 28688.000000 26559.000000 
24994.000000 28696.000000 26540.000000 
25025.000000 28690.000000 26523.000000 
25002.000000 28694.000000 26515.000000 
25055.000000 28709.000000 26514.000000 
25029.000000 28720.000000 26462.000000 
24898.000000 28726.000000 26466.000000 
25071.000000 28711.000000 26510.000000 
24994.000000 28726.000000 26453.000000 
25056.000000 28715.000000 26501.000000 
24905.000000 28733.000000 26423.000000 
25007.000000 28734.000000 26404.000000 
25051.000000 28719.000000 26420.000000 
25031.000000 28746.000000 26373.000000 
24957.000000 28745.000000 26414.000000 
24986.000000 28760.000000 26380.000000 
24977.000000 28770.000000 26363.000000 
24889.000000 28780.000000 26324.000000 
24868.000000 28844.000000 26201.000000 
24913.000000 28823.000000 26234.000000 
24834.000000 28825.000000 26285.000000 
24792.000000 28841.000000 26214.000000 
24840.000000 28821.000000 26237.000000 
24834.000000 28828.000000 26274.000000 
24886.000000 28925.000000 26062.000000 
24816.000000 28903.000000 26093.000000 
24912.000000 28914.000000 26064.000000 
24888.000000 28896.000000 26101.000000 
24787.000000 28934.000000 26035.000000 
24859.000000 28926.000000 26012.000000 
24898.000000 28923.000000 26031.000000 
24904.000000 28927.000000 25987.000000 
24800.000000 28950.000000 25974.000000 
24825.000000 28953.000000 25959.000000 
24749.000000 28955.000000 25944.000000 
24826.000000 28955.000000 25902.000000 
24777.000000 28986.000000 25885.000000 
24695.000000 28982.000000 25898.000000 
24750.000000 28987.000000 25897.000000 
24828.000000 28980.000000 25884.000000 
24808.000000 28980.000000 25907.000000 
24829.000000 28989.000000 25860.000000 
24806.000000 28985.000000 25877.000000 
24821.000000 28977.000000 25938.000000 
24805.000000 28982.000000 25885.000000 
24821.000000 28979.000000 25892.000000 
24889.000000 28997.000000 25787.000000 
24905.000000 28994.000000 25798.000000 
24774.000000 28999.000000 25790.000000 
24927.000000 28991.000000 25818.000000 
24809.000000 28996.000000 25835.000000 
24882.000000 28995.000000 25833.000000 
24767.000000 29072.000000 25604.000000 
24880.000000 29044.000000 25673.000000 
24771.000000 29054.000000 25668.000000 
24930.000000 29050.000000 25641.000000 
24847.000000 29052.000000 25584.000000 
24818.000000 29059.000000 25634.000000 
24773.000000 29106.000000 25456.000000 
24746.000000 29128.000000 25471.000000 
24737.000000 29114.000000 25488.000000 
24769.000000 29131.000000 25407.000000 
24662.000000 29129.000000 25455.000000 
24805.000000 29146.000000 25394.000000 
24713.000000 29146.000000 25418.000000 
24741.000000 29135.000000 25409.000000 
24857.000000 29137.000000 25391.000000 
24800.000000 29154.000000 25335.000000 
24776.000000 29181.000000 25299.000000 
24750.000000 29167.000000 25304.000000 
24765.000000 29166.000000 25364.000000 
24610.000000 29215.000000 25166.000000 
24816.000000 29184.000000 25232.000000 
24780.000000 29185.000000 25222.000000 
24737.000000 29186.000000 25287.000000 
24738.000000 29187.000000 25270.000000 
24741.000000 29202.000000 25245.000000 
24807.000000 29269.000000 25106.000000 
24895.000000 29280.000000 25036.000000 
24831.000000 29281.000000 25076.000000 
24790.000000 29279.000000 25118.000000 
24807.000000 29282.000000 25074.000000 
24850.000000 29289.000000 25054.000000 
24802.000000 29300.000000 25002.000000 
24855.000000 29285.000000 25026.000000 
24725.000000 29313.000000 25041.000000 
24689.000000 29305.000000 25046.000000 
24734.000000 29289.000000 25080.000000 
24811.000000 29289.000000 25056.000000 
24713.000000 29294.000000 25049.000000 
24658.000000 29292.000000 25052.000000 
24761.000000 29291.000000 25069.000000 
24641.000000 29323.000000 25016.000000 
24689.000000 29301.000000 25047.000000 
24677.000000 29317.000000 24989.000000 
24711.000000 29308.000000 25042.000000 
24666.000000 29352.000000 24937.000000 
24588.000000 29318.000000 25020.000000 
24680.000000 29319.000000 24970.000000 
24599.000000 29325.000000 24971.000000 
24689.000000 29327.000000 24952.000000 
24790.000000 29353.000000 24878.000000 
24754.000000 29355.000000 24863.000000 
24686.000000 29349.000000 24902.000000 
24778.000000 29367.000000 24856.000000 
24656.000000 29392.000000 24742.000000 
24659.000000 29377.000000 24789.000000 
24699.000000 29375.000000 24803.000000 
24747.000000 29381.000000 24775.000000 
24669.000000 29390.000000 24716.000000 
24692.000000 29387.000000 24698.000000 
24737.000000 29401.000000 24687.000000 
24737.000000 29385.000000 24786.000000 
24700.000000 29386.000000 24756.000000 
24685.000000 29418.000000 24596.000000 
24566.000000 29404.000000 24688.000000 
24602.000000 29412.000000 24683.000000 
24645.000000 29410.000000 24637.000000 
24778.000000 29403.000000 24667.000000 
24696.000000 29412.000000 24609.000000 
24676.000000 29421.000000 24589.000000 
24740.000000 29412.000000 24605.000000 
24732.000000 29404.000000 24627.000000 
24734.000000 29414.000000 24539.000000 
24695.000000 29420.000000 24476.000000 
24640.000000 29425.000000 24470.000000 
24674.000000 29463.000000 24246.000000 
24600.000000 29442.000000 24408.000000 
24616.000000 29449.000000 24397.000000 
24637.000000 29449.000000 24339.000000 
24618.000000 29450.000000 24312.000000 
24665.000000 29471.000000 24195.000000 
24725.000000 29461.000000 24214.000000 
24647.000000 29470.000000 24196.000000 
24671.000000 29466.000000 24219.000000 
24669.000000 29470.000000 24193.000000 
24650.000000 29482.000000 24187.000000 
24713.000000 29478.000000 24159.000000 
24655.000000 29499.000000 24093.000000 
24596.000000 29491.000000 24158.000000 
24813.000000 29485.000000 24099.000000 
24751.000000 29487.000000 24134.000000 
24778.000000 29491.000000 24125.000000 
24704.000000 29481.000000 24184.000000 
24624.000000 29503.000000 23983.000000 
24686.000000 29496.000000 24061.000000 
24664.000000 29500.000000 24019.000000 
24607.000000 29508.000000 24033.000000 
24676.000000 29497.000000 24057.000000 
24592.000000 29510.000000 23970.000000 
24674.000000 29504.000000 23941.000000 
24722.000000 24445.000000 29903.000000 
24830.000000 24433.000000 29905.000000 
24739.000000 24404.000000 29919.000000 
24710.000000 24447.000000 29902.000000 
24696.000000 24497.000000 29916.000000 
24646.000000 24432.000000 29933.000000 
24602.000000 24457.000000 29939.000000 
24679.000000 24494.000000 29926.000000 
24657.000000 24556.000000 29917.000000 
24753.000000 24486.000000 29898.000000 
24744.000000 24522.000000 29897.000000 
24779.000000 24607.000000 29868.000000 
24764.000000 24619.000000 29896.000000 
24768.000000 24628.000000 29889.000000 
24728.000000 24669.000000 29869.000000 
24763.000000 24651.000000 29876.000000 
24734.000000 24662.000000 29870.000000 
24691.000000 24624.000000 29898.000000 
24694.000000 24700.000000 29873.000000 
24712.000000 24648.000000 29892.000000 
24649.000000 24670.000000 29888.000000 
24708.000000 24651.000000 29879.000000 
24697.000000 24668.000000 29888.000000 
24727.000000 24661.000000 29873.000000 
24757.000000 24641.000000 29881.000000 
24680.000000 24730.000000 29873.000000 
24731.000000 24712.000000 29863.000000 
24646.000000 24826.000000 29876.000000 
24759.000000 24880.000000 29840.000000 
24753.000000 24840.000000 29862.000000 
24760.000000 24856.000000 29854.000000 
24755.000000 24869.000000 29855.000000 
24785.000000 24861.000000 29845.000000 
24806.000000 24938.000000 29816.000000 
24744.000000 24947.000000 29828.000000 
24752.000000 24924.000000 29830.000000 
24790.000000 24935.000000 29817.000000 
24760.000000 24943.000000 29822.000000 
24723.000000 24943.000000 29834.000000 
24809.000000 24923.000000 29809.000000 
24755.000000 24949.000000 29826.000000 
24735.000000 24926.000000 29829.000000 
24755.000000 24963.000000 29800.000000 
24680.000000 25216.000000 29706.000000 
24783.000000 25218.000000 29670.000000 
24795.000000 25201.000000 29672.000000 
24798.000000 25192.000000 29690.000000 
24721.000000 25231.000000 29665.000000 
24744.000000 25202.000000 29675.000000 
24738.000000 25380.000000 29578.000000 
24715.000000 25389.000000 29602.000000 
24686.000000 25402.000000 29568.000000 
24701.000000 25399.000000 29579.000000 
24686.000000 25409.000000 29563.000000 
24829.000000 25515.000000 29518.000000 
24730.000000 25509.000000 29543.000000 
24787.000000 25549.000000 29512.000000 
24798.000000 25517.000000 29525.000000 
24793.000000 25542.000000 29521.000000 
24757.000000 25522.000000 29526.000000 
24785.000000 25687.000000 29425.000000 
24809.000000 25688.000000 29412.000000 
24875.000000 25687.000000 29403.000000 
24852.000000 25707.000000 29408.000000 
24860.000000 25680.000000 29422.000000 
24886.000000 25780.000000 29330.000000 
24925.000000 25806.000000 29319.000000 
24926.000000 25769.000000 29324.000000 
24877.000000 25786.000000 29345.000000 
24848.000000 25770.000000 29378.000000 
24924.000000 25787.000000 29329.000000 
24891.000000 25921.000000 29255.000000 
24880.000000 25951.000000 29228.000000 
24906.000000 25932.000000 29238.000000 
24941.000000 25930.000000 29238.000000 
24934.000000 25920.000000 29246.000000 
24881.000000 25938.000000 29269.000000 
24931.000000 25921.000000 29241.000000 
24902.000000 26063.000000 29185.000000 
24804.000000 26107.000000 29159.000000 
24821.000000 26046.000000 29191.000000 
24992.000000 26161.000000 29066.000000 
24928.000000 26154.000000 29101.000000 
24951.000000 26175.000000 29054.000000 
24991.000000 26153.000000 29077.000000 
25063.000000 26155.000000 29072.000000 
24988.000000 26161.000000 29074.000000 
24955.000000 26152.000000 29091.000000 
24990.000000 26160.000000 29074.000000 
24885.000000 26235.000000 29017.000000 
24942.000000 26211.000000 29048.000000 
24949.000000 26226.000000 28996.000000 
24917.000000 26214.000000 29018.000000 
24889.000000 26213.000000 29029.000000 
25000.000000 26207.000000 29038.000000 
24898.000000 26222.000000 29003.000000 
24977.000000 26433.000000 28839.000000 
24961.000000 26444.000000 28832.000000 
24967.000000 26434.000000 28819.000000 
24927.000000 26427.000000 28847.000000 
25006.000000 26425.000000 28837.000000 
24952.000000 26455.000000 28827.000000 
24828.000000 26595.000000 28720.000000 
24910.000000 26588.000000 28719.000000 
24930.000000 26570.000000 28725.000000 
24918.000000 26588.000000 28715.000000 
24950.000000 26580.000000 28701.000000 
24894.000000 26575.000000 28742.000000 
24944.000000 26561.000000 28723.000000 
24916.000000 26562.000000 28750.000000 
24931.000000 26564.000000 28736.000000 
24949.000000 26749.000000 28600.000000 
24889.000000 26787.000000 28627.000000 
24818.000000 26813.000000 28559.000000 
24886.000000 26790.000000 28591.000000 
24882.000000 26812.000000 28584.000000 
24912.000000 26854.000000 28523.000000 
24811.000000 26852.000000 28558.000000 
24852.000000 26836.000000 28558.000000 
24870.000000 26847.000000 28548.000000 
24881.000000 26837.000000 28538.000000 
24878.000000 26856.000000 28528.000000 
24856.000000 26867.000000 28542.000000 
24851.000000 26855.000000 28553.000000 
24872.000000 26915.000000 28511.000000 
24984.000000 26919.000000 28463.000000 
24916.000000 26920.000000 28478.000000 
24972.000000 26936.000000 28466.000000 
24832.000000 26939.000000 28467.000000 
24841.000000 26938.000000 28481.000000 
24946.000000 26929.000000 28472.000000 
24978.000000 26935.000000 28464.000000 
24796.000000 27036.000000 28476.000000 
24881.000000 27078.000000 28426.000000 
24898.000000 27051.000000 28395.000000 
24945.000000 27130.000000 28316.000000 
24884.000000 27139.000000 28337.000000 
24903.000000 27139.000000 28334.000000 
24886.000000 27178.000000 28320.000000 
24861.000000 27183.000000 28309.000000 
24891.000000 27147.000000 28317.000000 
24867.000000 27139.000000 28340.000000 
24952.000000 27212.000000 28273.000000 
24909.000000 27243.000000 28251.000000 
24838.000000 27244.000000 28245.000000 
24866.000000 27223.000000 28256.000000 
24844.000000 27235.000000 28261.000000 
24976.000000 27259.000000 28232.000000 
24960.000000 27270.000000 28240.000000 
24956.000000 27279.000000 28236.000000 
24958.000000 27277.000000 28223.000000 
24933.000000 27271.000000 28238.000000 
24951.000000 27295.000000 28222.000000 
24962.000000 27274.000000 28217.000000 
24985.000000 27325.000000 28196.000000 
24895.000000 27332.000000 28189.000000 
24892.000000 27324.000000 28209.000000 
24934.000000 27333.000000 28188.000000 
24996.000000 27344.000000 28187.000000 
24967.000000 27328.000000 28203.000000 
24931.000000 27368.000000 28169.000000 
24921.000000 27338.000000 28188.000000 
24939.000000 27353.000000 28180.000000 
25009.000000 27448.000000 28089.000000 
25035.000000 27415.000000 28099.000000 
25041.000000 27409.000000 28100.000000 
24921.000000 27434.000000 28109.000000 
25058.000000 27444.000000 28070.000000 
24992.000000 27408.000000 28108.000000 
24975.000000 27422.000000 28121.000000 
25024.000000 27640.000000 27908.000000 
24991.000000 27641.000000 27919.000000 
24961.000000 27644.000000 27935.000000 
25054.000000 27639.000000 27921.000000 
25041.000000 27639.000000 27938.000000 
25106.000000 27647.000000 27906.000000 
25088.000000 27629.000000 27918.000000 
25112.000000 27679.000000 27894.000000 
25111.000000 27691.000000 27869.000000 
25089.000000 27676.000000 27897.000000 
25130.000000 27687.000000 27861.000000 
25062.000000 27680.000000 27886.000000 
25152.000000 27694.000000 27856.000000 
25117.000000 27689.000000 27885.000000 
25034.000000 27698.000000 27889.000000 
25054.000000 27685.000000 27887.000000 
25136.000000 27741.000000 27775.000000 
25126.000000 27764.000000 27766.000000 
25119.000000 27732.000000 27818.000000 
25080.000000 27748.000000 27834.000000 
25081.000000 27746.000000 27810.000000 
25113.000000 27764.000000 27790.000000 
25146.000000 27766.000000 27762.000000 
25114.000000 27793.000000 27774.000000 
25171.000000 27764.000000 27751.000000 
25116.000000 27794.000000 27729.000000 
25150.000000 27789.000000 27734.000000 
25137.000000 27790.000000 27719.000000 
25142.000000 27797.000000 27716.000000 
25108.000000 27820.000000 27724.000000 
25085.000000 27825.000000 27758.000000 
25081.000000 27847.000000 27732.000000 
25101.000000 27823.000000 27732.000000 
25095.000000 27836.000000 27739.000000 
25104.000000 27821.000000 27746.000000 
25136.000000 27829.000000 27722.000000 
25123.000000 27887.000000 27681.000000 
25078.000000 27888.000000 27674.000000 
25118.000000 27874.000000 27707.000000 
25054.000000 27884.000000 27682.000000 
25087.000000 27876.000000 27690.000000 
25154.000000 27894.000000 27659.000000 
25178.000000 27888.000000 27653.000000 
25131.000000 27914.000000 27659.000000 
25178.000000 27885.000000 27670.000000 
25132.000000 27887.000000 27669.000000 
25177.000000 27886.000000 27658.000000 
25153.000000 27905.000000 27661.000000 
25157.000000 27920.000000 27639.000000 
25196.000000 27920.000000 27628.000000 
25161.000000 27905.000000 27654.000000 
25184.000000 27906.000000 27643.000000 
25172.000000 27910.000000 27651.000000 
25205.000000 27918.000000 27624.000000 
25191.000000 27930.000000 27621.000000 
25141.000000 27946.000000 27607.000000 
25199.000000 27959.000000 27595.000000 
25183.000000 27968.000000 27579.000000 
25161.000000 27977.000000 27562.000000 
25147.000000 27960.000000 27602.000000 
25127.000000 27944.000000 27608.000000 
25255.000000 27975.000000 27555.000000 
25200.000000 27975.000000 27570.000000 
25247.000000 27981.000000 27556.000000 
25138.000000 27987.000000 27559.000000 
25142.000000 27984.000000 27569.000000 
25208.000000 27984.000000 27555.000000 
25270.000000 27974.000000 27569.000000 
25266.000000 27979.000000 27548.000000 
25273.000000 27982.000000 27542.000000 
25218.000000 27985.000000 27536.000000 
25292.000000 27977.000000 27529.000000 
25198.000000 28004.000000 27518.000000 
25234.000000 27998.000000 27494.000000 
25215.000000 27996.000000 27502.000000 
25249.000000 27989.000000 27506.000000 
25281.000000 28038.000000 27422.000000 
25222.000000 28033.000000 27469.000000 
25280.000000 28033.000000 27423.000000 
25231.000000 28046.000000 27445.000000 
25245.000000 28054.000000 27402.000000 
25308.000000 28038.000000 27405.000000 
25312.000000 28055.000000 27352.000000 
25287.000000 28047.000000 27395.000000 
25367.000000 28053.000000 27354.000000 
25282.000000 28054.000000 27367.000000 
25303.000000 28039.000000 27415.000000 
25278.000000 28130.000000 27265.000000 
25207.000000 28151.000000 27199.000000 
25274.000000 28149.000000 27206.000000 
25322.000000 28139.000000 27221.000000 
25286.000000 28142.000000 27178.000000 
25303.000000 28138.000000 27248.000000 
25255.000000 28142.000000 27215.000000 
25208.000000 28197.000000 27118.000000 
25299.000000 28197.000000 27113.000000 
25295.000000 28257.000000 27020.000000 
25281.000000 28234.000000 27084.000000 
25253.000000 28258.000000 26988.000000 
25210.000000 28239.000000 27038.000000 
25326.000000 28241.000000 27022.000000 
25269.000000 28236.000000 27036.000000 
25287.000000 28231.000000 27035.000000 
25243.000000 28364.000000 26800.000000 
25254.000000 28357.000000 26828.000000 
25291.000000 28352.000000 26818.000000 
25268.000000 28371.000000 26788.000000 
25332.000000 28352.000000 26809.000000 
25317.000000 28351.000000 26813.000000 
25203.000000 28390.000000 26775.000000 
25222.000000 28367.000000 26834.000000 
25207.000000 28420.000000 26736.000000 
25172.000000 28422.000000 26707.000000 
25262.000000 28420.000000 26732.000000 
25307.000000 28421.000000 26701.000000 
25247.000000 28433.000000 26700.000000 
25251.000000 28582.000000 26442.000000 
25214.000000 28594.000000 26425.000000 
25348.000000 28560.000000 26471.000000 
25341.000000 28561.000000 26432.000000 
25328.000000 28627.000000 26286.000000 
25284.000000 28621.000000 26341.000000 
25271.000000 28640.000000 26330.000000 
25268.000000 28624.000000 26362.000000 
25303.000000 28629.000000 26296.000000 
25298.000000 28626.000000 26300.000000 
25283.000000 28625.000000 26308.000000 
25348.000000 28623.000000 26321.000000 
25248.000000 28649.000000 26287.000000 
25308.000000 28652.000000 26264.000000 
25262.000000 28659.000000 26245.000000 
25259.000000 28658.000000 26257.000000 
25291.000000 28646.000000 26287.000000 
25294.000000 28652.000000 26266.000000 
25250.000000 28663.000000 26267.000000 
25259.000000 28652.000000 26274.000000 
25338.000000 28712.000000 26176.000000 
25301.000000 28710.000000 26221.000000 
25264.000000 28724.000000 26196.000000 
25317.000000 28724.000000 26177.000000 
25251.000000 28713.000000 26233.000000 
25268.000000 28724.000000 26187.000000 
25273.000000 28714.000000 26193.000000 
25249.000000 28725.000000 26173.000000 
25211.000000 28735.000000 26172.000000 
25276.000000 28737.000000 26163.000000 
25213.000000 28737.000000 26170.000000 
25256.000000 28743.000000 26164.000000 
25315.000000 28748.000000 26135.000000 
25269.000000 28747.000000 26159.000000 
25309.000000 28742.000000 26140.000000 
25347.000000 28746.000000 26112.000000 
25331.000000 28745.000000 26135.000000 
25269.000000 28754.000000 26149.000000 
25388.000000 28740.000000 26120.000000 
25340.000000 28755.000000 26090.000000 
25317.000000 28748.000000 26129.000000 
25372.000000 28746.000000 26103.000000 
25325.000000 28757.000000 26085.000000 
25334.000000 28747.000000 26100.000000 
25418.000000 28754.000000 26078.000000 
25318.000000 28833.000000 25977.000000 
25344.000000 28813.000000 25973.000000 
25325.000000 28794.000000 26043.000000 
25324.000000 28805.000000 26036.000000 
25351.000000 28828.000000 25941.000000 
25366.000000 28859.000000 25885.000000 
25423.000000 28823.000000 25891.000000 
25447.000000 28819.000000 25899.000000 
25391.000000 28824.000000 25919.000000 
25396.000000 28834.000000 25885.000000 
25354.000000 28823.000000 25925.000000 
25466.000000 28826.000000 25882.000000 
25383.000000 28862.000000 25826.000000 
25402.000000 28852.000000 25864.000000 
25349.000000 28846.000000 25907.000000 
25378.000000 28857.000000 25895.000000 
25380.000000 28853.000000 25830.000000 
25341.000000 28878.000000 25848.000000 
25365.000000 28877.000000 25796.000000 
25298.000000 28885.000000 25839.000000 
25344.000000 28905.000000 25806.000000 
25347.000000 28925.000000 25774.000000 
25389.000000 28902.000000 25750.000000 
25288.000000 28916.000000 25781.000000 
25233.000000 28950.000000 25658.000000 
25334.000000 28928.000000 25686.000000 
25247.000000 28927.000000 25703.000000 
25225.000000 28932.000000 25728.000000 
25287.000000 28940.000000 25648.000000 
25271.000000 28940.000000 25680.000000 
25262.000000 28944.000000 25675.000000 
25329.000000 28955.000000 25617.000000 
25281.000000 28940.000000 25665.000000 
25230.000000 28946.000000 25662.000000 
25326.000000 28988.000000 25573.000000 
25306.000000 28963.000000 25600.000000 
25311.000000 28968.000000 25591.000000 
25303.000000 28980.000000 25630.000000 
25366.000000 28991.000000 25506.000000 
25336.000000 29002.000000 25487.000000 
25262.000000 28991.000000 25552.000000 
25315.000000 28998.000000 25545.000000 
25381.000000 29009.000000 25484.000000 
25375.000000 29023.000000 25482.000000 
25358.000000 29000.000000 25544.000000 
25406.000000 29041.000000 25472.000000 
25414.000000 29018.000000 25482.000000 
25422.000000 29026.000000 25447.000000 
25376.000000 29014.000000 25484.000000 
25326.000000 29095.000000 25388.000000 
25318.000000 29089.000000 25392.000000 
25379.000000 29082.000000 25404.000000 
25339.000000 29087.000000 25401.000000 
25355.000000 29086.000000 25377.000000 
25359.000000 29113.000000 25350.000000 
25396.000000 29114.000000 25334.000000 
25314.000000 29107.000000 25356.000000 
25416.000000 29110.000000 25330.000000 
25358.000000 29133.000000 25255.000000 
25399.000000 29126.000000 25293.000000 
25371.000000 29120.000000 25339.000000 
25359.000000 29131.000000 25321.000000 
25396.000000 29121.000000 25308.000000 
25372.000000 29125.000000 25326.000000 
25350.000000 29134.000000 25338.000000 
25360.000000 29126.000000 25321.000000 
25363.000000 29126.000000 25296.000000 
25362.000000 29132.000000 25257.000000 
25357.000000 29139.000000 25249.000000 
25351.000000 29134.000000 25252.000000 
25420.000000 29129.000000 25281.000000 
25340.000000 29142.000000 25249.000000 
25360.000000 29140.000000 25211.000000 
25350.000000 29160.000000 25134.000000 
25311.000000 29169.000000 25151.000000 
25329.000000 29163.000000 25123.000000 
25335.000000 29181.000000 25062.000000 
25418.000000 29163.000000 25108.000000 
25406.000000 29179.000000 25110.000000 
25409.000000 29192.000000 24991.000000 
25415.000000 29197.000000 24934.000000 
25356.000000 29190.000000 25032.000000 
25430.000000 29193.000000 24934.000000 
25400.000000 29189.000000 24997.000000 
25410.000000 29211.000000 24938.000000 
25431.000000 29192.000000 24950.000000 
25328.000000 29258.000000 24866.000000 
25363.000000 29252.000000 24922.000000 
25421.000000 29234.000000 24900.000000 
25350.000000 29253.000000 24876.000000 
25409.000000 29228.000000 24953.000000 
25410.000000 29229.000000 24914.000000 
25375.000000 29235.000000 24858.000000 
25420.000000 29251.000000 24855.000000 
25359.000000 29269.000000 24859.000000 
25398.000000 29260.000000 24783.000000 
25413.000000 29254.000000 24855.000000 
25388.000000 29268.000000 24751.000000 
25363.000000 29263.000000 24769.000000 
25364.000000 29255.000000 24812.000000 
25366.000000 29255.000000 24806.000000 
25358.000000 29272.000000 24705.000000 
25349.000000 29270.000000 24753.000000 
25359.000000 29271.000000 24718.000000 
25379.000000 29274.000000 24701.000000 
25418.000000 29279.000000 24666.000000 
25348.000000 29285.000000 24702.000000 
25398.000000 29278.000000 24673.000000 
25356.000000 29275.000000 24708.000000 
25375.000000 29292.000000 24677.000000 
25362.000000 29297.000000 24672.000000 
25348.000000 29307.000000 24656.000000 
25394.000000 29288.000000 24675.000000 
25397.000000 29327.000000 24560.000000 
25446.000000 29298.000000 24664.000000 
25478.000000 29296.000000 24663.000000 
25417.000000 29300.000000 24628.000000 
25471.000000 29306.000000 24556.000000 
25414.000000 29305.000000 24575.000000 
25452.000000 29341.000000 24429.000000 
25454.000000 29335.000000 24388.000000 
25435.000000 29335.000000 24486.000000 
25450.000000 29338.000000 24448.000000 
25412.000000 29351.000000 24380.000000 
25414.000000 29350.000000 24438.000000 
25371.000000 29343.000000 24532.000000 
25342.000000 29347.000000 24469.000000 
25417.000000 29347.000000 24437.000000 
25394.000000 29372.000000 24443.000000 
25390.000000 29351.000000 24463.000000 
25316.000000 29377.000000 24370.000000 
25411.000000 29358.000000 24457.000000 
25300.000000 29374.000000 24380.000000 
25313.000000 29383.000000 24377.000000 
25305.000000 29406.000000 24346.000000 
25418.000000 29382.000000 24305.000000 
25313.000000 29395.000000 24369.000000 
25361.000000 29396.000000 24257.000000 
25323.000000 29407.000000 24337.000000 
25357.000000 29394.000000 24318.000000 
25347.000000 29392.000000 24321.000000 
25225.000000 29425.000000 24141.000000 
25263.000000 29424.000000 24179.000000 
25261.000000 29424.000000 24185.000000 
25276.000000 29419.000000 24217.000000 
25260.000000 29415.000000 24222.000000 
25260.000000 29422.000000 24208.000000 
25326.000000 29392.000000 24350.000000 
25504.000000 29024.000000 24822.000000 
25469.000000 29025.000000 24829.000000 
25888.000000 24278.000000 29425.000000 
25816.000000 23988.000000 29640.000000 
25931.000000 23957.000000 29594.000000 
25920.000000 24017.000000 29586.000000 
25862.000000 23990.000000 29610.000000 
25889.000000 23900.000000 29614.000000 
25881.000000 24033.000000 29608.000000 
25895.000000 23945.000000 29613.000000 
25911.000000 24078.000000 29602.000000 
25886.000000 24026.000000 29606.000000 
25912.000000 23885.000000 29640.000000 
25868.000000 23870.000000 29648.000000 
25888.000000 23765.000000 29694.000000 
25913.000000 23750.000000 29704.000000 
25899.000000 23861.000000 29690.000000 
25855.000000 23829.000000 29693.000000 
25901.000000 23816.000000 29688.000000 
25938.000000 23798.000000 29686.000000 
25885.000000 23719.000000 29717.000000 
25867.000000 23757.000000 29722.000000 
25876.000000 23754.000000 29733.000000 
25867.000000 23723.000000 29739.000000 
25846.000000 23757.000000 29748.000000 
25845.000000 23793.000000 29730.000000 
25803.000000 23809.000000 29727.000000 
25796.000000 23720.000000 29759.000000 
25844.000000 23774.000000 29755.000000 
25808.000000 23902.000000 29667.000000 
25804.000000 24214.000000 29642.000000 
25811.000000 24170.000000 29659.000000 
25773.000000 24216.000000 29636.000000 
25813.000000 24167.000000 29638.000000 
25810.000000 24226.000000 29625.000000 
25732.000000 24255.000000 29636.000000 
25733.000000 24305.000000 29633.000000 
25796.000000 24276.000000 29625.000000 
25788.000000 24270.000000 29632.000000 
25782.000000 24346.000000 29608.000000 
25757.000000 24329.000000 29627.000000 
25768.000000 24309.000000 29621.000000 
25703.000000 24417.000000 29603.000000 
25733.000000 24361.000000 29616.000000 
25770.000000 24365.000000 29614.000000 
25688.000000 24425.000000 29628.000000 
25734.000000 24388.000000 29609.000000 
25745.000000 24450.000000 29584.000000 
25742.000000 24452.000000 29583.000000 
25796.000000 24531.000000 29580.000000 
25847.000000 24505.000000 29574.000000 
25856.000000 24605.000000 29558.000000 
25830.000000 24610.000000 29548.000000 
25809.000000 24648.000000 29551.000000 
25839.000000 24597.000000 29565.000000 
25880.000000 24585.000000 29569.000000 
25816.000000 24611.000000 29563.000000 
25794.000000 24726.000000 29542.000000 
25816.000000 24732.000000 29526.000000 
25800.000000 24721.000000 29530.000000 
25865.000000 24723.000000 29508.000000 
25795.000000 24783.000000 29511.000000 
25783.000000 24775.000000 29522.000000 
25824.000000 24782.000000 29516.000000 
25814.000000 24836.000000 29503.000000 
25812.000000 24763.000000 29519.000000 
25779.000000 24784.000000 29521.000000 
25786.000000 24762.000000 29526.000000 
25848.000000 24912.000000 29479.000000 
25859.000000 24926.000000 29474.000000 
25824.000000 24911.000000 29492.000000 
25810.000000 24918.000000 29484.000000 
25854.000000 24953.000000 29460.000000 
25862.000000 24922.000000 29468.000000 
25781.000000 24929.000000 29477.000000 
25792.000000 24965.000000 29454.000000 
25834.000000 24956.000000 29475.000000 
25805.000000 24921.000000 29478.000000 
25871.000000 25175.000000 29383.000000 
25859.000000 25154.000000 29394.000000 
25962.000000 25142.000000 29394.000000 
25921.000000 25122.000000 29398.000000 
25911.000000 25135.000000 29407.000000 
25901.000000 25107.000000 29423.000000 
25935.000000 25146.000000 29378.000000 
25897.000000 25184.000000 29378.000000 
25884.000000 25173.000000 29387.000000 
25899.000000 25171.000000 29378.000000 
25917.000000 25281.000000 29331.000000 
25936.000000 25244.000000 29343.000000 
25938.000000 25204.000000 29375.000000 
25967.000000 25226.000000 29355.000000 
25972.000000 25226.000000 29346.000000 
25930.000000 25251.000000 29339.000000 
25886.000000 25331.000000 29333.000000 
25866.000000 25428.000000 29307.000000 
25863.000000 25352.000000 29323.000000 
25915.000000 25307.000000 29325.000000 
25908.000000 25294.000000 29345.000000 
25934.000000 25307.000000 29323.000000 
25919.000000 25301.000000 29324.000000 
25902.000000 25317.000000 29328.000000 
25888.000000 25307.000000 29347.000000 
25861.000000 25446.000000 29296.000000 
25846.000000 25438.000000 29310.000000 
25836.000000 25447.000000 29297.000000 
25852.000000 25434.000000 29297.000000 
25832.000000 25449.000000 29297.000000 
25888.000000 25453.000000 29288.000000 
25868.000000 25475.000000 29290.000000 
25842.000000 25444.000000 29304.000000 
25798.000000 25573.000000 29263.000000 
25792.000000 25563.000000 29291.000000 
25870.000000 25562.000000 29276.000000 
25838.000000 25537.000000 29280.000000 
25794.000000 25601.000000 29265.000000 
25818.000000 25532.000000 29301.000000 
25840.000000 25565.000000 29267.000000 
25812.000000 25534.000000 29293.000000 
25891.000000 25567.000000 29247.000000 
25831.000000 25588.000000 29256.000000 
25877.000000 25574.000000 29259.000000 
25894.000000 25563.000000 29257.000000 
25832.000000 25577.000000 29252.000000 
25829.000000 25571.000000 29266.000000 
25937.000000 25627.000000 29237.000000 
25999.000000 25634.000000 29217.000000 
25973.000000 25627.000000 29228.000000 
25980.000000 25681.000000 29214.000000 
25987.000000 25664.000000 29214.000000 
26041.000000 25646.000000 29180.000000 
26013.000000 25645.000000 29202.000000 
26074.000000 25636.000000 29189.000000 
25989.000000 25734.000000 29192.000000 
25966.000000 25714.000000 29229.000000 
25968.000000 25714.000000 29208.000000 
25977.000000 25725.000000 29200.000000 
26040.000000 25735.000000 29189.000000 
25964.000000 25710.000000 29234.000000 
25935.000000 25745.000000 29203.000000 
25944.000000 25717.000000 29222.000000 
25960.000000 25729.000000 29221.000000 
25958.000000 25751.000000 29202.000000 
25926.000000 25765.000000 29201.000000 
26009.000000 25766.000000 29175.000000 
26056.000000 25779.000000 29148.000000 
26082.000000 25760.000000 29153.000000 
26018.000000 25772.000000 29174.000000 
26049.000000 25782.000000 29153.000000 
26030.000000 25770.000000 29156.000000 
26026.000000 25767.000000 29158.000000 
26003.000000 25788.000000 29163.000000 
26038.000000 25764.000000 29162.000000 
26019.000000 25815.000000 29151.000000 
26047.000000 25820.000000 29130.000000 
26064.000000 25810.000000 29135.000000 
26033.000000 25823.000000 29134.000000 
26048.000000 25835.000000 29116.000000 
26057.000000 25812.000000 29135.000000 
26055.000000 25834.000000 29119.000000 
26030.000000 25873.000000 29093.000000 
26053.000000 25886.000000 29062.000000 
26059.000000 25897.000000 29047.000000 
26051.000000 25862.000000 29076.000000 
26059.000000 25883.000000 29074.000000 
26070.000000 25869.000000 29049.000000 
26045.000000 25998.000000 28995.000000 
25996.000000 26014.000000 28997.000000 
26069.000000 26001.000000 28970.000000 
25982.000000 26034.000000 28984.000000 
26026.000000 26001.000000 28985.000000 
25979.000000 26019.000000 28995.000000 
26013.000000 26005.000000 29009.000000 
25990.000000 26049.000000 28969.000000 
26026.000000 26005.000000 28970.000000 
25954.000000 26061.000000 28968.000000 
25979.000000 26053.000000 28948.000000 
25964.000000 26081.000000 28934.000000 
25961.000000 26077.000000 28941.000000 
25971.000000 26071.000000 28943.000000 
25923.000000 26070.000000 28945.000000 
25940.000000 26068.000000 28944.000000 
26078.000000 26117.000000 28878.000000 
26046.000000 26118.000000 28887.000000 
26072.000000 26111.000000 28925.000000 
26088.000000 26113.000000 28879.000000 
26131.000000 26138.000000 28877.000000 
26027.000000 26120.000000 28892.000000 
26020.000000 26147.000000 28877.000000 
26101.000000 26194.000000 28845.000000 
26089.000000 26170.000000 28860.000000 
26115.000000 26179.000000 28852.000000 
26077.000000 26156.000000 28872.000000 
26091.000000 26207.000000 28846.000000 
26079.000000 26215.000000 28815.000000 
26085.000000 26357.000000 28689.000000 
25982.000000 26371.000000 28688.000000 
26025.000000 26361.000000 28695.000000 
26064.000000 26377.000000 28680.000000 
26103.000000 26438.000000 28658.000000 
26034.000000 26438.000000 28674.000000 
26124.000000 26442.000000 28627.000000 
26083.000000 26447.000000 28649.000000 
26084.000000 26453.000000 28630.000000 
26077.000000 26449.000000 28641.000000 
26076.000000 26455.000000 28623.000000 
26071.000000 26459.000000 28630.000000 
26090.000000 26478.000000 28622.000000 
26078.000000 26487.000000 28606.000000 
26093.000000 26474.000000 28618.000000 
26174.000000 26469.000000 28610.000000 
26151.000000 26483.000000 28583.000000 
26146.000000 26470.000000 28612.000000 
26211.000000 26538.000000 28567.000000 
26187.000000 26566.000000 28552.000000 
26185.000000 26539.000000 28568.000000 
26165.000000 26574.000000 28540.000000 
26157.000000 26604.000000 28522.000000 
26189.000000 26575.000000 28527.000000 
26196.000000 26572.000000 28548.000000 
26158.000000 26586.000000 28540.000000 
26138.000000 26606.000000 28519.000000 
26165.000000 26713.000000 28438.000000 
26113.000000 26717.000000 28419.000000 
26159.000000 26691.000000 28457.000000 
26109.000000 26700.000000 28452.000000 
26140.000000 26794.000000 28344.000000 
26122.000000 26796.000000 28348.000000 
26106.000000 26815.000000 28372.000000 
26152.000000 26793.000000 28386.000000 
26077.000000 26870.000000 28325.000000 
26087.000000 26878.000000 28288.000000 
26082.000000 26878.000000 28311.000000 
26048.000000 26884.000000 28310.000000 
26114.000000 26870.000000 28295.000000 
26125.000000 26863.000000 28291.000000 
26107.000000 26869.000000 28297.000000 
26061.000000 26996.000000 28224.000000 
26046.000000 26973.000000 28255.000000 
26086.000000 26984.000000 28247.000000 
26104.000000 26987.000000 28234.000000 
26042.000000 26990.000000 28245.000000 
26033.000000 27017.000000 28224.000000 
26036.000000 27080.000000 28162.000000 
26052.000000 27078.000000 28161.000000 
26028.000000 27069.000000 28173.000000 
26058.000000 27075.000000 28170.000000 
26021.000000 27072.000000 28178.000000 
26023.000000 27069.000000 28175.000000 
26011.000000 27083.000000 28168.000000 
26018.000000 27078.000000 28185.000000 
26007.000000 27082.000000 28171.000000 
26016.000000 27109.000000 28167.000000 
26008.000000 27138.000000 28149.000000 
26068.000000 27125.000000 28131.000000 
26023.000000 27137.000000 28158.000000 
26008.000000 27117.000000 28159.000000 
26025.000000 27120.000000 28153.000000 
26071.000000 27124.000000 28139.000000 
26042.000000 27151.000000 28125.000000 
26047.000000 27127.000000 28132.000000 
26042.000000 27145.000000 28134.000000 
26025.000000 27131.000000 28149.000000 
26030.000000 27147.000000 28137.000000 
26041.000000 27144.000000 28135.000000 
26059.000000 27172.000000 28116.000000 
26024.000000 27151.000000 28134.000000 
26045.000000 27177.000000 28112.000000 
26134.000000 27174.000000 28109.000000 
26107.000000 27207.000000 28070.000000 
26088.000000 27170.000000 28123.000000 
26139.000000 27169.000000 28085.000000 
26134.000000 27182.000000 28086.000000 
26098.000000 27196.000000 28089.000000 
26113.000000 27183.000000 28090.000000 
26041.000000 27246.000000 28031.000000 
26037.000000 27239.000000 28032.000000 
26029.000000 27240.000000 28033.000000 
26042.000000 27218.000000 28065.000000 
26072.000000 27216.000000 28035.000000 
26107.000000 27259.000000 28005.000000 
26151.000000 27250.000000 27993.000000 
26106.000000 27242.000000 28031.000000 
26129.000000 27261.000000 27974.000000 
26087.000000 27256.000000 28018.000000 
26109.000000 27257.000000 28011.000000 
26107.000000 27274.000000 27974.000000 
26199.000000 27302.000000 27961.000000 
26234.000000 27304.000000 27910.000000 
26210.000000 27293.000000 27959.000000 
26246.000000 27303.000000 27920.000000 
26197.000000 27316.000000 27920.000000 
26265.000000 27323.000000 27895.000000 
26211.000000 27320.000000 27897.000000 
26209.000000 27358.000000 27859.000000 
26212.000000 27356.000000 27853.000000 
26201.000000 27398.000000 27870.000000 
26232.000000 27371.000000 27851.000000 
26270.000000 27355.000000 27873.000000 
26192.000000 27359.000000 27881.000000 
26194.000000 27354.000000 27901.000000 
26207.000000 27359.000000 27873.000000 
26198.000000 27451.000000 27794.000000 
26244.000000 27444.000000 27823.000000 
26203.000000 27430.000000 27839.000000 
26282.000000 27451.000000 27787.000000 
26275.000000 27462.000000 27791.000000 
26254.000000 27447.000000 27806.000000 
26283.000000 27440.000000 27818.000000 
26286.000000 27445.000000 27808.000000 
26285.000000 27450.000000 27805.000000 
26236.000000 27474.000000 27769.000000 
26228.000000 27477.000000 27773.000000 
26248.000000 27481.000000 27760.000000 
26273.000000 27578.000000 27606.000000 
26312.000000 27575.000000 27597.000000 
26306.000000 27568.000000 27606.000000 
26292.000000 27571.000000 27616.000000 
26321.000000 27567.000000 27627.000000 
26281.000000 27565.000000 27649.000000 
26341.000000 27569.000000 27605.000000 
26302.000000 27565.000000 27645.000000 
26253.000000 27644.000000 27553.000000 
26274.000000 27629.000000 27571.000000 
26267.000000 27624.000000 27584.000000 
26323.000000 27626.000000 27576.000000 
26300.000000 27637.000000 27558.000000 
26303.000000 27630.000000 27555.000000 
26282.000000 27644.000000 27546.000000 
26304.000000 27669.000000 27528.000000 
26342.000000 27659.000000 27503.000000 
26313.000000 27643.000000 27552.000000 
26354.000000 27640.000000 27526.000000 
26328.000000 27662.000000 27509.000000 
26293.000000 27697.000000 27502.000000 
26318.000000 27693.000000 27490.000000 
26375.000000 27685.000000 27486.000000 
26299.000000 27686.000000 27510.000000 
26307.000000 27689.000000 27495.000000 
26303.000000 27698.000000 27487.000000 
26341.000000 27696.000000 27488.000000 
26329.000000 27712.000000 27461.000000 
26312.000000 27698.000000 27479.000000 
26299.000000 27708.000000 27480.000000 
26327.000000 27716.000000 27470.000000 
26303.000000 27726.000000 27447.000000 
26347.000000 27735.000000 27417.000000 
26301.000000 27736.000000 27453.000000 
26358.000000 27726.000000 27424.000000 
26307.000000 27723.000000 27445.000000 
26320.000000 27732.000000 27423.000000 
26306.000000 27732.000000 27426.000000 
26312.000000 27815.000000 27362.000000 
26342.000000 27810.000000 27390.000000 
26247.000000 27833.000000 27365.000000 
26304.000000 27827.000000 27347.000000 
26243.000000 27836.000000 27382.000000 
26264.000000 27812.000000 27383.000000 
26267.000000 27824.000000 27374.000000 
26289.000000 27852.000000 27345.000000 
26306.000000 27841.000000 27338.000000 
26296.000000 27842.000000 27328.000000 
26284.000000 27869.000000 27333.000000 
26301.000000 27869.000000 27306.000000 
26337.000000 27840.000000 27319.000000 
26381.000000 27831.000000 27308.000000 
26310.000000 27930.000000 27259.000000 
26334.000000 27977.000000 27213.000000 
26360.000000 27912.000000 27242.000000 
26358.000000 27922.000000 27230.000000 
26354.000000 27906.000000 27274.000000 
26300.000000 27979.000000 27198.000000 
26357.000000 27974.000000 27158.000000 
26347.000000 27978.000000 27185.000000 
26349.000000 27973.000000 27160.000000 
26342.000000 27981.000000 27157.000000 
26344.000000 27979.000000 27178.000000 
26346.000000 27993.000000 27149.000000 
26324.000000 27994.000000 27182.000000 
26378.000000 27989.000000 27128.000000 
26332.000000 27988.000000 27162.000000 
26344.000000 28004.000000 27155.000000 
26299.000000 28009.000000 27165.000000 
26294.000000 28020.000000 27144.000000 
26330.000000 28012.000000 27164.000000 
26356.000000 28006.000000 27137.000000 
26336.000000 28017.000000 27148.000000 
26308.000000 28049.000000 27102.000000 
26323.000000 28024.000000 27137.000000 
26337.000000 28023.000000 27140.000000 
26343.000000 28019.000000 27126.000000 
26333.000000 28011.000000 27153.000000 
26303.000000 28026.000000 27121.000000 
26307.000000 28032.000000 27112.000000 
26286.000000 28033.000000 27110.000000 
26342.000000 28053.000000 27099.000000 
26388.000000 28050.000000 27076.000000 
26335.000000 28058.000000 27095.000000 
26341.000000 28058.000000 27065.000000 
26400.000000 28052.000000 27041.000000 
26408.000000 28044.000000 27047.000000 
26349.000000 28060.000000 27044.000000 
26366.000000 28055.000000 27052.000000 
26367.000000 28060.000000 27034.000000 
26360.000000 28057.000000 27083.000000 
26350.000000 28077.000000 27030.000000 
26393.000000 28057.000000 27037.000000 
26367.000000 28142.000000 26938.000000 
26358.000000 28171.000000 26921.000000 
26346.000000 28149.000000 26938.000000 
26371.000000 28184.000000 26893.000000 
26360.000000 28166.000000 26919.000000 
26387.000000 28162.000000 26934.000000 
26340.000000 28173.000000 26907.000000 
26380.000000 28190.000000 26887.000000 
26439.000000 28244.000000 26791.000000 
26339.000000 28222.000000 26861.000000 
26315.000000 28229.000000 26859.000000 
26392.000000 28209.000000 26820.000000 
26398.000000 28206.000000 26802.000000 
26478.000000 28279.000000 26729.000000 
26429.000000 28283.000000 26719.000000 
26451.000000 28261.000000 26742.000000 
26407.000000 28264.000000 26773.000000 
26421.000000 28291.000000 26732.000000 
26429.000000 28295.000000 26697.000000 
26458.000000 28281.000000 26712.000000 
26437.000000 28288.000000 26690.000000 
26425.000000 28281.000000 26763.000000 
26442.000000 28287.000000 26693.000000 
26457.000000 28307.000000 26681.000000 
26466.000000 28297.000000 26671.000000 
26462.000000 28328.000000 26590.000000 
26497.000000 28319.000000 26611.000000 
26460.000000 28320.000000 26637.000000 
26465.000000 28330.000000 26588.000000 
26471.000000 28326.000000 26574.000000 
26463.000000 28346.000000 26572.000000 
26460.000000 28343.000000 26589.000000 
26512.000000 28366.000000 26492.000000 
26561.000000 28363.000000 26515.000000 
26497.000000 28383.000000 26483.000000 
26576.000000 28359.000000 26487.000000 
26535.000000 28371.000000 26471.000000 
26580.000000 28368.000000 26467.000000 
26597.000000 28394.000000 26457.000000 
26587.000000 28373.000000 26459.000000 
26529.000000 28433.000000 26437.000000 
26567.000000 28413.000000 26437.000000 
26507.000000 28432.000000 26444.000000 
26495.000000 28434.000000 26486.000000 
26482.000000 28442.000000 26417.000000 
26557.000000 28433.000000 26416.000000 
26609.000000 28431.000000 26407.000000 
26591.000000 28442.000000 26410.000000 
26552.000000 28435.000000 26417.000000 
26560.000000 28439.000000 26411.000000 
26534.000000 28440.000000 26421.000000 
26568.000000 28454.000000 26397.000000 
26568.000000 28448.000000 26403.000000 
26572.000000 28457.000000 26396.000000 
26584.000000 28451.000000 26383.000000 
26555.000000 28463.000000 26403.000000 
26562.000000 28466.000000 26367.000000 
26597.000000 28460.000000 26382.000000 
26537.000000 28474.000000 26373.000000 
26632.000000 28486.000000 26295.000000 
26668.000000 28467.000000 26327.000000 
26564.000000 28493.000000 26320.000000 
26606.000000 28475.000000 26338.000000 
26600.000000 28475.000000 26357.000000 
26659.000000 28475.000000 26257.000000 
26566.000000 28480.000000 26318.000000 
26628.000000 28527.000000 26236.000000 
26603.000000 28547.000000 26232.000000 
26638.000000 28525.000000 26237.000000 
26656.000000 28523.000000 26264.000000 
26614.000000 28522.000000 26282.000000 
26621.000000 28526.000000 26251.000000 
26600.000000 28528.000000 26249.000000 
26620.000000 28557.000000 26205.000000 
26688.000000 28555.000000 26112.000000 
26634.000000 28553.000000 26163.000000 
26662.000000 28542.000000 26160.000000 
26645.000000 28545.000000 26138.000000 
26625.000000 28592.000000 26111.000000 
26621.000000 28582.000000 26150.000000 
26631.000000 28590.000000 26113.000000 
26645.000000 28583.000000 26123.000000 
26675.000000 28590.000000 26110.000000 
26663.000000 28599.000000 26075.000000 
26681.000000 28598.000000 26069.000000 
26655.000000 28602.000000 26085.000000 
26634.000000 28609.000000 26080.000000 
26576.000000 28662.000000 25959.000000 
26597.000000 28674.000000 25898.000000 
26635.000000 28673.000000 25892.000000 
26570.000000 28676.000000 25930.000000 
26636.000000 28652.000000 25912.000000 
26615.000000 28653.000000 25934.000000 
26583.000000 28700.000000 25832.000000 
26631.000000 28671.000000 25917.000000 
26614.000000 28678.000000 25849.000000 
26615.000000 28675.000000 25848.000000 
26555.000000 28719.000000 25805.000000 
26579.000000 28702.000000 25751.000000 
26568.000000 28710.000000 25794.000000 
26618.000000 28699.000000 25809.000000 
26613.000000 28705.000000 25742.000000 
26568.000000 28703.000000 25811.000000 
26625.000000 28721.000000 25735.000000 
26574.000000 28730.000000 25739.000000 
26621.000000 28733.000000 25651.000000 
26607.000000 28725.000000 25704.000000 
26569.000000 28731.000000 25756.000000 
26594.000000 28736.000000 25735.000000 
26601.000000 28742.000000 25683.000000 
26582.000000 28744.000000 25657.000000 
26597.000000 28741.000000 25684.000000 
26585.000000 28739.000000 25693.000000 
26581.000000 28757.000000 25668.000000 
26570.000000 28742.000000 25696.000000 
26591.000000 28743.000000 25649.000000 
26574.000000 28740.000000 25688.000000 
26584.000000 28744.000000 25606.000000 
26559.000000 28747.000000 25747.000000 
26586.000000 28762.000000 25504.000000 
26560.000000 28768.000000 25510.000000 
26564.000000 28759.000000 25559.000000 
26499.000000 28824.000000 25299.000000 
26552.000000 28807.000000 25294.000000 
26549.000000 28805.000000 25315.000000 
26528.000000 28806.000000 25382.000000 
26578.000000 28820.000000 25237.000000 
26571.000000 28829.000000 25166.000000 
26544.000000 28841.000000 25163.000000 
26605.000000 28824.000000 25183.000000 
26583.000000 28823.000000 25198.000000 
26563.000000 28826.000000 25235.000000 
26581.000000 28828.000000 25099.000000 
26561.000000 28834.000000 25197.000000 
26562.000000 28839.000000 25178.000000 
26492.000000 28881.000000 25083.000000 
26488.000000 28886.000000 25094.000000 
26506.000000 28873.000000 25121.000000 
26500.000000 28874.000000 25072.000000 
26521.000000 28874.000000 25070.000000 
26547.000000 28904.000000 25026.000000 
26479.000000 28906.000000 25095.000000 
26541.000000 28911.000000 25044.000000 
26566.000000 28903.000000 25053.000000 
26498.000000 28947.000000 25001.000000 
26519.000000 28945.000000 24940.000000 
26532.000000 28952.000000 24881.000000 
26506.000000 28953.000000 24922.000000 
26508.000000 28994.000000 24903.000000 
26519.000000 29006.000000 24788.000000 
26482.000000 28995.000000 24807.000000 
26504.000000 29017.000000 24804.000000 
26519.000000 29014.000000 24755.000000 
26537.000000 29012.000000 24753.000000 
26548.000000 29026.000000 24728.000000 
26521.000000 29018.000000 24750.000000 
26560.000000 29018.000000 24722.000000 
26519.000000 29040.000000 24709.000000 
26541.000000 29027.000000 24746.000000 
26539.000000 29044.000000 24708.000000 
26560.000000 29021.000000 24678.000000 
26587.000000 29016.000000 24681.000000 
26556.000000 29021.000000 24706.000000 
26569.000000 29023.000000 24628.000000 
26563.000000 29018.000000 24650.000000 
26669.000000 28296.000000 26151.000000 
26894.000000 25020.000000 28626.000000 
26775.000000 24333.000000 29211.000000 
26601.000000 24088.000000 29390.000000 
26636.000000 24135.000000 29389.000000 
26660.000000 24060.000000 29393.000000 
26665.000000 24051.000000 29392.000000 
26650.000000 24030.000000 29395.000000 
26663.000000 24102.000000 29389.000000 
26658.000000 23993.000000 29408.000000 
26704.000000 23977.000000 29393.000000 
26680.000000 23983.000000 29389.000000 
26679.000000 24005.000000 29398.000000 
26663.000000 23964.000000 29426.000000 
26674.000000 23841.000000 29418.000000 
26653.000000 23881.000000 29431.000000 
26669.000000 23908.000000 29418.000000 
26628.000000 23852.000000 29448.000000 
26646.000000 23888.000000 29435.000000 
26652.000000 23868.000000 29437.000000 
26655.000000 23854.000000 29428.000000 
26645.000000 23869.000000 29444.000000 
26636.000000 24024.000000 29410.000000 
26641.000000 23958.000000 29431.000000 
26651.000000 23995.000000 29408.000000 
26746.000000 24229.000000 29368.000000 
26740.000000 24228.000000 29377.000000 
26709.000000 24233.000000 29379.000000 
26702.000000 24283.000000 29377.000000 
26734.000000 24253.000000 29374.000000 
26700.000000 24282.000000 29382.000000 
26739.000000 24271.000000 29369.000000 
26712.000000 24380.000000 29345.000000 
26728.000000 24345.000000 29346.000000 
26692.000000 24327.000000 29354.000000 
26759.000000 24326.000000 29338.000000 
26689.000000 24374.000000 29356.000000 
26687.000000 24334.000000 29361.000000 
26712.000000 24315.000000 29368.000000 
26686.000000 24362.000000 29381.000000 
26758.000000 24343.000000 29353.000000 
26729.000000 24530.000000 29292.000000 
26691.000000 24454.000000 29325.000000 
26668.000000 24451.000000 29327.000000 
26732.000000 24503.000000 29288.000000 
26711.000000 24563.000000 29284.000000 
26713.000000 24531.000000 29302.000000 
26685.000000 24619.000000 29286.000000 
26694.000000 24526.000000 29317.000000 
26717.000000 24554.000000 29298.000000 
26713.000000 24618.000000 29267.000000 
26706.000000 24610.000000 29269.000000 
26725.000000 24715.000000 29241.000000 
26740.000000 24674.000000 29249.000000 
26742.000000 24682.000000 29236.000000 
26723.000000 24718.000000 29226.000000 
26747.000000 24660.000000 29243.000000 
26731.000000 24679.000000 29265.000000 
26766.000000 24727.000000 29200.000000 
26782.000000 24694.000000 29206.000000 
26777.000000 24797.000000 29165.000000 
26774.000000 24797.000000 29172.000000 
26777.000000 24789.000000 29166.000000 
26753.000000 24834.000000 29146.000000 
26744.000000 24814.000000 29181.000000 
26784.000000 24801.000000 29155.000000 
26760.000000 24800.000000 29168.000000 
26801.000000 24819.000000 29140.000000 
26827.000000 24840.000000 29116.000000 
26807.000000 24845.000000 29126.000000 
26786.000000 24841.000000 29144.000000 
26808.000000 24823.000000 29136.000000 
26834.000000 24846.000000 29113.000000 
26806.000000 25040.000000 29089.000000 
26825.000000 25057.000000 29051.000000 
26847.000000 25029.000000 29027.000000 
26826.000000 25177.000000 28982.000000 
26806.000000 25134.000000 29028.000000 
26829.000000 25159.000000 28992.000000 
26766.000000 25174.000000 29041.000000 
26817.000000 25183.000000 29010.000000 
26820.000000 25137.000000 29001.000000 
26769.000000 25158.000000 29019.000000 
26813.000000 25345.000000 28937.000000 
26777.000000 25298.000000 28940.000000 
26791.000000 25292.000000 28957.000000 
26866.000000 25317.000000 28933.000000 
26811.000000 25535.000000 28854.000000 
26804.000000 25516.000000 28886.000000 
26840.000000 25508.000000 28858.000000 
26826.000000 25528.000000 28882.000000 
26806.000000 25546.000000 28875.000000 
26778.000000 25576.000000 28873.000000 
26846.000000 25526.000000 28846.000000 
26810.000000 25656.000000 28854.000000 
26814.000000 25647.000000 28829.000000 
26788.000000 25621.000000 28863.000000 
26796.000000 25681.000000 28826.000000 
26771.000000 25863.000000 28742.000000 
26752.000000 25865.000000 28748.000000 
26776.000000 25893.000000 28715.000000 
26767.000000 25866.000000 28737.000000 
26743.000000 25896.000000 28717.000000 
26745.000000 25884.000000 28737.000000 
26763.000000 25886.000000 28723.000000 
26751.000000 25876.000000 28726.000000 
26759.000000 26014.000000 28665.000000 
26702.000000 26052.000000 28662.000000 
26722.000000 26031.000000 28683.000000 
26725.000000 26007.000000 28683.000000 
26733.000000 26019.000000 28664.000000 
26737.000000 26020.000000 28660.000000 
26741.000000 26047.000000 28659.000000 
26740.000000 26166.000000 28586.000000 
26729.000000 26217.000000 28570.000000 
26752.000000 26166.000000 28583.000000 
26768.000000 26183.000000 28574.000000 
26720.000000 26195.000000 28589.000000 
26733.000000 26189.000000 28579.000000 
26722.000000 26175.000000 28588.000000 
26755.000000 26314.000000 28533.000000 
26740.000000 26317.000000 28516.000000 
26721.000000 26292.000000 28545.000000 
26717.000000 26384.000000 28481.000000 
26700.000000 26408.000000 28474.000000 
26697.000000 26381.000000 28521.000000 
26693.000000 26441.000000 28483.000000 
26698.000000 26417.000000 28506.000000 
26712.000000 26401.000000 28512.000000 
26714.000000 26520.000000 28424.000000 
26688.000000 26513.000000 28434.000000 
26700.000000 26490.000000 28438.000000 
26754.000000 26497.000000 28426.000000 
26697.000000 26491.000000 28430.000000 
26702.000000 26558.000000 28407.000000 
26765.000000 26532.000000 28402.000000 
26731.000000 26575.000000 28393.000000 
26709.000000 26525.000000 28420.000000 
26711.000000 26525.000000 28414.000000 
26758.000000 26525.000000 28404.000000 
26738.000000 26539.000000 28398.000000 
26752.000000 26550.000000 28391.000000 
26740.000000 26530.000000 28404.000000 
26790.000000 26547.000000 28379.000000 
26793.000000 26598.000000 28343.000000 
26771.000000 26600.000000 28357.000000 
26789.000000 26552.000000 28390.000000 
26784.000000 26571.000000 28377.000000 
26792.000000 26593.000000 28350.000000 
26762.000000 26574.000000 28366.000000 
26791.000000 26579.000000 28358.000000 
26787.000000 26569.000000 28375.000000 
26800.000000 26570.000000 28370.000000 
26771.000000 26616.000000 28325.000000 
26766.000000 26602.000000 28339.000000 
26769.000000 26630.000000 28309.000000 
26943.000000 26693.000000 28173.000000 
26937.000000 26701.000000 28200.000000 
26949.000000 26683.000000 28181.000000 
26955.000000 26675.000000 28190.000000 
26935.000000 26671.000000 28214.000000 
26946.000000 26689.000000 28211.000000 
26965.000000 26691.000000 28174.000000 
26952.000000 26676.000000 28184.000000 
27002.000000 26689.000000 28169.000000 
26988.000000 26821.000000 28041.000000 
26997.000000 26813.000000 28037.000000 
26975.000000 26828.000000 28063.000000 
26963.000000 26807.000000 28091.000000 
26985.000000 26845.000000 28034.000000 
27036.000000 26841.000000 28010.000000 
26966.000000 26862.000000 28071.000000 
26968.000000 26848.000000 28053.000000 
26970.000000 26877.000000 28038.000000 
27003.000000 26874.000000 28016.000000 
26949.000000 26876.000000 28057.000000 
26959.000000 26892.000000 28033.000000 
26973.000000 26872.000000 28035.000000 
27014.000000 26924.000000 27997.000000 
27010.000000 26955.000000 27969.000000 
27014.000000 26943.000000 27958.000000 
27033.000000 26930.000000 27959.000000 
26998.000000 26920.000000 27999.000000 
27007.000000 26910.000000 28013.000000 
27041.000000 26927.000000 27961.000000 
27053.000000 26939.000000 27943.000000 
27031.000000 26969.000000 27927.000000 
27012.000000 26953.000000 27972.000000 
27024.000000 26953.000000 27929.000000 
27019.000000 26944.000000 27935.000000 
27014.000000 26941.000000 27963.000000 
27035.000000 26960.000000 27925.000000 
27033.000000 26951.000000 27929.000000 
27030.000000 26984.000000 27889.000000 
27021.000000 26997.000000 27872.000000 
27059.000000 27028.000000 27813.000000 
27053.000000 27012.000000 27831.000000 
27054.000000 27031.000000 27821.000000 
27015.000000 27022.000000 27828.000000 
26999.000000 27048.000000 27833.000000 
27019.000000 27016.000000 27836.000000 
27009.000000 27035.000000 27844.000000 
27075.000000 27098.000000 27764.000000 
27086.000000 27067.000000 27806.000000 
27114.000000 27059.000000 27765.000000 
27067.000000 27099.000000 27756.000000 
27114.000000 27066.000000 27757.000000 
27127.000000 27058.000000 27804.000000 
27098.000000 27062.000000 27786.000000 
27074.000000 27120.000000 27717.000000 
27065.000000 27145.000000 27729.000000 
27094.000000 27126.000000 27710.000000 
27092.000000 27117.000000 27714.000000 
27101.000000 27124.000000 27710.000000 
27113.000000 27103.000000 27710.000000 
27103.000000 27122.000000 27711.000000 
27081.000000 27148.000000 27701.000000 
27129.000000 27155.000000 27661.000000 
27144.000000 27147.000000 27708.000000 
27157.000000 27145.000000 27672.000000 
27125.000000 27281.000000 27506.000000 
27100.000000 27286.000000 27500.000000 
27129.000000 27277.000000 27538.000000 
27091.000000 27451.000000 27344.000000 
27088.000000 27473.000000 27365.000000 
27112.000000 27446.000000 27334.000000 
27122.000000 27444.000000 27338.000000 
27124.000000 27439.000000 27384.000000 
27100.000000 27489.000000 27304.000000 
27116.000000 27470.000000 27318.000000 
27046.000000 27568.000000 27304.000000 
27099.000000 27535.000000 27285.000000 
27079.000000 27529.000000 27330.000000 
27076.000000 27551.000000 27300.000000 
27097.000000 27529.000000 27287.000000 
27054.000000 27535.000000 27319.000000 
27118.000000 27576.000000 27252.000000 
27071.000000 27589.000000 27248.000000 
27071.000000 27569.000000 27280.000000 
27084.000000 27557.000000 27264.000000 
27102.000000 27588.000000 27250.000000 
27082.000000 27569.000000 27278.000000 
27092.000000 27555.000000 27299.000000 
27117.000000 27556.000000 27279.000000 
27051.000000 27650.000000 27205.000000 
27045.000000 27668.000000 27167.000000 
27049.000000 27638.000000 27235.000000 
27074.000000 27646.000000 27173.000000 
27041.000000 27686.000000 27156.000000 
27008.000000 27690.000000 27159.000000 
27041.000000 27700.000000 27143.000000 
27010.000000 27708.000000 27147.000000 
27040.000000 27692.000000 27147.000000 
27017.000000 27712.000000 27120.000000 
27093.000000 27702.000000 27132.000000 
27091.000000 27701.000000 27135.000000 
27055.000000 27748.000000 27093.000000 
27046.000000 27734.000000 27107.000000 
27055.000000 27729.000000 27118.000000 
27080.000000 27719.000000 27111.000000 
27088.000000 27746.000000 27088.000000 
27157.000000 27770.000000 27033.000000 
27093.000000 27807.000000 27011.000000 
27105.000000 27789.000000 27017.000000 
27100.000000 27783.000000 27059.000000 
27123.000000 27771.000000 27078.000000 
27143.000000 27785.000000 27016.000000 
27196.000000 27789.000000 27004.000000 
27155.000000 27764.000000 27044.000000 
27141.000000 27778.000000 27051.000000 
27150.000000 27765.000000 27040.000000 
27161.000000 27763.000000 27028.000000 
27134.000000 27782.000000 27066.000000 
27156.000000 27759.000000 27039.000000 
27152.000000 27829.000000 26977.000000 
27111.000000 27843.000000 26945.000000 
27135.000000 27832.000000 26931.000000 
27118.000000 27830.000000 26939.000000 
27118.000000 27837.000000 26927.000000 
27117.000000 27831.000000 26970.000000 
27159.000000 27817.000000 26965.000000 
27150.000000 27856.000000 26889.000000 
27124.000000 27874.000000 26915.000000 
27107.000000 27862.000000 26923.000000 
27088.000000 27928.000000 26876.000000 
27176.000000 27898.000000 26788.000000 
27143.000000 27918.000000 26824.000000 
27162.000000 27905.000000 26833.000000 
27135.000000 27905.000000 26872.000000 
27172.000000 27897.000000 26809.000000 
27231.000000 27907.000000 26746.000000 
27218.000000 27911.000000 26729.000000 
27181.000000 27979.000000 26701.000000 
27208.000000 27930.000000 26776.000000 
27194.000000 27951.000000 26745.000000 
27213.000000 27916.000000 26732.000000 
27215.000000 27907.000000 26785.000000 
27212.000000 27912.000000 26750.000000 
27153.000000 28021.000000 26652.000000 
27153.000000 28015.000000 26660.000000 
27147.000000 28003.000000 26701.000000 
27192.000000 27995.000000 26640.000000 
27175.000000 28001.000000 26657.000000 
27185.000000 28000.000000 26686.000000 
27191.000000 28007.000000 26606.000000 
27156.000000 28006.000000 26634.000000 
27166.000000 28081.000000 26580.000000 
27150.000000 28067.000000 26598.000000 
27144.000000 28044.000000 26622.000000 
27134.000000 28039.000000 26649.000000 
27139.000000 28054.000000 26622.000000 
27159.000000 28055.000000 26604.000000 
27129.000000 28041.000000 26645.000000 
27151.000000 28043.000000 26609.000000 
27131.000000 28048.000000 26638.000000 
27199.000000 28097.000000 26515.000000 
27161.000000 28090.000000 26561.000000 
27213.000000 28097.000000 26498.000000 
27161.000000 28094.000000 26540.000000 
27153.000000 28113.000000 26550.000000 
27180.000000 28094.000000 26537.000000 
27217.000000 28125.000000 26453.000000 
27212.000000 28135.000000 26425.000000 
27217.000000 28136.000000 26413.000000 
27184.000000 28155.000000 26456.000000 
27184.000000 28139.000000 26457.000000 
27227.000000 28139.000000 26410.000000 
27202.000000 28127.000000 26466.000000 
27241.000000 28135.000000 26421.000000 
27219.000000 28131.000000 26427.000000 
27298.000000 28154.000000 26319.000000 
27276.000000 28153.000000 26397.000000 
27265.000000 28157.000000 26356.000000 
27261.000000 28180.000000 26355.000000 
27282.000000 28158.000000 26295.000000 
27274.000000 28166.000000 26319.000000 
27289.000000 28152.000000 26353.000000 
27312.000000 28185.000000 26274.000000 
27268.000000 28160.000000 26354.000000 
27285.000000 28194.000000 26254.000000 
27233.000000 28223.000000 26259.000000 
27209.000000 28228.000000 26268.000000 
27263.000000 28211.000000 26294.000000 
27220.000000 28213.000000 26340.000000 
27248.000000 28218.000000 26225.000000 
27235.000000 28228.000000 26220.000000 
27272.000000 28243.000000 26175.000000 
27251.000000 28215.000000 26240.000000 
27270.000000 28229.000000 26196.000000 
27267.000000 28220.000000 26211.000000 
27294.000000 28230.000000 26188.000000 
27285.000000 28239.000000 26130.000000 
27273.000000 28266.000000 26123.000000 
27311.000000 28231.000000 26173.000000 
27277.000000 28240.000000 26156.000000 
27264.000000 28232.000000 26211.000000 
27245.000000 28254.000000 26152.000000 
27274.000000 28255.000000 26113.000000 
27264.000000 28268.000000 26112.000000 
27293.000000 28272.000000 26064.000000 
27366.000000 28287.000000 26044.000000 
27285.000000 28288.000000 26064.000000 
27282.000000 28301.000000 26096.000000 
27357.000000 28325.000000 26048.000000 
27428.000000 28312.000000 26017.000000 
27388.000000 28334.000000 26004.000000 
27383.000000 28332.000000 26015.000000 
27369.000000 28353.000000 25959.000000 
27383.000000 28344.000000 26001.000000 
27387.000000 28367.000000 25929.000000 
27415.000000 28347.000000 25941.000000 
27416.000000 28347.000000 25921.000000 
27411.000000 28360.000000 25953.000000 
27409.000000 28349.000000 25964.000000 
27411.000000 28371.000000 25920.000000 
27397.000000 28368.000000 25921.000000 
27405.000000 28380.000000 25887.000000 
27468.000000 28367.000000 25873.000000 
27460.000000 28372.000000 25857.000000 
27480.000000 28362.000000 25852.000000 
27414.000000 28369.000000 25894.000000 
27441.000000 28371.000000 25890.000000 
27455.000000 28412.000000 25781.000000 
27438.000000 28383.000000 25843.000000 
27431.000000 28416.000000 25786.000000 
27481.000000 28394.000000 25818.000000 
27451.000000 28378.000000 25834.000000 
27465.000000 28384.000000 25831.000000 
27454.000000 28381.000000 25832.000000 
27498.000000 28387.000000 25784.000000 
27485.000000 28405.000000 25783.000000 
27440.000000 28402.000000 25838.000000 
27451.000000 28398.000000 25801.000000 
27450.000000 28402.000000 25826.000000 
27425.000000 28442.000000 25774.000000 
27428.000000 28404.000000 25819.000000 
27439.000000 28428.000000 25720.000000 
27375.000000 28491.000000 25608.000000 
27406.000000 28473.000000 25672.000000 
27426.000000 28478.000000 25639.000000 
27399.000000 28488.000000 25585.000000 
27448.000000 28465.000000 25624.000000 
27419.000000 28487.000000 25663.000000 
27445.000000 28462.000000 25704.000000 
27490.000000 28466.000000 25595.000000 
27469.000000 28471.000000 25611.000000 
27477.000000 28476.000000 25560.000000 
27482.000000 28467.000000 25539.000000 
27430.000000 28475.000000 25599.000000 
27446.000000 28477.000000 25576.000000 
27457.000000 28476.000000 25584.000000 
27436.000000 28479.000000 25557.000000 
27493.000000 28467.000000 25472.000000 
27484.000000 28469.000000 25506.000000 
27521.000000 28491.000000 25396.000000 
27534.000000 28509.000000 25286.000000 
27517.000000 28507.000000 25384.000000 
27525.000000 28502.000000 25339.000000 
27512.000000 28516.000000 25432.000000 
27507.000000 28503.000000 25443.000000 
27521.000000 28511.000000 25260.000000 
27495.000000 28532.000000 25088.000000 
27498.000000 28521.000000 25140.000000 
27550.000000 28511.000000 25138.000000 
27526.000000 28518.000000 25178.000000 
27535.000000 28517.000000 25091.000000 
27574.000000 28517.000000 25075.000000 
27587.000000 28512.000000 25124.000000 
27567.000000 28515.000000 25119.000000 
27540.000000 28519.000000 25083.000000 
27580.000000 28510.000000 25134.000000 
27540.000000 28514.000000 25145.000000 
27569.000000 28514.000000 25109.000000 
27519.000000 28516.000000 25208.000000 
27529.000000 28523.000000 25069.000000 
