1.749100000000000000e+04 1.839600000000000000e+04
1.746000000000000000e+04 1.843400000000000000e+04
1.736400000000000000e+04 1.851700000000000000e+04
1.742900000000000000e+04 1.851100000000000000e+04
1.744600000000000000e+04 1.844300000000000000e+04
1.719100000000000000e+04 1.860500000000000000e+04
1.725400000000000000e+04 1.858200000000000000e+04
1.727000000000000000e+04 1.855400000000000000e+04
1.776600000000000000e+04 1.832500000000000000e+04
1.771600000000000000e+04 1.837400000000000000e+04
1.772900000000000000e+04 1.835300000000000000e+04
1.749200000000000000e+04 1.854700000000000000e+04
1.777300000000000000e+04 1.827400000000000000e+04
1.770100000000000000e+04 1.846700000000000000e+04
1.779100000000000000e+04 1.820300000000000000e+04
1.772400000000000000e+04 1.836400000000000000e+04
1.767400000000000000e+04 1.852100000000000000e+04
1.785700000000000000e+04 1.818900000000000000e+04
1.748500000000000000e+04 1.855300000000000000e+04
1.727400000000000000e+04 1.857800000000000000e+04
1.761500000000000000e+04 1.851800000000000000e+04
1.714100000000000000e+04 1.865900000000000000e+04
1.726200000000000000e+04 1.864100000000000000e+04
1.761400000000000000e+04 1.852700000000000000e+04
1.766900000000000000e+04 1.850500000000000000e+04
1.772900000000000000e+04 1.846200000000000000e+04
1.776000000000000000e+04 1.838000000000000000e+04
