2.522800000000000000e+04 2.628500000000000000e+04
2.529700000000000000e+04 2.628200000000000000e+04
2.605700000000000000e+04 2.614500000000000000e+04
2.603000000000000000e+04 2.622700000000000000e+04
2.611900000000000000e+04 2.610800000000000000e+04
2.571000000000000000e+04 2.622000000000000000e+04
2.577800000000000000e+04 2.619100000000000000e+04
2.569500000000000000e+04 2.624000000000000000e+04
2.584800000000000000e+04 2.614800000000000000e+04
2.627800000000000000e+04 2.598100000000000000e+04
2.625000000000000000e+04 2.607300000000000000e+04
2.643000000000000000e+04 2.592500000000000000e+04
2.627900000000000000e+04 2.594600000000000000e+04
2.625600000000000000e+04 2.604900000000000000e+04
2.634900000000000000e+04 2.592800000000000000e+04
2.603200000000000000e+04 2.624300000000000000e+04
2.608500000000000000e+04 2.621000000000000000e+04
2.622700000000000000e+04 2.607500000000000000e+04
2.615600000000000000e+04 2.607900000000000000e+04
2.626500000000000000e+04 2.601700000000000000e+04
2.615200000000000000e+04 2.619200000000000000e+04
2.624600000000000000e+04 2.602400000000000000e+04
