8.134000000000000000e+03 9.447000000000000000e+03
8.187000000000000000e+03 9.415000000000000000e+03
8.241000000000000000e+03 9.414000000000000000e+03
8.277000000000000000e+03 9.413000000000000000e+03
8.071000000000000000e+03 9.454000000000000000e+03
8.062000000000000000e+03 9.472000000000000000e+03
8.360000000000000000e+03 9.389000000000000000e+03
8.314000000000000000e+03 9.391000000000000000e+03
8.284000000000000000e+03 9.406000000000000000e+03
8.540000000000000000e+03 9.267000000000000000e+03
8.557000000000000000e+03 9.247000000000000000e+03
8.564000000000000000e+03 9.241000000000000000e+03
8.512000000000000000e+03 9.312000000000000000e+03
8.679000000000000000e+03 9.194000000000000000e+03
8.773000000000000000e+03 9.175000000000000000e+03
8.425000000000000000e+03 9.368000000000000000e+03
8.668000000000000000e+03 9.221000000000000000e+03
8.825000000000000000e+03 9.155000000000000000e+03
8.833000000000000000e+03 9.016000000000000000e+03
8.108000000000000000e+03 9.470000000000000000e+03
8.368000000000000000e+03 9.420000000000000000e+03
8.436000000000000000e+03 9.409000000000000000e+03
8.419000000000000000e+03 9.410000000000000000e+03
8.090000000000000000e+03 9.515000000000000000e+03
8.367000000000000000e+03 9.440000000000000000e+03
8.454000000000000000e+03 9.383000000000000000e+03
8.641000000000000000e+03 9.358000000000000000e+03
8.606000000000000000e+03 9.369000000000000000e+03
8.359000000000000000e+03 9.461000000000000000e+03
8.369000000000000000e+03 9.414000000000000000e+03
8.767000000000000000e+03 9.248000000000000000e+03
8.897000000000000000e+03 9.139000000000000000e+03
8.891000000000000000e+03 9.162000000000000000e+03
8.758000000000000000e+03 9.271000000000000000e+03
8.749000000000000000e+03 9.313000000000000000e+03
8.807000000000000000e+03 9.213000000000000000e+03
8.789000000000000000e+03 9.243000000000000000e+03
8.843000000000000000e+03 9.179000000000000000e+03
8.873000000000000000e+03 9.164000000000000000e+03
8.953000000000000000e+03 9.058000000000000000e+03
8.978000000000000000e+03 8.921000000000000000e+03
8.834000000000000000e+03 9.182000000000000000e+03
8.976000000000000000e+03 9.003000000000000000e+03
8.908000000000000000e+03 9.076000000000000000e+03
8.662000000000000000e+03 9.480000000000000000e+03
8.676000000000000000e+03 9.435000000000000000e+03
8.814000000000000000e+03 9.146000000000000000e+03
8.800000000000000000e+03 9.161000000000000000e+03
8.797000000000000000e+03 9.214000000000000000e+03
8.783000000000000000e+03 9.290000000000000000e+03
8.879000000000000000e+03 9.108000000000000000e+03
8.748000000000000000e+03 9.400000000000000000e+03
8.825000000000000000e+03 9.114000000000000000e+03
8.789000000000000000e+03 9.269000000000000000e+03
8.781000000000000000e+03 9.307000000000000000e+03
