7.198000000000000000e+03 1.003600000000000000e+04
7.222000000000000000e+03 1.001000000000000000e+04
7.245000000000000000e+03 1.000800000000000000e+04
7.271000000000000000e+03 1.000200000000000000e+04
7.313000000000000000e+03 9.995000000000000000e+03
7.318000000000000000e+03 9.990000000000000000e+03
7.396000000000000000e+03 9.986000000000000000e+03
7.410000000000000000e+03 9.984000000000000000e+03
7.420000000000000000e+03 9.979000000000000000e+03
7.440000000000000000e+03 9.975000000000000000e+03
7.443000000000000000e+03 9.973000000000000000e+03
7.450000000000000000e+03 9.970000000000000000e+03
7.633000000000000000e+03 9.967000000000000000e+03
7.848000000000000000e+03 9.964000000000000000e+03
7.985000000000000000e+03 9.949000000000000000e+03
8.003000000000000000e+03 9.945000000000000000e+03
8.015000000000000000e+03 9.935000000000000000e+03
8.075000000000000000e+03 9.929000000000000000e+03
8.119000000000000000e+03 9.922000000000000000e+03
8.133000000000000000e+03 9.889000000000000000e+03
8.163000000000000000e+03 9.888000000000000000e+03
8.192000000000000000e+03 9.885000000000000000e+03
8.243000000000000000e+03 9.872000000000000000e+03
8.245000000000000000e+03 9.867000000000000000e+03
8.254000000000000000e+03 9.860000000000000000e+03
8.254000000000000000e+03 9.866000000000000000e+03
8.267000000000000000e+03 9.858000000000000000e+03
8.271000000000000000e+03 9.855000000000000000e+03
8.297000000000000000e+03 9.855000000000000000e+03
8.307000000000000000e+03 9.848000000000000000e+03
8.355000000000000000e+03 9.847000000000000000e+03
8.365000000000000000e+03 9.839000000000000000e+03
8.386000000000000000e+03 9.822000000000000000e+03
8.409000000000000000e+03 9.814000000000000000e+03
8.423000000000000000e+03 9.804000000000000000e+03
8.427000000000000000e+03 9.799000000000000000e+03
8.434000000000000000e+03 9.796000000000000000e+03
8.484000000000000000e+03 9.793000000000000000e+03
8.511000000000000000e+03 9.793000000000000000e+03
8.522000000000000000e+03 9.786000000000000000e+03
8.540000000000000000e+03 9.774000000000000000e+03
8.545000000000000000e+03 9.761000000000000000e+03
8.585000000000000000e+03 9.761000000000000000e+03
8.620000000000000000e+03 9.735000000000000000e+03
8.636000000000000000e+03 9.733000000000000000e+03
8.638000000000000000e+03 9.721000000000000000e+03
8.644000000000000000e+03 9.719000000000000000e+03
8.651000000000000000e+03 9.717000000000000000e+03
8.656000000000000000e+03 9.715000000000000000e+03
8.661000000000000000e+03 9.700000000000000000e+03
8.662000000000000000e+03 9.692000000000000000e+03
8.676000000000000000e+03 9.685000000000000000e+03
8.691000000000000000e+03 9.675000000000000000e+03
8.699000000000000000e+03 9.674000000000000000e+03
8.704000000000000000e+03 9.667000000000000000e+03
8.731000000000000000e+03 9.658000000000000000e+03
8.751000000000000000e+03 9.656000000000000000e+03
8.760000000000000000e+03 9.648000000000000000e+03
8.768000000000000000e+03 9.634000000000000000e+03
8.779000000000000000e+03 9.623000000000000000e+03
8.799000000000000000e+03 9.618000000000000000e+03
8.804000000000000000e+03 9.611000000000000000e+03
8.812000000000000000e+03 9.608000000000000000e+03
8.830000000000000000e+03 9.602000000000000000e+03
8.832000000000000000e+03 9.595000000000000000e+03
8.838000000000000000e+03 9.591000000000000000e+03
8.847000000000000000e+03 9.581000000000000000e+03
8.874000000000000000e+03 9.576000000000000000e+03
8.878000000000000000e+03 9.556000000000000000e+03
8.882000000000000000e+03 9.537000000000000000e+03
8.886000000000000000e+03 9.537000000000000000e+03
8.892000000000000000e+03 9.533000000000000000e+03
8.895000000000000000e+03 9.521000000000000000e+03
8.904000000000000000e+03 9.520000000000000000e+03
8.940000000000000000e+03 9.516000000000000000e+03
8.943000000000000000e+03 9.512000000000000000e+03
8.950000000000000000e+03 9.493000000000000000e+03
8.952000000000000000e+03 9.493000000000000000e+03
8.984000000000000000e+03 9.481000000000000000e+03
8.992000000000000000e+03 9.462000000000000000e+03
9.013000000000000000e+03 9.432000000000000000e+03
9.019000000000000000e+03 9.414000000000000000e+03
9.051000000000000000e+03 9.408000000000000000e+03
9.056000000000000000e+03 9.392000000000000000e+03
9.056000000000000000e+03 9.401000000000000000e+03
9.089000000000000000e+03 9.372000000000000000e+03
9.099000000000000000e+03 9.335000000000000000e+03
9.102000000000000000e+03 9.318000000000000000e+03
9.104000000000000000e+03 9.309000000000000000e+03
9.120000000000000000e+03 9.298000000000000000e+03
9.142000000000000000e+03 9.293000000000000000e+03
9.204000000000000000e+03 9.284000000000000000e+03
9.226000000000000000e+03 9.265000000000000000e+03
9.251000000000000000e+03 9.248000000000000000e+03
9.294000000000000000e+03 9.228000000000000000e+03
9.296000000000000000e+03 9.184000000000000000e+03
9.298000000000000000e+03 9.170000000000000000e+03
9.324000000000000000e+03 9.121000000000000000e+03
9.333000000000000000e+03 9.083000000000000000e+03
9.353000000000000000e+03 9.075000000000000000e+03
9.375000000000000000e+03 9.059000000000000000e+03
9.376000000000000000e+03 9.055000000000000000e+03
9.379000000000000000e+03 9.036000000000000000e+03
9.389000000000000000e+03 9.034000000000000000e+03
9.390000000000000000e+03 9.031000000000000000e+03
9.407000000000000000e+03 9.030000000000000000e+03
9.421000000000000000e+03 9.015000000000000000e+03
9.422000000000000000e+03 9.004000000000000000e+03
9.439000000000000000e+03 8.981000000000000000e+03
9.439000000000000000e+03 8.996000000000000000e+03
9.442000000000000000e+03 8.977000000000000000e+03
9.458000000000000000e+03 8.974000000000000000e+03
9.471000000000000000e+03 8.952000000000000000e+03
9.478000000000000000e+03 8.944000000000000000e+03
9.493000000000000000e+03 8.920000000000000000e+03
9.500000000000000000e+03 8.902000000000000000e+03
9.507000000000000000e+03 8.901000000000000000e+03
9.509000000000000000e+03 8.891000000000000000e+03
9.521000000000000000e+03 8.889000000000000000e+03
9.524000000000000000e+03 8.865000000000000000e+03
9.526000000000000000e+03 8.851000000000000000e+03
9.527000000000000000e+03 8.849000000000000000e+03
9.537000000000000000e+03 8.844000000000000000e+03
9.542000000000000000e+03 8.830000000000000000e+03
9.553000000000000000e+03 8.828000000000000000e+03
9.555000000000000000e+03 8.547000000000000000e+03
9.559000000000000000e+03 8.538000000000000000e+03
9.563000000000000000e+03 8.531000000000000000e+03
9.568000000000000000e+03 8.519000000000000000e+03
9.586000000000000000e+03 8.517000000000000000e+03
9.627000000000000000e+03 8.491000000000000000e+03
9.639000000000000000e+03 8.472000000000000000e+03
9.646000000000000000e+03 8.441000000000000000e+03
9.649000000000000000e+03 8.430000000000000000e+03
9.652000000000000000e+03 8.427000000000000000e+03
9.658000000000000000e+03 8.422000000000000000e+03
9.660000000000000000e+03 8.405000000000000000e+03
9.668000000000000000e+03 8.387000000000000000e+03
9.682000000000000000e+03 8.307000000000000000e+03
9.696000000000000000e+03 8.284000000000000000e+03
9.722000000000000000e+03 8.246000000000000000e+03
9.739000000000000000e+03 8.226000000000000000e+03
9.758000000000000000e+03 8.214000000000000000e+03
9.772000000000000000e+03 8.143000000000000000e+03
9.777000000000000000e+03 8.098000000000000000e+03
9.820000000000000000e+03 7.936000000000000000e+03
9.821000000000000000e+03 7.903000000000000000e+03
9.839000000000000000e+03 7.862000000000000000e+03
9.841000000000000000e+03 7.820000000000000000e+03
9.847000000000000000e+03 7.793000000000000000e+03
