7.486000000000000000e+03 1.004400000000000000e+04
7.494000000000000000e+03 1.003200000000000000e+04
7.518000000000000000e+03 1.002700000000000000e+04
7.568000000000000000e+03 1.002500000000000000e+04
7.578000000000000000e+03 1.001700000000000000e+04
7.692000000000000000e+03 1.001600000000000000e+04
7.754000000000000000e+03 1.001400000000000000e+04
7.880000000000000000e+03 1.000700000000000000e+04
7.926000000000000000e+03 1.000200000000000000e+04
7.955000000000000000e+03 9.994000000000000000e+03
7.975000000000000000e+03 9.990000000000000000e+03
7.982000000000000000e+03 9.988000000000000000e+03
7.983000000000000000e+03 9.984000000000000000e+03
8.041000000000000000e+03 9.983000000000000000e+03
8.088000000000000000e+03 9.969000000000000000e+03
8.095000000000000000e+03 9.967000000000000000e+03
8.099000000000000000e+03 9.964000000000000000e+03
8.100000000000000000e+03 9.960000000000000000e+03
8.141000000000000000e+03 9.954000000000000000e+03
8.153000000000000000e+03 9.949000000000000000e+03
8.167000000000000000e+03 9.945000000000000000e+03
8.192000000000000000e+03 9.942000000000000000e+03
8.224000000000000000e+03 9.928000000000000000e+03
8.226000000000000000e+03 9.927000000000000000e+03
8.254000000000000000e+03 9.920000000000000000e+03
8.263000000000000000e+03 9.915000000000000000e+03
8.272000000000000000e+03 9.913000000000000000e+03
8.320000000000000000e+03 9.909000000000000000e+03
8.383000000000000000e+03 9.883000000000000000e+03
8.384000000000000000e+03 9.863000000000000000e+03
8.440000000000000000e+03 9.861000000000000000e+03
8.444000000000000000e+03 9.855000000000000000e+03
8.453000000000000000e+03 9.843000000000000000e+03
8.457000000000000000e+03 9.836000000000000000e+03
8.469000000000000000e+03 9.835000000000000000e+03
8.493000000000000000e+03 9.830000000000000000e+03
8.574000000000000000e+03 9.823000000000000000e+03
8.595000000000000000e+03 9.807000000000000000e+03
8.605000000000000000e+03 9.806000000000000000e+03
8.628000000000000000e+03 9.788000000000000000e+03
8.629000000000000000e+03 9.776000000000000000e+03
8.643000000000000000e+03 9.774000000000000000e+03
8.645000000000000000e+03 9.770000000000000000e+03
8.652000000000000000e+03 9.764000000000000000e+03
8.665000000000000000e+03 9.758000000000000000e+03
8.676000000000000000e+03 9.754000000000000000e+03
8.677000000000000000e+03 9.751000000000000000e+03
8.690000000000000000e+03 9.741000000000000000e+03
8.694000000000000000e+03 9.739000000000000000e+03
8.697000000000000000e+03 9.731000000000000000e+03
8.707000000000000000e+03 9.728000000000000000e+03
8.716000000000000000e+03 9.727000000000000000e+03
8.731000000000000000e+03 9.717000000000000000e+03
8.740000000000000000e+03 9.709000000000000000e+03
8.750000000000000000e+03 9.695000000000000000e+03
8.761000000000000000e+03 9.693000000000000000e+03
8.769000000000000000e+03 9.681000000000000000e+03
8.770000000000000000e+03 9.670000000000000000e+03
8.806000000000000000e+03 9.666000000000000000e+03
8.824000000000000000e+03 9.664000000000000000e+03
8.828000000000000000e+03 9.653000000000000000e+03
8.834000000000000000e+03 9.642000000000000000e+03
8.840000000000000000e+03 9.635000000000000000e+03
8.860000000000000000e+03 9.633000000000000000e+03
8.865000000000000000e+03 9.622000000000000000e+03
8.876000000000000000e+03 9.620000000000000000e+03
8.878000000000000000e+03 9.619000000000000000e+03
8.884000000000000000e+03 9.617000000000000000e+03
8.894000000000000000e+03 9.605000000000000000e+03
8.906000000000000000e+03 9.593000000000000000e+03
8.910000000000000000e+03 9.586000000000000000e+03
8.927000000000000000e+03 9.585000000000000000e+03
8.929000000000000000e+03 9.583000000000000000e+03
8.936000000000000000e+03 9.579000000000000000e+03
8.946000000000000000e+03 9.569000000000000000e+03
8.948000000000000000e+03 9.567000000000000000e+03
8.950000000000000000e+03 9.559000000000000000e+03
8.956000000000000000e+03 9.558000000000000000e+03
8.970000000000000000e+03 9.554000000000000000e+03
8.980000000000000000e+03 9.551000000000000000e+03
8.990000000000000000e+03 9.540000000000000000e+03
9.008000000000000000e+03 9.530000000000000000e+03
9.019000000000000000e+03 9.523000000000000000e+03
9.020000000000000000e+03 9.520000000000000000e+03
9.036000000000000000e+03 9.505000000000000000e+03
9.046000000000000000e+03 9.504000000000000000e+03
9.047000000000000000e+03 9.490000000000000000e+03
9.057000000000000000e+03 9.489000000000000000e+03
9.069000000000000000e+03 9.483000000000000000e+03
9.083000000000000000e+03 9.479000000000000000e+03
9.084000000000000000e+03 9.463000000000000000e+03
9.085000000000000000e+03 9.454000000000000000e+03
9.106000000000000000e+03 9.449000000000000000e+03
9.111000000000000000e+03 9.436000000000000000e+03
9.119000000000000000e+03 9.435000000000000000e+03
9.124000000000000000e+03 9.430000000000000000e+03
9.134000000000000000e+03 9.414000000000000000e+03
9.136000000000000000e+03 9.409000000000000000e+03
9.141000000000000000e+03 9.406000000000000000e+03
9.142000000000000000e+03 9.401000000000000000e+03
9.158000000000000000e+03 9.396000000000000000e+03
9.170000000000000000e+03 9.390000000000000000e+03
9.183000000000000000e+03 9.381000000000000000e+03
9.199000000000000000e+03 9.375000000000000000e+03
9.200000000000000000e+03 9.361000000000000000e+03
9.201000000000000000e+03 9.354000000000000000e+03
9.207000000000000000e+03 9.353000000000000000e+03
9.208000000000000000e+03 9.349000000000000000e+03
9.211000000000000000e+03 9.344000000000000000e+03
9.228000000000000000e+03 9.340000000000000000e+03
9.231000000000000000e+03 9.339000000000000000e+03
9.239000000000000000e+03 9.332000000000000000e+03
9.248000000000000000e+03 9.323000000000000000e+03
9.262000000000000000e+03 9.313000000000000000e+03
9.264000000000000000e+03 9.294000000000000000e+03
9.272000000000000000e+03 9.291000000000000000e+03
9.275000000000000000e+03 9.277000000000000000e+03
9.282000000000000000e+03 9.270000000000000000e+03
9.286000000000000000e+03 9.269000000000000000e+03
9.292000000000000000e+03 9.263000000000000000e+03
9.300000000000000000e+03 9.252000000000000000e+03
9.303000000000000000e+03 9.246000000000000000e+03
9.307000000000000000e+03 9.244000000000000000e+03
9.313000000000000000e+03 9.229000000000000000e+03
9.332000000000000000e+03 9.224000000000000000e+03
9.333000000000000000e+03 9.208000000000000000e+03
9.336000000000000000e+03 9.197000000000000000e+03
9.349000000000000000e+03 9.194000000000000000e+03
9.350000000000000000e+03 9.187000000000000000e+03
9.360000000000000000e+03 9.182000000000000000e+03
9.370000000000000000e+03 9.178000000000000000e+03
9.372000000000000000e+03 9.165000000000000000e+03
9.380000000000000000e+03 9.155000000000000000e+03
9.391000000000000000e+03 9.153000000000000000e+03
9.393000000000000000e+03 9.147000000000000000e+03
9.397000000000000000e+03 9.120000000000000000e+03
9.406000000000000000e+03 9.116000000000000000e+03
9.415000000000000000e+03 9.108000000000000000e+03
9.430000000000000000e+03 9.100000000000000000e+03
9.442000000000000000e+03 9.081000000000000000e+03
9.457000000000000000e+03 9.061000000000000000e+03
9.469000000000000000e+03 9.042000000000000000e+03
9.472000000000000000e+03 9.033000000000000000e+03
9.485000000000000000e+03 9.029000000000000000e+03
9.490000000000000000e+03 8.996000000000000000e+03
9.495000000000000000e+03 8.994000000000000000e+03
9.501000000000000000e+03 8.992000000000000000e+03
9.502000000000000000e+03 8.988000000000000000e+03
9.509000000000000000e+03 8.976000000000000000e+03
9.516000000000000000e+03 8.962000000000000000e+03
9.518000000000000000e+03 8.954000000000000000e+03
9.528000000000000000e+03 8.951000000000000000e+03
9.542000000000000000e+03 8.932000000000000000e+03
9.557000000000000000e+03 8.914000000000000000e+03
9.560000000000000000e+03 8.881000000000000000e+03
9.566000000000000000e+03 8.869000000000000000e+03
9.571000000000000000e+03 8.855000000000000000e+03
9.578000000000000000e+03 8.845000000000000000e+03
9.581000000000000000e+03 8.830000000000000000e+03
9.589000000000000000e+03 8.827000000000000000e+03
9.590000000000000000e+03 8.812000000000000000e+03
9.595000000000000000e+03 8.808000000000000000e+03
9.600000000000000000e+03 8.801000000000000000e+03
9.601000000000000000e+03 8.800000000000000000e+03
9.606000000000000000e+03 8.796000000000000000e+03
9.616000000000000000e+03 8.792000000000000000e+03
9.620000000000000000e+03 8.782000000000000000e+03
9.627000000000000000e+03 8.756000000000000000e+03
9.635000000000000000e+03 8.732000000000000000e+03
9.637000000000000000e+03 8.723000000000000000e+03
9.643000000000000000e+03 8.708000000000000000e+03
9.654000000000000000e+03 8.701000000000000000e+03
9.660000000000000000e+03 8.697000000000000000e+03
9.665000000000000000e+03 8.687000000000000000e+03
9.667000000000000000e+03 8.671000000000000000e+03
9.669000000000000000e+03 8.657000000000000000e+03
9.670000000000000000e+03 8.648000000000000000e+03
9.672000000000000000e+03 8.642000000000000000e+03
9.675000000000000000e+03 8.631000000000000000e+03
9.676000000000000000e+03 8.625000000000000000e+03
9.680000000000000000e+03 8.624000000000000000e+03
9.687000000000000000e+03 8.612000000000000000e+03
9.693000000000000000e+03 8.584000000000000000e+03
9.694000000000000000e+03 8.574000000000000000e+03
9.700000000000000000e+03 8.572000000000000000e+03
9.704000000000000000e+03 8.569000000000000000e+03
9.711000000000000000e+03 8.559000000000000000e+03
9.722000000000000000e+03 8.516000000000000000e+03
9.724000000000000000e+03 8.503000000000000000e+03
9.727000000000000000e+03 8.474000000000000000e+03
9.729000000000000000e+03 8.464000000000000000e+03
9.730000000000000000e+03 8.463000000000000000e+03
9.734000000000000000e+03 8.460000000000000000e+03
9.737000000000000000e+03 8.446000000000000000e+03
9.744000000000000000e+03 8.430000000000000000e+03
9.745000000000000000e+03 8.397000000000000000e+03
9.746000000000000000e+03 8.386000000000000000e+03
9.749000000000000000e+03 8.385000000000000000e+03
9.762000000000000000e+03 8.372000000000000000e+03
9.775000000000000000e+03 8.345000000000000000e+03
9.788000000000000000e+03 8.248000000000000000e+03
9.798000000000000000e+03 8.231000000000000000e+03
9.807000000000000000e+03 8.197000000000000000e+03
9.808000000000000000e+03 8.177000000000000000e+03
9.818000000000000000e+03 8.146000000000000000e+03
9.821000000000000000e+03 8.095000000000000000e+03
9.823000000000000000e+03 8.090000000000000000e+03
9.824000000000000000e+03 8.033000000000000000e+03
9.826000000000000000e+03 7.976000000000000000e+03
9.830000000000000000e+03 7.916000000000000000e+03
9.832000000000000000e+03 7.827000000000000000e+03
