7.423000000000000000e+03 1.008900000000000000e+04
7.574000000000000000e+03 1.007700000000000000e+04
7.628000000000000000e+03 1.006200000000000000e+04
7.521000000000000000e+03 1.008000000000000000e+04
7.492000000000000000e+03 1.008500000000000000e+04
7.590000000000000000e+03 1.007000000000000000e+04
7.671000000000000000e+03 1.005800000000000000e+04
7.656000000000000000e+03 1.006100000000000000e+04
7.605000000000000000e+03 1.006900000000000000e+04
7.775000000000000000e+03 1.003600000000000000e+04
7.772000000000000000e+03 1.004800000000000000e+04
7.734000000000000000e+03 1.005700000000000000e+04
7.898000000000000000e+03 1.002500000000000000e+04
7.778000000000000000e+03 1.003200000000000000e+04
7.818000000000000000e+03 1.003100000000000000e+04
7.855000000000000000e+03 1.002600000000000000e+04
7.956000000000000000e+03 1.001700000000000000e+04
8.316000000000000000e+03 9.911000000000000000e+03
8.252000000000000000e+03 9.941000000000000000e+03
8.352000000000000000e+03 9.897000000000000000e+03
8.326000000000000000e+03 9.908000000000000000e+03
8.296000000000000000e+03 9.921000000000000000e+03
8.269000000000000000e+03 9.922000000000000000e+03
8.344000000000000000e+03 9.903000000000000000e+03
8.445000000000000000e+03 9.868000000000000000e+03
8.427000000000000000e+03 9.875000000000000000e+03
8.395000000000000000e+03 9.893000000000000000e+03
8.470000000000000000e+03 9.867000000000000000e+03
8.502000000000000000e+03 9.862000000000000000e+03
8.521000000000000000e+03 9.845000000000000000e+03
8.568000000000000000e+03 9.833000000000000000e+03
8.537000000000000000e+03 9.843000000000000000e+03
8.592000000000000000e+03 9.814000000000000000e+03
8.557000000000000000e+03 9.836000000000000000e+03
8.637000000000000000e+03 9.802000000000000000e+03
8.629000000000000000e+03 9.806000000000000000e+03
8.612000000000000000e+03 9.808000000000000000e+03
8.667000000000000000e+03 9.785000000000000000e+03
8.641000000000000000e+03 9.795000000000000000e+03
8.680000000000000000e+03 9.770000000000000000e+03
8.657000000000000000e+03 9.793000000000000000e+03
8.733000000000000000e+03 9.737000000000000000e+03
8.687000000000000000e+03 9.753000000000000000e+03
8.713000000000000000e+03 9.749000000000000000e+03
8.664000000000000000e+03 9.786000000000000000e+03
8.715000000000000000e+03 9.739000000000000000e+03
8.723000000000000000e+03 9.738000000000000000e+03
8.763000000000000000e+03 9.718000000000000000e+03
8.789000000000000000e+03 9.693000000000000000e+03
8.811000000000000000e+03 9.681000000000000000e+03
8.806000000000000000e+03 9.687000000000000000e+03
8.812000000000000000e+03 9.675000000000000000e+03
8.771000000000000000e+03 9.709000000000000000e+03
8.775000000000000000e+03 9.699000000000000000e+03
8.798000000000000000e+03 9.689000000000000000e+03
8.794000000000000000e+03 9.692000000000000000e+03
8.813000000000000000e+03 9.666000000000000000e+03
8.846000000000000000e+03 9.662000000000000000e+03
8.882000000000000000e+03 9.647000000000000000e+03
8.901000000000000000e+03 9.621000000000000000e+03
8.864000000000000000e+03 9.661000000000000000e+03
8.886000000000000000e+03 9.636000000000000000e+03
9.020000000000000000e+03 9.542000000000000000e+03
8.958000000000000000e+03 9.579000000000000000e+03
9.042000000000000000e+03 9.526000000000000000e+03
9.071000000000000000e+03 9.517000000000000000e+03
9.066000000000000000e+03 9.524000000000000000e+03
9.086000000000000000e+03 9.505000000000000000e+03
9.119000000000000000e+03 9.473000000000000000e+03
9.123000000000000000e+03 9.472000000000000000e+03
9.178000000000000000e+03 9.416000000000000000e+03
9.124000000000000000e+03 9.463000000000000000e+03
9.139000000000000000e+03 9.452000000000000000e+03
9.225000000000000000e+03 9.341000000000000000e+03
9.220000000000000000e+03 9.350000000000000000e+03
9.319000000000000000e+03 9.256000000000000000e+03
9.320000000000000000e+03 9.252000000000000000e+03
9.338000000000000000e+03 9.239000000000000000e+03
9.326000000000000000e+03 9.250000000000000000e+03
9.374000000000000000e+03 9.200000000000000000e+03
9.375000000000000000e+03 9.181000000000000000e+03
9.353000000000000000e+03 9.225000000000000000e+03
9.356000000000000000e+03 9.215000000000000000e+03
9.377000000000000000e+03 9.179000000000000000e+03
9.390000000000000000e+03 9.177000000000000000e+03
9.403000000000000000e+03 9.145000000000000000e+03
9.391000000000000000e+03 9.167000000000000000e+03
9.478000000000000000e+03 9.041000000000000000e+03
9.623000000000000000e+03 8.766000000000000000e+03
9.639000000000000000e+03 8.733000000000000000e+03
9.602000000000000000e+03 8.798000000000000000e+03
9.663000000000000000e+03 8.664000000000000000e+03
9.650000000000000000e+03 8.693000000000000000e+03
9.608000000000000000e+03 8.797000000000000000e+03
9.619000000000000000e+03 8.788000000000000000e+03
9.648000000000000000e+03 8.702000000000000000e+03
9.672000000000000000e+03 8.631000000000000000e+03
9.658000000000000000e+03 8.666000000000000000e+03
9.694000000000000000e+03 8.597000000000000000e+03
9.709000000000000000e+03 8.543000000000000000e+03
9.686000000000000000e+03 8.627000000000000000e+03
9.702000000000000000e+03 8.596000000000000000e+03
9.707000000000000000e+03 8.551000000000000000e+03
9.733000000000000000e+03 8.539000000000000000e+03
9.753000000000000000e+03 8.488000000000000000e+03
9.739000000000000000e+03 8.508000000000000000e+03
9.780000000000000000e+03 8.386000000000000000e+03
9.764000000000000000e+03 8.414000000000000000e+03
9.744000000000000000e+03 8.498000000000000000e+03
9.743000000000000000e+03 8.501000000000000000e+03
9.766000000000000000e+03 8.409000000000000000e+03
9.781000000000000000e+03 8.369000000000000000e+03
9.763000000000000000e+03 8.416000000000000000e+03
9.798000000000000000e+03 8.283000000000000000e+03
9.789000000000000000e+03 8.339000000000000000e+03
9.762000000000000000e+03 8.427000000000000000e+03
9.760000000000000000e+03 8.438000000000000000e+03
9.775000000000000000e+03 8.400000000000000000e+03
9.783000000000000000e+03 8.351000000000000000e+03
9.820000000000000000e+03 8.209000000000000000e+03
9.804000000000000000e+03 8.270000000000000000e+03
9.822000000000000000e+03 8.186000000000000000e+03
9.807000000000000000e+03 8.210000000000000000e+03
9.837000000000000000e+03 8.115000000000000000e+03
9.835000000000000000e+03 8.118000000000000000e+03
9.832000000000000000e+03 8.157000000000000000e+03
9.853000000000000000e+03 8.085000000000000000e+03
9.854000000000000000e+03 8.053000000000000000e+03
9.843000000000000000e+03 8.099000000000000000e+03
9.877000000000000000e+03 7.925000000000000000e+03
9.873000000000000000e+03 8.002000000000000000e+03
9.868000000000000000e+03 8.015000000000000000e+03
9.856000000000000000e+03 8.045000000000000000e+03
9.886000000000000000e+03 7.854000000000000000e+03
9.858000000000000000e+03 8.032000000000000000e+03
7.998000000000000000e+03 1.000400000000000000e+04
8.073000000000000000e+03 1.000300000000000000e+04
8.155000000000000000e+03 9.985000000000000000e+03
8.078000000000000000e+03 9.996000000000000000e+03
8.162000000000000000e+03 9.978000000000000000e+03
8.170000000000000000e+03 9.975000000000000000e+03
8.096000000000000000e+03 9.989000000000000000e+03
8.105000000000000000e+03 9.987000000000000000e+03
8.210000000000000000e+03 9.950000000000000000e+03
8.200000000000000000e+03 9.961000000000000000e+03
8.229000000000000000e+03 9.949000000000000000e+03
8.203000000000000000e+03 9.958000000000000000e+03
8.401000000000000000e+03 9.876000000000000000e+03
8.397000000000000000e+03 9.886000000000000000e+03
8.437000000000000000e+03 9.869000000000000000e+03
8.514000000000000000e+03 9.850000000000000000e+03
8.582000000000000000e+03 9.828000000000000000e+03
8.944000000000000000e+03 9.595000000000000000e+03
8.973000000000000000e+03 9.572000000000000000e+03
8.943000000000000000e+03 9.616000000000000000e+03
8.945000000000000000e+03 9.580000000000000000e+03
9.039000000000000000e+03 9.532000000000000000e+03
9.034000000000000000e+03 9.533000000000000000e+03
9.026000000000000000e+03 9.537000000000000000e+03
9.023000000000000000e+03 9.541000000000000000e+03
9.019000000000000000e+03 9.566000000000000000e+03
9.025000000000000000e+03 9.538000000000000000e+03
9.116000000000000000e+03 9.480000000000000000e+03
9.141000000000000000e+03 9.442000000000000000e+03
9.126000000000000000e+03 9.457000000000000000e+03
9.100000000000000000e+03 9.491000000000000000e+03
9.145000000000000000e+03 9.431000000000000000e+03
9.143000000000000000e+03 9.434000000000000000e+03
9.159000000000000000e+03 9.427000000000000000e+03
9.253000000000000000e+03 9.330000000000000000e+03
9.300000000000000000e+03 9.287000000000000000e+03
9.286000000000000000e+03 9.290000000000000000e+03
9.261000000000000000e+03 9.326000000000000000e+03
9.264000000000000000e+03 9.314000000000000000e+03
9.332000000000000000e+03 9.248000000000000000e+03
9.307000000000000000e+03 9.283000000000000000e+03
9.301000000000000000e+03 9.284000000000000000e+03
9.308000000000000000e+03 9.281000000000000000e+03
9.314000000000000000e+03 9.266000000000000000e+03
9.273000000000000000e+03 9.307000000000000000e+03
9.284000000000000000e+03 9.304000000000000000e+03
9.363000000000000000e+03 9.214000000000000000e+03
9.345000000000000000e+03 9.231000000000000000e+03
9.406000000000000000e+03 9.143000000000000000e+03
9.416000000000000000e+03 9.131000000000000000e+03
9.398000000000000000e+03 9.146000000000000000e+03
9.429000000000000000e+03 9.129000000000000000e+03
9.443000000000000000e+03 9.111000000000000000e+03
9.456000000000000000e+03 9.089000000000000000e+03
9.434000000000000000e+03 9.122000000000000000e+03
9.459000000000000000e+03 9.077000000000000000e+03
9.467000000000000000e+03 9.067000000000000000e+03
9.447000000000000000e+03 9.100000000000000000e+03
9.494000000000000000e+03 9.023000000000000000e+03
9.477000000000000000e+03 9.054000000000000000e+03
9.469000000000000000e+03 9.055000000000000000e+03
9.466000000000000000e+03 9.076000000000000000e+03
9.457000000000000000e+03 9.087000000000000000e+03
9.480000000000000000e+03 9.031000000000000000e+03
9.499000000000000000e+03 9.019000000000000000e+03
9.486000000000000000e+03 9.027000000000000000e+03
9.468000000000000000e+03 9.061000000000000000e+03
9.511000000000000000e+03 9.012000000000000000e+03
9.527000000000000000e+03 8.955000000000000000e+03
9.484000000000000000e+03 9.028000000000000000e+03
9.514000000000000000e+03 8.989000000000000000e+03
9.530000000000000000e+03 8.939000000000000000e+03
9.524000000000000000e+03 8.976000000000000000e+03
9.529000000000000000e+03 8.954000000000000000e+03
9.539000000000000000e+03 8.935000000000000000e+03
9.519000000000000000e+03 8.982000000000000000e+03
9.560000000000000000e+03 8.932000000000000000e+03
9.526000000000000000e+03 8.966000000000000000e+03
9.575000000000000000e+03 8.884000000000000000e+03
9.573000000000000000e+03 8.891000000000000000e+03
9.583000000000000000e+03 8.842000000000000000e+03
7.338000000000000000e+03 1.008500000000000000e+04
7.826000000000000000e+03 1.003900000000000000e+04
7.896000000000000000e+03 1.003100000000000000e+04
7.791000000000000000e+03 1.005300000000000000e+04
7.931000000000000000e+03 1.002900000000000000e+04
7.946000000000000000e+03 1.000300000000000000e+04
8.114000000000000000e+03 9.971000000000000000e+03
8.066000000000000000e+03 9.988000000000000000e+03
8.085000000000000000e+03 9.987000000000000000e+03
8.064000000000000000e+03 9.990000000000000000e+03
8.031000000000000000e+03 1.000000000000000000e+04
8.045000000000000000e+03 9.999000000000000000e+03
8.407000000000000000e+03 9.889000000000000000e+03
8.315000000000000000e+03 9.930000000000000000e+03
8.423000000000000000e+03 9.882000000000000000e+03
8.329000000000000000e+03 9.911000000000000000e+03
8.390000000000000000e+03 9.902000000000000000e+03
8.338000000000000000e+03 9.910000000000000000e+03
8.431000000000000000e+03 9.881000000000000000e+03
8.450000000000000000e+03 9.875000000000000000e+03
8.420000000000000000e+03 9.883000000000000000e+03
8.490000000000000000e+03 9.866000000000000000e+03
8.496000000000000000e+03 9.855000000000000000e+03
8.644000000000000000e+03 9.800000000000000000e+03
8.746000000000000000e+03 9.733000000000000000e+03
8.772000000000000000e+03 9.725000000000000000e+03
8.733000000000000000e+03 9.743000000000000000e+03
8.799000000000000000e+03 9.704000000000000000e+03
8.830000000000000000e+03 9.683000000000000000e+03
8.857000000000000000e+03 9.664000000000000000e+03
8.791000000000000000e+03 9.708000000000000000e+03
8.839000000000000000e+03 9.670000000000000000e+03
8.834000000000000000e+03 9.678000000000000000e+03
8.907000000000000000e+03 9.642000000000000000e+03
8.847000000000000000e+03 9.667000000000000000e+03
8.899000000000000000e+03 9.657000000000000000e+03
8.994000000000000000e+03 9.581000000000000000e+03
8.958000000000000000e+03 9.599000000000000000e+03
8.912000000000000000e+03 9.625000000000000000e+03
8.967000000000000000e+03 9.583000000000000000e+03
9.007000000000000000e+03 9.547000000000000000e+03
9.046000000000000000e+03 9.519000000000000000e+03
9.027000000000000000e+03 9.531000000000000000e+03
9.019000000000000000e+03 9.540000000000000000e+03
9.051000000000000000e+03 9.518000000000000000e+03
9.036000000000000000e+03 9.530000000000000000e+03
9.045000000000000000e+03 9.523000000000000000e+03
9.081000000000000000e+03 9.500000000000000000e+03
9.075000000000000000e+03 9.508000000000000000e+03
9.117000000000000000e+03 9.482000000000000000e+03
9.129000000000000000e+03 9.463000000000000000e+03
9.132000000000000000e+03 9.459000000000000000e+03
9.152000000000000000e+03 9.433000000000000000e+03
9.199000000000000000e+03 9.383000000000000000e+03
9.151000000000000000e+03 9.439000000000000000e+03
9.194000000000000000e+03 9.390000000000000000e+03
9.179000000000000000e+03 9.399000000000000000e+03
9.222000000000000000e+03 9.374000000000000000e+03
9.159000000000000000e+03 9.427000000000000000e+03
9.143000000000000000e+03 9.446000000000000000e+03
9.181000000000000000e+03 9.392000000000000000e+03
9.173000000000000000e+03 9.424000000000000000e+03
9.236000000000000000e+03 9.336000000000000000e+03
9.225000000000000000e+03 9.355000000000000000e+03
9.244000000000000000e+03 9.328000000000000000e+03
9.272000000000000000e+03 9.313000000000000000e+03
9.256000000000000000e+03 9.322000000000000000e+03
9.308000000000000000e+03 9.271000000000000000e+03
9.301000000000000000e+03 9.277000000000000000e+03
9.312000000000000000e+03 9.268000000000000000e+03
9.321000000000000000e+03 9.252000000000000000e+03
9.383000000000000000e+03 9.194000000000000000e+03
9.397000000000000000e+03 9.162000000000000000e+03
9.362000000000000000e+03 9.231000000000000000e+03
9.393000000000000000e+03 9.177000000000000000e+03
9.425000000000000000e+03 9.127000000000000000e+03
9.431000000000000000e+03 9.112000000000000000e+03
9.407000000000000000e+03 9.152000000000000000e+03
9.435000000000000000e+03 9.099000000000000000e+03
9.444000000000000000e+03 9.078000000000000000e+03
9.488000000000000000e+03 9.010000000000000000e+03
9.460000000000000000e+03 9.051000000000000000e+03
9.483000000000000000e+03 9.043000000000000000e+03
9.493000000000000000e+03 8.991000000000000000e+03
9.548000000000000000e+03 8.924000000000000000e+03
9.535000000000000000e+03 8.960000000000000000e+03
9.556000000000000000e+03 8.899000000000000000e+03
9.540000000000000000e+03 8.938000000000000000e+03
9.563000000000000000e+03 8.894000000000000000e+03
9.570000000000000000e+03 8.888000000000000000e+03
9.577000000000000000e+03 8.866000000000000000e+03
9.573000000000000000e+03 8.869000000000000000e+03
9.588000000000000000e+03 8.857000000000000000e+03
9.610000000000000000e+03 8.837000000000000000e+03
9.621000000000000000e+03 8.803000000000000000e+03
9.613000000000000000e+03 8.808000000000000000e+03
9.626000000000000000e+03 8.788000000000000000e+03
9.629000000000000000e+03 8.752000000000000000e+03
9.647000000000000000e+03 8.746000000000000000e+03
9.656000000000000000e+03 8.735000000000000000e+03
9.718000000000000000e+03 8.524000000000000000e+03
9.717000000000000000e+03 8.529000000000000000e+03
9.752000000000000000e+03 8.470000000000000000e+03
9.729000000000000000e+03 8.497000000000000000e+03
9.747000000000000000e+03 8.472000000000000000e+03
9.760000000000000000e+03 8.449000000000000000e+03
9.774000000000000000e+03 8.405000000000000000e+03
9.769000000000000000e+03 8.410000000000000000e+03
9.809000000000000000e+03 8.270000000000000000e+03
9.785000000000000000e+03 8.360000000000000000e+03
9.801000000000000000e+03 8.313000000000000000e+03
9.784000000000000000e+03 8.363000000000000000e+03
9.777000000000000000e+03 8.369000000000000000e+03
9.788000000000000000e+03 8.335000000000000000e+03
9.803000000000000000e+03 8.276000000000000000e+03
9.796000000000000000e+03 8.326000000000000000e+03
9.818000000000000000e+03 8.197000000000000000e+03
9.817000000000000000e+03 8.210000000000000000e+03
9.821000000000000000e+03 8.177000000000000000e+03
9.839000000000000000e+03 8.113000000000000000e+03
9.841000000000000000e+03 8.106000000000000000e+03
9.827000000000000000e+03 8.157000000000000000e+03
9.854000000000000000e+03 8.065000000000000000e+03
9.831000000000000000e+03 8.135000000000000000e+03
9.834000000000000000e+03 8.132000000000000000e+03
9.856000000000000000e+03 8.059000000000000000e+03
9.846000000000000000e+03 8.093000000000000000e+03
9.860000000000000000e+03 8.031000000000000000e+03
9.866000000000000000e+03 8.011000000000000000e+03
9.882000000000000000e+03 7.869000000000000000e+03
9.878000000000000000e+03 7.894000000000000000e+03
9.877000000000000000e+03 7.934000000000000000e+03
9.886000000000000000e+03 7.831000000000000000e+03
7.733000000000000000e+03 1.005400000000000000e+04
7.708000000000000000e+03 1.006000000000000000e+04
7.535000000000000000e+03 1.008100000000000000e+04
7.604000000000000000e+03 1.007000000000000000e+04
7.816000000000000000e+03 1.004700000000000000e+04
7.688000000000000000e+03 1.006700000000000000e+04
7.885000000000000000e+03 1.003600000000000000e+04
8.548000000000000000e+03 9.850000000000000000e+03
8.663000000000000000e+03 9.798000000000000000e+03
8.626000000000000000e+03 9.815000000000000000e+03
8.556000000000000000e+03 9.837000000000000000e+03
8.630000000000000000e+03 9.813000000000000000e+03
8.578000000000000000e+03 9.832000000000000000e+03
8.558000000000000000e+03 9.834000000000000000e+03
8.554000000000000000e+03 9.838000000000000000e+03
8.597000000000000000e+03 9.822000000000000000e+03
8.586000000000000000e+03 9.824000000000000000e+03
8.641000000000000000e+03 9.801000000000000000e+03
8.704000000000000000e+03 9.774000000000000000e+03
8.686000000000000000e+03 9.780000000000000000e+03
8.620000000000000000e+03 9.819000000000000000e+03
8.638000000000000000e+03 9.804000000000000000e+03
8.744000000000000000e+03 9.734000000000000000e+03
8.730000000000000000e+03 9.752000000000000000e+03
8.705000000000000000e+03 9.761000000000000000e+03
8.855000000000000000e+03 9.666000000000000000e+03
8.826000000000000000e+03 9.698000000000000000e+03
8.757000000000000000e+03 9.730000000000000000e+03
8.777000000000000000e+03 9.709000000000000000e+03
8.749000000000000000e+03 9.732000000000000000e+03
8.960000000000000000e+03 9.584000000000000000e+03
8.946000000000000000e+03 9.621000000000000000e+03
8.997000000000000000e+03 9.573000000000000000e+03
9.090000000000000000e+03 9.488000000000000000e+03
9.083000000000000000e+03 9.489000000000000000e+03
9.293000000000000000e+03 9.299000000000000000e+03
9.303000000000000000e+03 9.272000000000000000e+03
9.270000000000000000e+03 9.315000000000000000e+03
9.289000000000000000e+03 9.306000000000000000e+03
9.342000000000000000e+03 9.240000000000000000e+03
9.366000000000000000e+03 9.208000000000000000e+03
9.338000000000000000e+03 9.249000000000000000e+03
9.347000000000000000e+03 9.233000000000000000e+03
9.373000000000000000e+03 9.203000000000000000e+03
9.363000000000000000e+03 9.216000000000000000e+03
9.394000000000000000e+03 9.170000000000000000e+03
9.392000000000000000e+03 9.178000000000000000e+03
9.406000000000000000e+03 9.161000000000000000e+03
9.424000000000000000e+03 9.128000000000000000e+03
9.385000000000000000e+03 9.179000000000000000e+03
9.416000000000000000e+03 9.137000000000000000e+03
9.437000000000000000e+03 9.094000000000000000e+03
9.459000000000000000e+03 9.076000000000000000e+03
9.496000000000000000e+03 8.984000000000000000e+03
9.519000000000000000e+03 8.976000000000000000e+03
9.489000000000000000e+03 9.009000000000000000e+03
9.669000000000000000e+03 8.680000000000000000e+03
9.703000000000000000e+03 8.638000000000000000e+03
9.665000000000000000e+03 8.691000000000000000e+03
9.710000000000000000e+03 8.593000000000000000e+03
9.716000000000000000e+03 8.555000000000000000e+03
9.691000000000000000e+03 8.657000000000000000e+03
9.679000000000000000e+03 8.672000000000000000e+03
9.727000000000000000e+03 8.514000000000000000e+03
7.489000000000000000e+03 1.007400000000000000e+04
7.569000000000000000e+03 1.007300000000000000e+04
7.678000000000000000e+03 1.005800000000000000e+04
7.861000000000000000e+03 1.001400000000000000e+04
7.755000000000000000e+03 1.004900000000000000e+04
7.666000000000000000e+03 1.006400000000000000e+04
7.833000000000000000e+03 1.002000000000000000e+04
7.770000000000000000e+03 1.003500000000000000e+04
7.801000000000000000e+03 1.003100000000000000e+04
7.730000000000000000e+03 1.005700000000000000e+04
7.667000000000000000e+03 1.006200000000000000e+04
8.347000000000000000e+03 9.907000000000000000e+03
8.378000000000000000e+03 9.891000000000000000e+03
8.383000000000000000e+03 9.887000000000000000e+03
8.438000000000000000e+03 9.875000000000000000e+03
8.355000000000000000e+03 9.892000000000000000e+03
8.413000000000000000e+03 9.884000000000000000e+03
8.650000000000000000e+03 9.794000000000000000e+03
8.639000000000000000e+03 9.803000000000000000e+03
8.568000000000000000e+03 9.839000000000000000e+03
8.630000000000000000e+03 9.804000000000000000e+03
8.669000000000000000e+03 9.781000000000000000e+03
8.705000000000000000e+03 9.746000000000000000e+03
8.674000000000000000e+03 9.780000000000000000e+03
8.701000000000000000e+03 9.762000000000000000e+03
8.668000000000000000e+03 9.791000000000000000e+03
8.858000000000000000e+03 9.663000000000000000e+03
8.804000000000000000e+03 9.706000000000000000e+03
8.842000000000000000e+03 9.685000000000000000e+03
8.815000000000000000e+03 9.700000000000000000e+03
8.822000000000000000e+03 9.688000000000000000e+03
8.904000000000000000e+03 9.640000000000000000e+03
8.868000000000000000e+03 9.646000000000000000e+03
8.959000000000000000e+03 9.570000000000000000e+03
8.953000000000000000e+03 9.596000000000000000e+03
9.006000000000000000e+03 9.547000000000000000e+03
8.992000000000000000e+03 9.561000000000000000e+03
9.016000000000000000e+03 9.531000000000000000e+03
9.035000000000000000e+03 9.525000000000000000e+03
9.113000000000000000e+03 9.472000000000000000e+03
9.171000000000000000e+03 9.418000000000000000e+03
9.157000000000000000e+03 9.426000000000000000e+03
9.265000000000000000e+03 9.311000000000000000e+03
9.290000000000000000e+03 9.287000000000000000e+03
9.292000000000000000e+03 9.272000000000000000e+03
9.324000000000000000e+03 9.236000000000000000e+03
9.365000000000000000e+03 9.201000000000000000e+03
9.386000000000000000e+03 9.178000000000000000e+03
9.361000000000000000e+03 9.214000000000000000e+03
9.396000000000000000e+03 9.161000000000000000e+03
9.381000000000000000e+03 9.181000000000000000e+03
9.387000000000000000e+03 9.172000000000000000e+03
9.438000000000000000e+03 9.114000000000000000e+03
9.469000000000000000e+03 9.084000000000000000e+03
9.444000000000000000e+03 9.101000000000000000e+03
9.472000000000000000e+03 9.079000000000000000e+03
9.475000000000000000e+03 9.054000000000000000e+03
9.509000000000000000e+03 8.995000000000000000e+03
9.486000000000000000e+03 9.053000000000000000e+03
9.510000000000000000e+03 8.988000000000000000e+03
9.524000000000000000e+03 8.986000000000000000e+03
9.504000000000000000e+03 9.017000000000000000e+03
9.538000000000000000e+03 8.964000000000000000e+03
9.543000000000000000e+03 8.960000000000000000e+03
9.626000000000000000e+03 8.781000000000000000e+03
9.628000000000000000e+03 8.776000000000000000e+03
9.576000000000000000e+03 8.895000000000000000e+03
9.613000000000000000e+03 8.784000000000000000e+03
9.565000000000000000e+03 8.916000000000000000e+03
9.583000000000000000e+03 8.861000000000000000e+03
9.581000000000000000e+03 8.880000000000000000e+03
9.593000000000000000e+03 8.854000000000000000e+03
9.597000000000000000e+03 8.824000000000000000e+03
9.655000000000000000e+03 8.704000000000000000e+03
9.633000000000000000e+03 8.771000000000000000e+03
9.609000000000000000e+03 8.817000000000000000e+03
9.646000000000000000e+03 8.749000000000000000e+03
9.664000000000000000e+03 8.691000000000000000e+03
9.636000000000000000e+03 8.764000000000000000e+03
9.647000000000000000e+03 8.717000000000000000e+03
9.693000000000000000e+03 8.635000000000000000e+03
9.682000000000000000e+03 8.663000000000000000e+03
9.706000000000000000e+03 8.561000000000000000e+03
9.704000000000000000e+03 8.580000000000000000e+03
9.737000000000000000e+03 8.485000000000000000e+03
9.731000000000000000e+03 8.532000000000000000e+03
9.741000000000000000e+03 8.468000000000000000e+03
9.738000000000000000e+03 8.475000000000000000e+03
9.767000000000000000e+03 8.382000000000000000e+03
9.776000000000000000e+03 8.366000000000000000e+03
9.754000000000000000e+03 8.450000000000000000e+03
9.771000000000000000e+03 8.372000000000000000e+03
9.755000000000000000e+03 8.426000000000000000e+03
9.765000000000000000e+03 8.396000000000000000e+03
9.759000000000000000e+03 8.420000000000000000e+03
9.768000000000000000e+03 8.373000000000000000e+03
9.782000000000000000e+03 8.360000000000000000e+03
9.790000000000000000e+03 8.330000000000000000e+03
9.801000000000000000e+03 8.269000000000000000e+03
9.785000000000000000e+03 8.349000000000000000e+03
9.795000000000000000e+03 8.271000000000000000e+03
9.802000000000000000e+03 8.244000000000000000e+03
9.807000000000000000e+03 8.240000000000000000e+03
9.793000000000000000e+03 8.318000000000000000e+03
9.830000000000000000e+03 8.122000000000000000e+03
9.832000000000000000e+03 8.121000000000000000e+03
9.825000000000000000e+03 8.162000000000000000e+03
9.814000000000000000e+03 8.179000000000000000e+03
9.813000000000000000e+03 8.182000000000000000e+03
9.837000000000000000e+03 8.079000000000000000e+03
9.833000000000000000e+03 8.119000000000000000e+03
9.838000000000000000e+03 8.074000000000000000e+03
9.869000000000000000e+03 7.989000000000000000e+03
9.854000000000000000e+03 8.033000000000000000e+03
9.861000000000000000e+03 7.993000000000000000e+03
9.853000000000000000e+03 8.050000000000000000e+03
9.874000000000000000e+03 7.913000000000000000e+03
9.875000000000000000e+03 7.836000000000000000e+03
9.859000000000000000e+03 8.017000000000000000e+03
9.864000000000000000e+03 7.992000000000000000e+03
9.855000000000000000e+03 8.026000000000000000e+03
9.879000000000000000e+03 7.751000000000000000e+03
9.871000000000000000e+03 7.921000000000000000e+03
9.844000000000000000e+03 8.072000000000000000e+03
9.847000000000000000e+03 8.059000000000000000e+03
7.344000000000000000e+03 1.007700000000000000e+04
7.600000000000000000e+03 1.006900000000000000e+04
7.310000000000000000e+03 1.007900000000000000e+04
7.309000000000000000e+03 1.009200000000000000e+04
7.250000000000000000e+03 1.009500000000000000e+04
8.086000000000000000e+03 9.989000000000000000e+03
8.085000000000000000e+03 9.992000000000000000e+03
8.092000000000000000e+03 9.986000000000000000e+03
8.203000000000000000e+03 9.973000000000000000e+03
8.104000000000000000e+03 9.984000000000000000e+03
8.159000000000000000e+03 9.980000000000000000e+03
8.292000000000000000e+03 9.932000000000000000e+03
8.323000000000000000e+03 9.917000000000000000e+03
8.328000000000000000e+03 9.914000000000000000e+03
8.343000000000000000e+03 9.912000000000000000e+03
8.250000000000000000e+03 9.946000000000000000e+03
8.298000000000000000e+03 9.918000000000000000e+03
8.297000000000000000e+03 9.927000000000000000e+03
8.261000000000000000e+03 9.944000000000000000e+03
8.271000000000000000e+03 9.933000000000000000e+03
8.489000000000000000e+03 9.856000000000000000e+03
8.432000000000000000e+03 9.882000000000000000e+03
8.464000000000000000e+03 9.873000000000000000e+03
8.474000000000000000e+03 9.865000000000000000e+03
8.483000000000000000e+03 9.862000000000000000e+03
8.550000000000000000e+03 9.854000000000000000e+03
8.560000000000000000e+03 9.846000000000000000e+03
8.580000000000000000e+03 9.828000000000000000e+03
8.591000000000000000e+03 9.826000000000000000e+03
8.685000000000000000e+03 9.772000000000000000e+03
8.618000000000000000e+03 9.820000000000000000e+03
8.703000000000000000e+03 9.752000000000000000e+03
8.678000000000000000e+03 9.777000000000000000e+03
8.704000000000000000e+03 9.748000000000000000e+03
8.764000000000000000e+03 9.726000000000000000e+03
8.707000000000000000e+03 9.743000000000000000e+03
8.755000000000000000e+03 9.737000000000000000e+03
8.775000000000000000e+03 9.717000000000000000e+03
8.825000000000000000e+03 9.686000000000000000e+03
8.851000000000000000e+03 9.674000000000000000e+03
8.870000000000000000e+03 9.645000000000000000e+03
8.907000000000000000e+03 9.627000000000000000e+03
8.947000000000000000e+03 9.611000000000000000e+03
9.049000000000000000e+03 9.513000000000000000e+03
9.063000000000000000e+03 9.495000000000000000e+03
9.058000000000000000e+03 9.508000000000000000e+03
9.075000000000000000e+03 9.494000000000000000e+03
9.147000000000000000e+03 9.451000000000000000e+03
9.099000000000000000e+03 9.492000000000000000e+03
9.100000000000000000e+03 9.473000000000000000e+03
9.123000000000000000e+03 9.455000000000000000e+03
9.116000000000000000e+03 9.466000000000000000e+03
9.155000000000000000e+03 9.429000000000000000e+03
9.160000000000000000e+03 9.420000000000000000e+03
9.174000000000000000e+03 9.400000000000000000e+03
9.181000000000000000e+03 9.395000000000000000e+03
9.216000000000000000e+03 9.391000000000000000e+03
9.251000000000000000e+03 9.335000000000000000e+03
9.243000000000000000e+03 9.344000000000000000e+03
9.228000000000000000e+03 9.367000000000000000e+03
9.221000000000000000e+03 9.371000000000000000e+03
9.256000000000000000e+03 9.331000000000000000e+03
9.239000000000000000e+03 9.350000000000000000e+03
9.240000000000000000e+03 9.347000000000000000e+03
9.261000000000000000e+03 9.325000000000000000e+03
9.229000000000000000e+03 9.363000000000000000e+03
9.231000000000000000e+03 9.358000000000000000e+03
9.270000000000000000e+03 9.306000000000000000e+03
9.235000000000000000e+03 9.355000000000000000e+03
9.275000000000000000e+03 9.305000000000000000e+03
9.254000000000000000e+03 9.333000000000000000e+03
9.267000000000000000e+03 9.309000000000000000e+03
9.246000000000000000e+03 9.343000000000000000e+03
9.263000000000000000e+03 9.313000000000000000e+03
9.282000000000000000e+03 9.301000000000000000e+03
9.313000000000000000e+03 9.268000000000000000e+03
9.347000000000000000e+03 9.235000000000000000e+03
9.322000000000000000e+03 9.244000000000000000e+03
9.320000000000000000e+03 9.250000000000000000e+03
9.315000000000000000e+03 9.256000000000000000e+03
9.377000000000000000e+03 9.191000000000000000e+03
9.388000000000000000e+03 9.168000000000000000e+03
9.416000000000000000e+03 9.134000000000000000e+03
9.406000000000000000e+03 9.159000000000000000e+03
9.427000000000000000e+03 9.132000000000000000e+03
9.449000000000000000e+03 9.092000000000000000e+03
9.453000000000000000e+03 9.090000000000000000e+03
9.491000000000000000e+03 9.028000000000000000e+03
9.528000000000000000e+03 8.973000000000000000e+03
9.552000000000000000e+03 8.941000000000000000e+03
7.590000000000000000e+03 1.007300000000000000e+04
7.721000000000000000e+03 1.005300000000000000e+04
8.040000000000000000e+03 1.000500000000000000e+04
8.149000000000000000e+03 9.986000000000000000e+03
8.063000000000000000e+03 1.000200000000000000e+04
8.180000000000000000e+03 9.957000000000000000e+03
8.231000000000000000e+03 9.939000000000000000e+03
8.211000000000000000e+03 9.945000000000000000e+03
8.257000000000000000e+03 9.931000000000000000e+03
8.210000000000000000e+03 9.946000000000000000e+03
8.251000000000000000e+03 9.934000000000000000e+03
8.345000000000000000e+03 9.909000000000000000e+03
8.299000000000000000e+03 9.926000000000000000e+03
8.342000000000000000e+03 9.918000000000000000e+03
8.361000000000000000e+03 9.904000000000000000e+03
8.323000000000000000e+03 9.922000000000000000e+03
8.455000000000000000e+03 9.874000000000000000e+03
8.408000000000000000e+03 9.882000000000000000e+03
8.415000000000000000e+03 9.880000000000000000e+03
8.491000000000000000e+03 9.851000000000000000e+03
8.444000000000000000e+03 9.879000000000000000e+03
8.552000000000000000e+03 9.832000000000000000e+03
8.514000000000000000e+03 9.843000000000000000e+03
8.556000000000000000e+03 9.810000000000000000e+03
8.516000000000000000e+03 9.840000000000000000e+03
8.596000000000000000e+03 9.808000000000000000e+03
8.534000000000000000e+03 9.835000000000000000e+03
8.694000000000000000e+03 9.765000000000000000e+03
8.671000000000000000e+03 9.800000000000000000e+03
8.750000000000000000e+03 9.733000000000000000e+03
8.716000000000000000e+03 9.751000000000000000e+03
8.751000000000000000e+03 9.727000000000000000e+03
8.817000000000000000e+03 9.689000000000000000e+03
8.803000000000000000e+03 9.707000000000000000e+03
8.853000000000000000e+03 9.662000000000000000e+03
8.827000000000000000e+03 9.681000000000000000e+03
8.841000000000000000e+03 9.672000000000000000e+03
8.872000000000000000e+03 9.626000000000000000e+03
8.961000000000000000e+03 9.584000000000000000e+03
8.935000000000000000e+03 9.601000000000000000e+03
8.950000000000000000e+03 9.599000000000000000e+03
8.925000000000000000e+03 9.622000000000000000e+03
8.909000000000000000e+03 9.623000000000000000e+03
8.959000000000000000e+03 9.590000000000000000e+03
9.011000000000000000e+03 9.538000000000000000e+03
9.023000000000000000e+03 9.529000000000000000e+03
9.025000000000000000e+03 9.528000000000000000e+03
8.996000000000000000e+03 9.569000000000000000e+03
9.015000000000000000e+03 9.532000000000000000e+03
9.031000000000000000e+03 9.513000000000000000e+03
9.054000000000000000e+03 9.510000000000000000e+03
9.149000000000000000e+03 9.434000000000000000e+03
9.159000000000000000e+03 9.427000000000000000e+03
9.218000000000000000e+03 9.390000000000000000e+03
9.185000000000000000e+03 9.407000000000000000e+03
9.198000000000000000e+03 9.392000000000000000e+03
9.178000000000000000e+03 9.417000000000000000e+03
9.269000000000000000e+03 9.326000000000000000e+03
9.350000000000000000e+03 9.225000000000000000e+03
9.392000000000000000e+03 9.161000000000000000e+03
9.385000000000000000e+03 9.179000000000000000e+03
9.460000000000000000e+03 9.084000000000000000e+03
9.420000000000000000e+03 9.140000000000000000e+03
9.431000000000000000e+03 9.118000000000000000e+03
9.429000000000000000e+03 9.129000000000000000e+03
9.453000000000000000e+03 9.085000000000000000e+03
9.473000000000000000e+03 9.049000000000000000e+03
9.441000000000000000e+03 9.105000000000000000e+03
9.464000000000000000e+03 9.060000000000000000e+03
9.450000000000000000e+03 9.087000000000000000e+03
9.476000000000000000e+03 9.038000000000000000e+03
9.482000000000000000e+03 9.030000000000000000e+03
9.447000000000000000e+03 9.100000000000000000e+03
9.471000000000000000e+03 9.052000000000000000e+03
9.485000000000000000e+03 9.027000000000000000e+03
9.502000000000000000e+03 9.008000000000000000e+03
9.548000000000000000e+03 8.898000000000000000e+03
9.525000000000000000e+03 8.935000000000000000e+03
9.522000000000000000e+03 8.973000000000000000e+03
9.536000000000000000e+03 8.930000000000000000e+03
9.563000000000000000e+03 8.886000000000000000e+03
9.570000000000000000e+03 8.873000000000000000e+03
9.546000000000000000e+03 8.906000000000000000e+03
9.544000000000000000e+03 8.915000000000000000e+03
9.577000000000000000e+03 8.860000000000000000e+03
9.619000000000000000e+03 8.824000000000000000e+03
9.592000000000000000e+03 8.852000000000000000e+03
9.624000000000000000e+03 8.807000000000000000e+03
9.632000000000000000e+03 8.796000000000000000e+03
9.646000000000000000e+03 8.737000000000000000e+03
9.637000000000000000e+03 8.784000000000000000e+03
9.641000000000000000e+03 8.754000000000000000e+03
9.640000000000000000e+03 8.774000000000000000e+03
9.655000000000000000e+03 8.735000000000000000e+03
9.698000000000000000e+03 8.606000000000000000e+03
9.708000000000000000e+03 8.558000000000000000e+03
9.704000000000000000e+03 8.572000000000000000e+03
9.732000000000000000e+03 8.505000000000000000e+03
9.727000000000000000e+03 8.521000000000000000e+03
9.706000000000000000e+03 8.563000000000000000e+03
9.714000000000000000e+03 8.549000000000000000e+03
9.738000000000000000e+03 8.498000000000000000e+03
9.725000000000000000e+03 8.531000000000000000e+03
9.739000000000000000e+03 8.482000000000000000e+03
9.751000000000000000e+03 8.451000000000000000e+03
9.760000000000000000e+03 8.441000000000000000e+03
9.774000000000000000e+03 8.385000000000000000e+03
9.741000000000000000e+03 8.464000000000000000e+03
9.767000000000000000e+03 8.403000000000000000e+03
9.749000000000000000e+03 8.457000000000000000e+03
9.745000000000000000e+03 8.461000000000000000e+03
9.764000000000000000e+03 8.408000000000000000e+03
9.781000000000000000e+03 8.344000000000000000e+03
9.777000000000000000e+03 8.361000000000000000e+03
9.798000000000000000e+03 8.265000000000000000e+03
9.790000000000000000e+03 8.334000000000000000e+03
9.809000000000000000e+03 8.226000000000000000e+03
9.795000000000000000e+03 8.319000000000000000e+03
9.802000000000000000e+03 8.256000000000000000e+03
9.822000000000000000e+03 8.149000000000000000e+03
9.830000000000000000e+03 8.118000000000000000e+03
9.856000000000000000e+03 8.036000000000000000e+03
9.840000000000000000e+03 8.075000000000000000e+03
9.823000000000000000e+03 8.143000000000000000e+03
9.825000000000000000e+03 8.127000000000000000e+03
9.833000000000000000e+03 8.114000000000000000e+03
9.818000000000000000e+03 8.196000000000000000e+03
9.837000000000000000e+03 8.096000000000000000e+03
9.850000000000000000e+03 8.055000000000000000e+03
9.843000000000000000e+03 8.067000000000000000e+03
9.866000000000000000e+03 7.993000000000000000e+03
9.867000000000000000e+03 7.959000000000000000e+03
9.868000000000000000e+03 7.900000000000000000e+03
9.875000000000000000e+03 7.889000000000000000e+03
9.859000000000000000e+03 8.008000000000000000e+03
9.882000000000000000e+03 7.869000000000000000e+03
7.493000000000000000e+03 1.008400000000000000e+04
7.352000000000000000e+03 1.008800000000000000e+04
7.537000000000000000e+03 1.007900000000000000e+04
7.345000000000000000e+03 1.009400000000000000e+04
7.673000000000000000e+03 1.006200000000000000e+04
7.683000000000000000e+03 1.005700000000000000e+04
7.717000000000000000e+03 1.005600000000000000e+04
7.666000000000000000e+03 1.006800000000000000e+04
7.893000000000000000e+03 1.003300000000000000e+04
7.922000000000000000e+03 1.001700000000000000e+04
7.944000000000000000e+03 1.001600000000000000e+04
7.871000000000000000e+03 1.003700000000000000e+04
7.845000000000000000e+03 1.004800000000000000e+04
8.158000000000000000e+03 9.961000000000000000e+03
8.081000000000000000e+03 9.994000000000000000e+03
8.396000000000000000e+03 9.902000000000000000e+03
8.482000000000000000e+03 9.866000000000000000e+03
8.397000000000000000e+03 9.883000000000000000e+03
8.752000000000000000e+03 9.726000000000000000e+03
8.720000000000000000e+03 9.746000000000000000e+03
8.715000000000000000e+03 9.760000000000000000e+03
8.760000000000000000e+03 9.714000000000000000e+03
8.683000000000000000e+03 9.770000000000000000e+03
8.746000000000000000e+03 9.742000000000000000e+03
9.030000000000000000e+03 9.514000000000000000e+03
9.231000000000000000e+03 9.354000000000000000e+03
9.242000000000000000e+03 9.351000000000000000e+03
9.099000000000000000e+03 9.507000000000000000e+03
9.151000000000000000e+03 9.431000000000000000e+03
9.142000000000000000e+03 9.436000000000000000e+03
9.109000000000000000e+03 9.494000000000000000e+03
9.141000000000000000e+03 9.442000000000000000e+03
9.127000000000000000e+03 9.475000000000000000e+03
9.139000000000000000e+03 9.451000000000000000e+03
9.132000000000000000e+03 9.459000000000000000e+03
9.117000000000000000e+03 9.488000000000000000e+03
9.228000000000000000e+03 9.364000000000000000e+03
9.250000000000000000e+03 9.342000000000000000e+03
9.234000000000000000e+03 9.353000000000000000e+03
9.300000000000000000e+03 9.286000000000000000e+03
9.329000000000000000e+03 9.260000000000000000e+03
9.292000000000000000e+03 9.304000000000000000e+03
9.283000000000000000e+03 9.308000000000000000e+03
9.312000000000000000e+03 9.284000000000000000e+03
9.345000000000000000e+03 9.246000000000000000e+03
9.371000000000000000e+03 9.215000000000000000e+03
9.326000000000000000e+03 9.267000000000000000e+03
9.351000000000000000e+03 9.224000000000000000e+03
9.347000000000000000e+03 9.227000000000000000e+03
9.315000000000000000e+03 9.268000000000000000e+03
9.379000000000000000e+03 9.185000000000000000e+03
9.391000000000000000e+03 9.164000000000000000e+03
9.381000000000000000e+03 9.180000000000000000e+03
9.356000000000000000e+03 9.221000000000000000e+03
9.395000000000000000e+03 9.158000000000000000e+03
9.461000000000000000e+03 9.067000000000000000e+03
9.574000000000000000e+03 8.861000000000000000e+03
9.568000000000000000e+03 8.877000000000000000e+03
9.591000000000000000e+03 8.853000000000000000e+03
9.645000000000000000e+03 8.740000000000000000e+03
9.613000000000000000e+03 8.837000000000000000e+03
9.598000000000000000e+03 8.849000000000000000e+03
9.628000000000000000e+03 8.804000000000000000e+03
9.607000000000000000e+03 8.844000000000000000e+03
9.664000000000000000e+03 8.723000000000000000e+03
9.667000000000000000e+03 8.702000000000000000e+03
9.678000000000000000e+03 8.678000000000000000e+03
9.695000000000000000e+03 8.656000000000000000e+03
9.696000000000000000e+03 8.621000000000000000e+03
7.623000000000000000e+03 1.007500000000000000e+04
7.542000000000000000e+03 1.008300000000000000e+04
7.973000000000000000e+03 1.002000000000000000e+04
7.864000000000000000e+03 1.003500000000000000e+04
8.159000000000000000e+03 9.985000000000000000e+03
8.165000000000000000e+03 9.974000000000000000e+03
8.229000000000000000e+03 9.953000000000000000e+03
8.169000000000000000e+03 9.972000000000000000e+03
8.204000000000000000e+03 9.961000000000000000e+03
8.272000000000000000e+03 9.946000000000000000e+03
8.195000000000000000e+03 9.969000000000000000e+03
8.158000000000000000e+03 9.989000000000000000e+03
8.344000000000000000e+03 9.916000000000000000e+03
8.387000000000000000e+03 9.893000000000000000e+03
8.358000000000000000e+03 9.907000000000000000e+03
8.366000000000000000e+03 9.900000000000000000e+03
8.523000000000000000e+03 9.834000000000000000e+03
8.493000000000000000e+03 9.838000000000000000e+03
8.465000000000000000e+03 9.868000000000000000e+03
8.500000000000000000e+03 9.836000000000000000e+03
8.422000000000000000e+03 9.889000000000000000e+03
8.483000000000000000e+03 9.864000000000000000e+03
8.431000000000000000e+03 9.882000000000000000e+03
8.537000000000000000e+03 9.832000000000000000e+03
8.609000000000000000e+03 9.804000000000000000e+03
8.639000000000000000e+03 9.792000000000000000e+03
8.592000000000000000e+03 9.819000000000000000e+03
8.572000000000000000e+03 9.830000000000000000e+03
8.623000000000000000e+03 9.793000000000000000e+03
8.619000000000000000e+03 9.802000000000000000e+03
8.606000000000000000e+03 9.815000000000000000e+03
8.709000000000000000e+03 9.769000000000000000e+03
8.745000000000000000e+03 9.741000000000000000e+03
8.718000000000000000e+03 9.755000000000000000e+03
8.698000000000000000e+03 9.773000000000000000e+03
8.692000000000000000e+03 9.787000000000000000e+03
8.740000000000000000e+03 9.750000000000000000e+03
8.775000000000000000e+03 9.717000000000000000e+03
8.792000000000000000e+03 9.700000000000000000e+03
8.756000000000000000e+03 9.733000000000000000e+03
8.787000000000000000e+03 9.708000000000000000e+03
8.789000000000000000e+03 9.704000000000000000e+03
8.848000000000000000e+03 9.670000000000000000e+03
8.886000000000000000e+03 9.644000000000000000e+03
8.872000000000000000e+03 9.668000000000000000e+03
8.847000000000000000e+03 9.680000000000000000e+03
8.904000000000000000e+03 9.627000000000000000e+03
8.863000000000000000e+03 9.669000000000000000e+03
8.903000000000000000e+03 9.632000000000000000e+03
8.915000000000000000e+03 9.626000000000000000e+03
8.893000000000000000e+03 9.635000000000000000e+03
8.924000000000000000e+03 9.607000000000000000e+03
8.950000000000000000e+03 9.590000000000000000e+03
8.944000000000000000e+03 9.598000000000000000e+03
8.930000000000000000e+03 9.601000000000000000e+03
8.972000000000000000e+03 9.565000000000000000e+03
8.977000000000000000e+03 9.561000000000000000e+03
8.966000000000000000e+03 9.568000000000000000e+03
9.049000000000000000e+03 9.519000000000000000e+03
8.999000000000000000e+03 9.550000000000000000e+03
8.983000000000000000e+03 9.558000000000000000e+03
9.011000000000000000e+03 9.543000000000000000e+03
9.023000000000000000e+03 9.532000000000000000e+03
9.042000000000000000e+03 9.530000000000000000e+03
9.132000000000000000e+03 9.456000000000000000e+03
9.159000000000000000e+03 9.423000000000000000e+03
9.200000000000000000e+03 9.400000000000000000e+03
9.154000000000000000e+03 9.442000000000000000e+03
9.161000000000000000e+03 9.420000000000000000e+03
9.210000000000000000e+03 9.375000000000000000e+03
9.187000000000000000e+03 9.405000000000000000e+03
9.237000000000000000e+03 9.355000000000000000e+03
9.205000000000000000e+03 9.383000000000000000e+03
9.242000000000000000e+03 9.342000000000000000e+03
9.220000000000000000e+03 9.364000000000000000e+03
9.251000000000000000e+03 9.338000000000000000e+03
9.301000000000000000e+03 9.288000000000000000e+03
9.258000000000000000e+03 9.335000000000000000e+03
9.342000000000000000e+03 9.235000000000000000e+03
9.336000000000000000e+03 9.245000000000000000e+03
9.349000000000000000e+03 9.217000000000000000e+03
9.382000000000000000e+03 9.154000000000000000e+03
9.385000000000000000e+03 9.152000000000000000e+03
9.379000000000000000e+03 9.185000000000000000e+03
9.406000000000000000e+03 9.151000000000000000e+03
9.450000000000000000e+03 9.084000000000000000e+03
9.464000000000000000e+03 9.045000000000000000e+03
9.471000000000000000e+03 9.044000000000000000e+03
9.476000000000000000e+03 9.036000000000000000e+03
9.515000000000000000e+03 8.977000000000000000e+03
9.509000000000000000e+03 9.018000000000000000e+03
9.497000000000000000e+03 9.019000000000000000e+03
9.521000000000000000e+03 8.975000000000000000e+03
9.553000000000000000e+03 8.904000000000000000e+03
9.560000000000000000e+03 8.898000000000000000e+03
9.577000000000000000e+03 8.873000000000000000e+03
9.601000000000000000e+03 8.805000000000000000e+03
9.632000000000000000e+03 8.750000000000000000e+03
9.648000000000000000e+03 8.729000000000000000e+03
9.639000000000000000e+03 8.742000000000000000e+03
9.631000000000000000e+03 8.762000000000000000e+03
9.653000000000000000e+03 8.695000000000000000e+03
9.640000000000000000e+03 8.741000000000000000e+03
9.654000000000000000e+03 8.692000000000000000e+03
9.680000000000000000e+03 8.632000000000000000e+03
9.673000000000000000e+03 8.684000000000000000e+03
9.697000000000000000e+03 8.630000000000000000e+03
9.735000000000000000e+03 8.528000000000000000e+03
9.725000000000000000e+03 8.562000000000000000e+03
9.722000000000000000e+03 8.613000000000000000e+03
9.734000000000000000e+03 8.536000000000000000e+03
9.754000000000000000e+03 8.526000000000000000e+03
9.774000000000000000e+03 8.428000000000000000e+03
9.758000000000000000e+03 8.451000000000000000e+03
9.783000000000000000e+03 8.418000000000000000e+03
9.755000000000000000e+03 8.456000000000000000e+03
9.790000000000000000e+03 8.347000000000000000e+03
9.806000000000000000e+03 8.259000000000000000e+03
9.813000000000000000e+03 8.244000000000000000e+03
9.822000000000000000e+03 8.221000000000000000e+03
9.799000000000000000e+03 8.304000000000000000e+03
9.825000000000000000e+03 8.209000000000000000e+03
9.803000000000000000e+03 8.280000000000000000e+03
9.800000000000000000e+03 8.281000000000000000e+03
9.812000000000000000e+03 8.249000000000000000e+03
9.817000000000000000e+03 8.235000000000000000e+03
9.836000000000000000e+03 8.130000000000000000e+03
9.845000000000000000e+03 8.079000000000000000e+03
9.842000000000000000e+03 8.096000000000000000e+03
9.834000000000000000e+03 8.165000000000000000e+03
9.840000000000000000e+03 8.110000000000000000e+03
9.859000000000000000e+03 8.007000000000000000e+03
9.855000000000000000e+03 8.027000000000000000e+03
9.887000000000000000e+03 7.798000000000000000e+03
9.882000000000000000e+03 7.869000000000000000e+03
9.872000000000000000e+03 7.980000000000000000e+03
9.877000000000000000e+03 7.945000000000000000e+03
9.861000000000000000e+03 7.993000000000000000e+03
9.863000000000000000e+03 7.988000000000000000e+03
7.327000000000000000e+03 1.009000000000000000e+04
7.467000000000000000e+03 1.008700000000000000e+04
7.705000000000000000e+03 1.006100000000000000e+04
7.727000000000000000e+03 1.005600000000000000e+04
7.749000000000000000e+03 1.005300000000000000e+04
7.693000000000000000e+03 1.006300000000000000e+04
7.801000000000000000e+03 1.004800000000000000e+04
7.935000000000000000e+03 1.002400000000000000e+04
7.821000000000000000e+03 1.004100000000000000e+04
8.003000000000000000e+03 1.000400000000000000e+04
8.015000000000000000e+03 9.993000000000000000e+03
8.268000000000000000e+03 9.948000000000000000e+03
8.212000000000000000e+03 9.957000000000000000e+03
8.293000000000000000e+03 9.921000000000000000e+03
8.748000000000000000e+03 9.740000000000000000e+03
8.764000000000000000e+03 9.729000000000000000e+03
8.810000000000000000e+03 9.698000000000000000e+03
8.771000000000000000e+03 9.727000000000000000e+03
8.785000000000000000e+03 9.716000000000000000e+03
9.184000000000000000e+03 9.417000000000000000e+03
9.156000000000000000e+03 9.426000000000000000e+03
8.954000000000000000e+03 9.573000000000000000e+03
9.313000000000000000e+03 9.273000000000000000e+03
9.306000000000000000e+03 9.287000000000000000e+03
9.288000000000000000e+03 9.294000000000000000e+03
9.316000000000000000e+03 9.264000000000000000e+03
9.266000000000000000e+03 9.320000000000000000e+03
9.299000000000000000e+03 9.293000000000000000e+03
9.275000000000000000e+03 9.310000000000000000e+03
9.285000000000000000e+03 9.301000000000000000e+03
9.224000000000000000e+03 9.361000000000000000e+03
9.284000000000000000e+03 9.303000000000000000e+03
9.282000000000000000e+03 9.309000000000000000e+03
9.321000000000000000e+03 9.258000000000000000e+03
9.355000000000000000e+03 9.209000000000000000e+03
9.343000000000000000e+03 9.225000000000000000e+03
9.363000000000000000e+03 9.204000000000000000e+03
9.372000000000000000e+03 9.190000000000000000e+03
9.427000000000000000e+03 9.132000000000000000e+03
9.407000000000000000e+03 9.138000000000000000e+03
9.442000000000000000e+03 9.088000000000000000e+03
9.452000000000000000e+03 9.072000000000000000e+03
9.435000000000000000e+03 9.113000000000000000e+03
9.462000000000000000e+03 9.066000000000000000e+03
9.485000000000000000e+03 9.028000000000000000e+03
9.457000000000000000e+03 9.071000000000000000e+03
9.619000000000000000e+03 8.804000000000000000e+03
9.598000000000000000e+03 8.809000000000000000e+03
9.624000000000000000e+03 8.782000000000000000e+03
9.585000000000000000e+03 8.864000000000000000e+03
9.626000000000000000e+03 8.776000000000000000e+03
9.576000000000000000e+03 8.875000000000000000e+03
9.622000000000000000e+03 8.783000000000000000e+03
9.566000000000000000e+03 8.886000000000000000e+03
9.575000000000000000e+03 8.882000000000000000e+03
9.552000000000000000e+03 8.907000000000000000e+03
9.540000000000000000e+03 8.968000000000000000e+03
9.549000000000000000e+03 8.922000000000000000e+03
9.554000000000000000e+03 8.899000000000000000e+03
9.635000000000000000e+03 8.749000000000000000e+03
9.596000000000000000e+03 8.841000000000000000e+03
7.633000000000000000e+03 1.007000000000000000e+04
7.544000000000000000e+03 1.008200000000000000e+04
7.596000000000000000e+03 1.007600000000000000e+04
7.598000000000000000e+03 1.007300000000000000e+04
7.642000000000000000e+03 1.006900000000000000e+04
7.833000000000000000e+03 1.004900000000000000e+04
7.866000000000000000e+03 1.003700000000000000e+04
7.775000000000000000e+03 1.006200000000000000e+04
7.696000000000000000e+03 1.006400000000000000e+04
7.908000000000000000e+03 1.002500000000000000e+04
7.926000000000000000e+03 1.002400000000000000e+04
7.954000000000000000e+03 1.001600000000000000e+04
7.894000000000000000e+03 1.003100000000000000e+04
7.899000000000000000e+03 1.002700000000000000e+04
7.837000000000000000e+03 1.004000000000000000e+04
8.204000000000000000e+03 9.957000000000000000e+03
8.459000000000000000e+03 9.874000000000000000e+03
8.394000000000000000e+03 9.887000000000000000e+03
8.391000000000000000e+03 9.890000000000000000e+03
8.427000000000000000e+03 9.886000000000000000e+03
8.384000000000000000e+03 9.901000000000000000e+03
8.442000000000000000e+03 9.880000000000000000e+03
8.755000000000000000e+03 9.734000000000000000e+03
8.782000000000000000e+03 9.701000000000000000e+03
8.799000000000000000e+03 9.683000000000000000e+03
8.795000000000000000e+03 9.684000000000000000e+03
8.826000000000000000e+03 9.678000000000000000e+03
8.876000000000000000e+03 9.659000000000000000e+03
8.911000000000000000e+03 9.643000000000000000e+03
8.923000000000000000e+03 9.621000000000000000e+03
8.951000000000000000e+03 9.605000000000000000e+03
8.920000000000000000e+03 9.625000000000000000e+03
8.915000000000000000e+03 9.626000000000000000e+03
8.933000000000000000e+03 9.620000000000000000e+03
8.947000000000000000e+03 9.608000000000000000e+03
8.978000000000000000e+03 9.579000000000000000e+03
8.935000000000000000e+03 9.616000000000000000e+03
8.963000000000000000e+03 9.592000000000000000e+03
8.952000000000000000e+03 9.594000000000000000e+03
8.942000000000000000e+03 9.614000000000000000e+03
9.005000000000000000e+03 9.577000000000000000e+03
8.976000000000000000e+03 9.584000000000000000e+03
9.019000000000000000e+03 9.552000000000000000e+03
9.084000000000000000e+03 9.501000000000000000e+03
9.082000000000000000e+03 9.511000000000000000e+03
9.058000000000000000e+03 9.543000000000000000e+03
9.116000000000000000e+03 9.475000000000000000e+03
9.083000000000000000e+03 9.508000000000000000e+03
9.091000000000000000e+03 9.495000000000000000e+03
9.071000000000000000e+03 9.519000000000000000e+03
9.099000000000000000e+03 9.489000000000000000e+03
9.074000000000000000e+03 9.516000000000000000e+03
9.112000000000000000e+03 9.476000000000000000e+03
9.140000000000000000e+03 9.446000000000000000e+03
9.161000000000000000e+03 9.433000000000000000e+03
9.133000000000000000e+03 9.466000000000000000e+03
9.168000000000000000e+03 9.432000000000000000e+03
9.173000000000000000e+03 9.404000000000000000e+03
9.150000000000000000e+03 9.445000000000000000e+03
9.201000000000000000e+03 9.385000000000000000e+03
9.182000000000000000e+03 9.401000000000000000e+03
9.200000000000000000e+03 9.400000000000000000e+03
9.276000000000000000e+03 9.316000000000000000e+03
9.257000000000000000e+03 9.322000000000000000e+03
9.238000000000000000e+03 9.374000000000000000e+03
9.279000000000000000e+03 9.299000000000000000e+03
9.268000000000000000e+03 9.317000000000000000e+03
9.288000000000000000e+03 9.289000000000000000e+03
9.245000000000000000e+03 9.347000000000000000e+03
9.254000000000000000e+03 9.339000000000000000e+03
9.281000000000000000e+03 9.294000000000000000e+03
9.322000000000000000e+03 9.247000000000000000e+03
9.278000000000000000e+03 9.302000000000000000e+03
9.333000000000000000e+03 9.234000000000000000e+03
9.363000000000000000e+03 9.216000000000000000e+03
9.319000000000000000e+03 9.253000000000000000e+03
9.346000000000000000e+03 9.226000000000000000e+03
9.344000000000000000e+03 9.230000000000000000e+03
9.383000000000000000e+03 9.180000000000000000e+03
9.352000000000000000e+03 9.222000000000000000e+03
9.357000000000000000e+03 9.220000000000000000e+03
9.394000000000000000e+03 9.167000000000000000e+03
9.401000000000000000e+03 9.163000000000000000e+03
9.516000000000000000e+03 8.979000000000000000e+03
9.502000000000000000e+03 9.030000000000000000e+03
9.528000000000000000e+03 8.938000000000000000e+03
9.553000000000000000e+03 8.914000000000000000e+03
9.582000000000000000e+03 8.873000000000000000e+03
9.560000000000000000e+03 8.891000000000000000e+03
9.578000000000000000e+03 8.882000000000000000e+03
9.551000000000000000e+03 8.930000000000000000e+03
9.619000000000000000e+03 8.783000000000000000e+03
9.622000000000000000e+03 8.782000000000000000e+03
9.610000000000000000e+03 8.852000000000000000e+03
9.645000000000000000e+03 8.714000000000000000e+03
9.654000000000000000e+03 8.684000000000000000e+03
9.636000000000000000e+03 8.763000000000000000e+03
9.639000000000000000e+03 8.722000000000000000e+03
9.670000000000000000e+03 8.673000000000000000e+03
9.648000000000000000e+03 8.711000000000000000e+03
9.652000000000000000e+03 8.705000000000000000e+03
9.655000000000000000e+03 8.677000000000000000e+03
9.696000000000000000e+03 8.608000000000000000e+03
9.689000000000000000e+03 8.647000000000000000e+03
9.700000000000000000e+03 8.598000000000000000e+03
9.691000000000000000e+03 8.622000000000000000e+03
9.675000000000000000e+03 8.655000000000000000e+03
9.722000000000000000e+03 8.541000000000000000e+03
9.716000000000000000e+03 8.549000000000000000e+03
9.737000000000000000e+03 8.502000000000000000e+03
9.769000000000000000e+03 8.387000000000000000e+03
9.775000000000000000e+03 8.346000000000000000e+03
9.746000000000000000e+03 8.485000000000000000e+03
9.758000000000000000e+03 8.429000000000000000e+03
9.766000000000000000e+03 8.410000000000000000e+03
9.753000000000000000e+03 8.475000000000000000e+03
9.783000000000000000e+03 8.295000000000000000e+03
9.777000000000000000e+03 8.344000000000000000e+03
9.785000000000000000e+03 8.271000000000000000e+03
9.816000000000000000e+03 8.206000000000000000e+03
9.794000000000000000e+03 8.257000000000000000e+03
9.807000000000000000e+03 8.218000000000000000e+03
9.828000000000000000e+03 8.134000000000000000e+03
9.819000000000000000e+03 8.174000000000000000e+03
9.839000000000000000e+03 8.118000000000000000e+03
9.861000000000000000e+03 8.061000000000000000e+03
9.835000000000000000e+03 8.124000000000000000e+03
9.820000000000000000e+03 8.153000000000000000e+03
9.831000000000000000e+03 8.127000000000000000e+03
9.845000000000000000e+03 8.100000000000000000e+03
9.871000000000000000e+03 7.931000000000000000e+03
9.876000000000000000e+03 7.896000000000000000e+03
9.866000000000000000e+03 7.945000000000000000e+03
7.440000000000000000e+03 1.008800000000000000e+04
8.070000000000000000e+03 9.992000000000000000e+03
8.055000000000000000e+03 9.994000000000000000e+03
8.007000000000000000e+03 1.001300000000000000e+04
7.974000000000000000e+03 1.001500000000000000e+04
7.985000000000000000e+03 1.001400000000000000e+04
7.935000000000000000e+03 1.001900000000000000e+04
8.041000000000000000e+03 1.000000000000000000e+04
8.029000000000000000e+03 1.000900000000000000e+04
8.024000000000000000e+03 1.001200000000000000e+04
8.033000000000000000e+03 1.000500000000000000e+04
8.054000000000000000e+03 9.996000000000000000e+03
8.071000000000000000e+03 9.979000000000000000e+03
8.134000000000000000e+03 9.972000000000000000e+03
8.177000000000000000e+03 9.962000000000000000e+03
8.095000000000000000e+03 9.973000000000000000e+03
8.090000000000000000e+03 9.974000000000000000e+03
8.088000000000000000e+03 9.978000000000000000e+03
8.198000000000000000e+03 9.958000000000000000e+03
8.146000000000000000e+03 9.970000000000000000e+03
8.155000000000000000e+03 9.963000000000000000e+03
8.259000000000000000e+03 9.936000000000000000e+03
8.213000000000000000e+03 9.952000000000000000e+03
8.232000000000000000e+03 9.950000000000000000e+03
8.242000000000000000e+03 9.947000000000000000e+03
8.281000000000000000e+03 9.933000000000000000e+03
8.358000000000000000e+03 9.919000000000000000e+03
8.294000000000000000e+03 9.932000000000000000e+03
8.311000000000000000e+03 9.928000000000000000e+03
8.334000000000000000e+03 9.926000000000000000e+03
8.388000000000000000e+03 9.900000000000000000e+03
8.461000000000000000e+03 9.867000000000000000e+03
8.393000000000000000e+03 9.888000000000000000e+03
8.545000000000000000e+03 9.833000000000000000e+03
8.500000000000000000e+03 9.864000000000000000e+03
8.535000000000000000e+03 9.852000000000000000e+03
8.554000000000000000e+03 9.831000000000000000e+03
8.612000000000000000e+03 9.806000000000000000e+03
8.538000000000000000e+03 9.843000000000000000e+03
8.563000000000000000e+03 9.830000000000000000e+03
8.607000000000000000e+03 9.807000000000000000e+03
8.673000000000000000e+03 9.787000000000000000e+03
8.626000000000000000e+03 9.799000000000000000e+03
8.649000000000000000e+03 9.790000000000000000e+03
8.605000000000000000e+03 9.822000000000000000e+03
8.631000000000000000e+03 9.798000000000000000e+03
8.616000000000000000e+03 9.800000000000000000e+03
8.724000000000000000e+03 9.756000000000000000e+03
8.691000000000000000e+03 9.766000000000000000e+03
8.764000000000000000e+03 9.717000000000000000e+03
8.790000000000000000e+03 9.693000000000000000e+03
8.793000000000000000e+03 9.689000000000000000e+03
8.836000000000000000e+03 9.667000000000000000e+03
9.262000000000000000e+03 9.319000000000000000e+03
9.308000000000000000e+03 9.266000000000000000e+03
9.299000000000000000e+03 9.282000000000000000e+03
9.300000000000000000e+03 9.280000000000000000e+03
9.389000000000000000e+03 9.169000000000000000e+03
9.373000000000000000e+03 9.203000000000000000e+03
9.381000000000000000e+03 9.185000000000000000e+03
9.366000000000000000e+03 9.208000000000000000e+03
9.379000000000000000e+03 9.186000000000000000e+03
9.391000000000000000e+03 9.168000000000000000e+03
9.387000000000000000e+03 9.172000000000000000e+03
9.378000000000000000e+03 9.197000000000000000e+03
9.426000000000000000e+03 9.127000000000000000e+03
9.422000000000000000e+03 9.146000000000000000e+03
9.434000000000000000e+03 9.115000000000000000e+03
9.424000000000000000e+03 9.128000000000000000e+03
9.406000000000000000e+03 9.161000000000000000e+03
9.414000000000000000e+03 9.154000000000000000e+03
9.443000000000000000e+03 9.103000000000000000e+03
9.440000000000000000e+03 9.112000000000000000e+03
9.463000000000000000e+03 9.091000000000000000e+03
9.423000000000000000e+03 9.138000000000000000e+03
9.447000000000000000e+03 9.094000000000000000e+03
9.433000000000000000e+03 9.125000000000000000e+03
9.464000000000000000e+03 9.055000000000000000e+03
9.466000000000000000e+03 9.043000000000000000e+03
9.490000000000000000e+03 9.036000000000000000e+03
9.503000000000000000e+03 8.995000000000000000e+03
9.507000000000000000e+03 8.984000000000000000e+03
9.523000000000000000e+03 8.945000000000000000e+03
9.517000000000000000e+03 8.948000000000000000e+03
9.726000000000000000e+03 8.522000000000000000e+03
9.707000000000000000e+03 8.596000000000000000e+03
9.712000000000000000e+03 8.550000000000000000e+03
9.708000000000000000e+03 8.577000000000000000e+03
