1.667400000000000000e+04 2.029400000000000000e+04
1.668900000000000000e+04 2.028600000000000000e+04
1.656800000000000000e+04 2.029500000000000000e+04
1.650100000000000000e+04 2.033600000000000000e+04
1.653000000000000000e+04 2.032100000000000000e+04
1.654600000000000000e+04 2.031300000000000000e+04
1.653400000000000000e+04 2.031900000000000000e+04
1.642600000000000000e+04 2.034300000000000000e+04
1.631600000000000000e+04 2.035800000000000000e+04
1.648600000000000000e+04 2.034200000000000000e+04
1.650900000000000000e+04 2.032800000000000000e+04
1.652800000000000000e+04 2.032500000000000000e+04
1.673800000000000000e+04 2.027900000000000000e+04
1.674900000000000000e+04 2.027500000000000000e+04
1.669500000000000000e+04 2.028100000000000000e+04
1.678200000000000000e+04 2.027400000000000000e+04
1.683700000000000000e+04 2.026700000000000000e+04
1.674200000000000000e+04 2.027600000000000000e+04
1.686300000000000000e+04 2.025600000000000000e+04
1.692100000000000000e+04 2.025300000000000000e+04
1.698300000000000000e+04 2.022600000000000000e+04
1.687300000000000000e+04 2.025500000000000000e+04
1.722400000000000000e+04 2.014700000000000000e+04
1.722200000000000000e+04 2.015400000000000000e+04
1.712200000000000000e+04 2.017700000000000000e+04
1.708600000000000000e+04 2.020300000000000000e+04
1.714500000000000000e+04 2.017600000000000000e+04
1.721100000000000000e+04 2.016600000000000000e+04
1.716900000000000000e+04 2.016900000000000000e+04
1.710200000000000000e+04 2.019800000000000000e+04
1.754600000000000000e+04 2.004600000000000000e+04
1.763500000000000000e+04 1.999200000000000000e+04
1.763400000000000000e+04 1.999500000000000000e+04
1.761900000000000000e+04 1.999900000000000000e+04
1.766000000000000000e+04 1.998000000000000000e+04
1.764800000000000000e+04 1.998100000000000000e+04
1.767400000000000000e+04 1.996300000000000000e+04
1.766200000000000000e+04 1.997100000000000000e+04
1.769200000000000000e+04 1.996200000000000000e+04
1.770700000000000000e+04 1.995600000000000000e+04
1.775000000000000000e+04 1.995500000000000000e+04
1.777600000000000000e+04 1.992500000000000000e+04
1.777000000000000000e+04 1.992900000000000000e+04
1.782200000000000000e+04 1.991100000000000000e+04
1.780100000000000000e+04 1.991900000000000000e+04
1.781800000000000000e+04 1.991600000000000000e+04
1.779500000000000000e+04 1.992100000000000000e+04
1.789400000000000000e+04 1.990100000000000000e+04
1.787800000000000000e+04 1.990600000000000000e+04
1.784300000000000000e+04 1.991000000000000000e+04
1.798100000000000000e+04 1.986300000000000000e+04
1.791300000000000000e+04 1.989000000000000000e+04
1.792700000000000000e+04 1.988400000000000000e+04
1.793800000000000000e+04 1.987600000000000000e+04
1.798500000000000000e+04 1.985800000000000000e+04
1.800100000000000000e+04 1.982900000000000000e+04
1.801800000000000000e+04 1.982600000000000000e+04
1.802600000000000000e+04 1.981100000000000000e+04
1.806600000000000000e+04 1.978400000000000000e+04
1.808100000000000000e+04 1.978200000000000000e+04
1.806200000000000000e+04 1.978800000000000000e+04
1.805200000000000000e+04 1.979900000000000000e+04
1.809300000000000000e+04 1.976400000000000000e+04
1.808400000000000000e+04 1.976600000000000000e+04
1.812300000000000000e+04 1.975300000000000000e+04
1.813500000000000000e+04 1.974200000000000000e+04
1.816300000000000000e+04 1.972400000000000000e+04
1.816200000000000000e+04 1.973000000000000000e+04
1.833200000000000000e+04 1.963700000000000000e+04
1.832500000000000000e+04 1.965400000000000000e+04
1.835000000000000000e+04 1.963600000000000000e+04
1.843400000000000000e+04 1.960700000000000000e+04
1.844900000000000000e+04 1.959200000000000000e+04
1.842400000000000000e+04 1.961100000000000000e+04
1.841000000000000000e+04 1.963000000000000000e+04
1.842700000000000000e+04 1.961000000000000000e+04
1.840100000000000000e+04 1.963400000000000000e+04
1.841900000000000000e+04 1.962000000000000000e+04
1.842100000000000000e+04 1.961900000000000000e+04
1.849700000000000000e+04 1.954100000000000000e+04
1.853200000000000000e+04 1.952600000000000000e+04
1.848300000000000000e+04 1.955000000000000000e+04
1.850000000000000000e+04 1.953500000000000000e+04
1.853700000000000000e+04 1.951100000000000000e+04
1.851400000000000000e+04 1.953400000000000000e+04
1.855200000000000000e+04 1.950700000000000000e+04
1.855600000000000000e+04 1.950000000000000000e+04
1.852800000000000000e+04 1.952800000000000000e+04
1.844100000000000000e+04 1.960300000000000000e+04
1.867900000000000000e+04 1.940100000000000000e+04
1.869700000000000000e+04 1.937400000000000000e+04
1.871900000000000000e+04 1.936500000000000000e+04
1.869800000000000000e+04 1.937100000000000000e+04
1.869200000000000000e+04 1.939200000000000000e+04
1.861200000000000000e+04 1.944200000000000000e+04
1.869900000000000000e+04 1.937000000000000000e+04
1.870200000000000000e+04 1.936700000000000000e+04
1.872600000000000000e+04 1.935800000000000000e+04
1.883000000000000000e+04 1.926900000000000000e+04
1.880800000000000000e+04 1.929700000000000000e+04
1.883300000000000000e+04 1.926600000000000000e+04
1.885000000000000000e+04 1.925700000000000000e+04
1.891400000000000000e+04 1.917900000000000000e+04
1.891800000000000000e+04 1.917500000000000000e+04
1.891900000000000000e+04 1.917300000000000000e+04
1.907300000000000000e+04 1.898100000000000000e+04
1.910300000000000000e+04 1.894700000000000000e+04
1.911900000000000000e+04 1.891900000000000000e+04
1.911400000000000000e+04 1.892700000000000000e+04
1.914000000000000000e+04 1.887000000000000000e+04
1.915800000000000000e+04 1.886000000000000000e+04
1.916700000000000000e+04 1.884700000000000000e+04
1.916300000000000000e+04 1.885700000000000000e+04
1.921400000000000000e+04 1.875800000000000000e+04
1.943900000000000000e+04 1.840900000000000000e+04
1.942400000000000000e+04 1.845000000000000000e+04
1.945200000000000000e+04 1.837200000000000000e+04
1.936300000000000000e+04 1.850000000000000000e+04
1.935500000000000000e+04 1.852200000000000000e+04
1.938100000000000000e+04 1.849400000000000000e+04
1.939100000000000000e+04 1.846000000000000000e+04
1.939800000000000000e+04 1.845200000000000000e+04
1.937900000000000000e+04 1.849500000000000000e+04
1.939000000000000000e+04 1.847400000000000000e+04
1.943600000000000000e+04 1.841600000000000000e+04
1.942600000000000000e+04 1.841900000000000000e+04
1.947400000000000000e+04 1.836200000000000000e+04
1.945700000000000000e+04 1.837100000000000000e+04
1.945000000000000000e+04 1.839800000000000000e+04
1.952400000000000000e+04 1.827500000000000000e+04
1.947600000000000000e+04 1.834300000000000000e+04
1.948200000000000000e+04 1.833800000000000000e+04
1.948300000000000000e+04 1.832200000000000000e+04
1.949200000000000000e+04 1.831300000000000000e+04
1.949300000000000000e+04 1.830400000000000000e+04
1.948400000000000000e+04 1.831900000000000000e+04
1.951000000000000000e+04 1.829400000000000000e+04
1.953900000000000000e+04 1.825300000000000000e+04
1.951700000000000000e+04 1.827700000000000000e+04
1.957000000000000000e+04 1.818800000000000000e+04
1.955000000000000000e+04 1.819500000000000000e+04
1.956500000000000000e+04 1.819100000000000000e+04
1.960800000000000000e+04 1.807900000000000000e+04
1.958600000000000000e+04 1.813600000000000000e+04
1.957400000000000000e+04 1.815300000000000000e+04
1.958300000000000000e+04 1.814400000000000000e+04
1.960500000000000000e+04 1.810800000000000000e+04
1.959000000000000000e+04 1.813100000000000000e+04
1.961200000000000000e+04 1.807300000000000000e+04
1.960200000000000000e+04 1.811100000000000000e+04
1.963400000000000000e+04 1.804200000000000000e+04
1.961300000000000000e+04 1.805300000000000000e+04
1.961900000000000000e+04 1.805200000000000000e+04
1.962600000000000000e+04 1.805000000000000000e+04
1.964400000000000000e+04 1.802500000000000000e+04
1.967100000000000000e+04 1.792300000000000000e+04
1.965100000000000000e+04 1.801300000000000000e+04
1.966300000000000000e+04 1.795600000000000000e+04
1.965300000000000000e+04 1.797800000000000000e+04
1.965900000000000000e+04 1.797200000000000000e+04
1.966700000000000000e+04 1.792900000000000000e+04
1.964800000000000000e+04 1.802200000000000000e+04
1.966600000000000000e+04 1.793000000000000000e+04
1.966800000000000000e+04 1.792800000000000000e+04
1.967900000000000000e+04 1.789900000000000000e+04
1.967400000000000000e+04 1.791800000000000000e+04
1.969700000000000000e+04 1.787400000000000000e+04
1.971300000000000000e+04 1.782900000000000000e+04
1.972200000000000000e+04 1.780300000000000000e+04
1.971100000000000000e+04 1.785400000000000000e+04
1.971200000000000000e+04 1.784000000000000000e+04
1.970000000000000000e+04 1.786100000000000000e+04
1.972500000000000000e+04 1.777600000000000000e+04
1.975700000000000000e+04 1.771900000000000000e+04
1.973400000000000000e+04 1.777100000000000000e+04
1.975300000000000000e+04 1.773000000000000000e+04
1.976300000000000000e+04 1.766600000000000000e+04
1.979100000000000000e+04 1.761600000000000000e+04
1.974700000000000000e+04 1.773300000000000000e+04
1.976200000000000000e+04 1.770200000000000000e+04
1.976400000000000000e+04 1.766100000000000000e+04
1.974600000000000000e+04 1.775500000000000000e+04
1.978800000000000000e+04 1.762300000000000000e+04
1.977400000000000000e+04 1.765300000000000000e+04
1.979600000000000000e+04 1.759900000000000000e+04
1.977800000000000000e+04 1.764400000000000000e+04
1.979800000000000000e+04 1.757800000000000000e+04
1.981300000000000000e+04 1.754800000000000000e+04
1.980000000000000000e+04 1.756500000000000000e+04
1.982400000000000000e+04 1.754200000000000000e+04
1.983500000000000000e+04 1.749700000000000000e+04
1.985600000000000000e+04 1.746100000000000000e+04
1.985800000000000000e+04 1.743000000000000000e+04
1.984400000000000000e+04 1.747900000000000000e+04
1.987400000000000000e+04 1.737300000000000000e+04
1.984800000000000000e+04 1.747500000000000000e+04
1.987800000000000000e+04 1.735700000000000000e+04
1.986600000000000000e+04 1.742500000000000000e+04
1.986800000000000000e+04 1.740500000000000000e+04
1.990800000000000000e+04 1.728700000000000000e+04
1.992000000000000000e+04 1.724800000000000000e+04
1.992900000000000000e+04 1.721500000000000000e+04
1.989900000000000000e+04 1.732200000000000000e+04
1.988900000000000000e+04 1.732700000000000000e+04
1.991100000000000000e+04 1.727500000000000000e+04
1.991400000000000000e+04 1.725300000000000000e+04
1.995000000000000000e+04 1.713300000000000000e+04
1.995400000000000000e+04 1.710300000000000000e+04
1.994800000000000000e+04 1.715100000000000000e+04
1.994300000000000000e+04 1.716300000000000000e+04
1.993600000000000000e+04 1.717900000000000000e+04
1.994100000000000000e+04 1.716500000000000000e+04
1.993500000000000000e+04 1.718600000000000000e+04
1.991300000000000000e+04 1.726100000000000000e+04
1.997300000000000000e+04 1.706000000000000000e+04
1.996000000000000000e+04 1.707700000000000000e+04
1.997400000000000000e+04 1.698500000000000000e+04
1.995800000000000000e+04 1.709100000000000000e+04
1.699100000000000000e+04 2.020400000000000000e+04
1.692500000000000000e+04 2.023400000000000000e+04
1.761000000000000000e+04 2.000700000000000000e+04
1.746300000000000000e+04 2.008300000000000000e+04
1.744800000000000000e+04 2.008700000000000000e+04
1.727700000000000000e+04 2.014200000000000000e+04
1.715100000000000000e+04 2.017100000000000000e+04
1.855800000000000000e+04 1.946300000000000000e+04
1.859300000000000000e+04 1.944600000000000000e+04
1.731400000000000000e+04 2.011900000000000000e+04
1.810800000000000000e+04 1.975700000000000000e+04
1.795900000000000000e+04 1.986700000000000000e+04
1.751000000000000000e+04 2.006000000000000000e+04
1.746900000000000000e+04 2.006700000000000000e+04
1.750700000000000000e+04 2.006500000000000000e+04
1.738000000000000000e+04 2.011700000000000000e+04
1.743300000000000000e+04 2.009900000000000000e+04
1.743400000000000000e+04 2.009200000000000000e+04
1.741500000000000000e+04 2.010900000000000000e+04
1.823000000000000000e+04 1.970300000000000000e+04
1.828300000000000000e+04 1.966300000000000000e+04
1.828500000000000000e+04 1.965600000000000000e+04
1.828000000000000000e+04 1.967600000000000000e+04
1.827100000000000000e+04 1.968400000000000000e+04
1.826600000000000000e+04 1.969500000000000000e+04
1.752300000000000000e+04 2.005000000000000000e+04
1.759800000000000000e+04 2.001500000000000000e+04
1.758000000000000000e+04 2.003500000000000000e+04
1.758500000000000000e+04 2.001700000000000000e+04
1.761500000000000000e+04 2.000600000000000000e+04
1.755700000000000000e+04 2.004300000000000000e+04
1.760600000000000000e+04 2.000900000000000000e+04
1.892500000000000000e+04 1.915500000000000000e+04
1.867100000000000000e+04 1.940300000000000000e+04
1.866700000000000000e+04 1.941300000000000000e+04
1.809500000000000000e+04 1.976000000000000000e+04
1.814800000000000000e+04 1.973600000000000000e+04
1.820700000000000000e+04 1.970500000000000000e+04
1.818700000000000000e+04 1.972200000000000000e+04
1.845600000000000000e+04 1.955400000000000000e+04
1.862300000000000000e+04 1.943500000000000000e+04
1.864500000000000000e+04 1.943400000000000000e+04
1.866800000000000000e+04 1.941200000000000000e+04
1.866900000000000000e+04 1.940500000000000000e+04
1.865900000000000000e+04 1.942500000000000000e+04
1.866100000000000000e+04 1.941600000000000000e+04
1.869500000000000000e+04 1.938100000000000000e+04
1.874300000000000000e+04 1.934300000000000000e+04
1.873700000000000000e+04 1.935700000000000000e+04
1.879700000000000000e+04 1.930800000000000000e+04
1.879400000000000000e+04 1.931900000000000000e+04
1.877100000000000000e+04 1.932900000000000000e+04
1.876600000000000000e+04 1.934200000000000000e+04
1.877800000000000000e+04 1.932500000000000000e+04
1.881200000000000000e+04 1.929300000000000000e+04
1.881500000000000000e+04 1.928400000000000000e+04
1.882400000000000000e+04 1.928100000000000000e+04
1.880300000000000000e+04 1.929900000000000000e+04
1.882600000000000000e+04 1.927300000000000000e+04
1.886200000000000000e+04 1.923700000000000000e+04
1.886400000000000000e+04 1.923600000000000000e+04
1.885100000000000000e+04 1.925500000000000000e+04
1.886500000000000000e+04 1.923400000000000000e+04
1.884500000000000000e+04 1.926400000000000000e+04
1.886600000000000000e+04 1.923300000000000000e+04
1.888800000000000000e+04 1.920400000000000000e+04
1.887800000000000000e+04 1.920800000000000000e+04
1.885900000000000000e+04 1.924800000000000000e+04
1.887700000000000000e+04 1.920900000000000000e+04
1.889300000000000000e+04 1.919800000000000000e+04
1.887400000000000000e+04 1.923200000000000000e+04
1.888000000000000000e+04 1.920500000000000000e+04
1.892300000000000000e+04 1.916300000000000000e+04
1.887500000000000000e+04 1.921100000000000000e+04
1.890100000000000000e+04 1.919400000000000000e+04
1.895100000000000000e+04 1.912900000000000000e+04
1.896300000000000000e+04 1.912600000000000000e+04
1.894600000000000000e+04 1.915100000000000000e+04
1.895000000000000000e+04 1.914300000000000000e+04
1.898100000000000000e+04 1.910600000000000000e+04
1.899300000000000000e+04 1.910300000000000000e+04
1.898000000000000000e+04 1.912000000000000000e+04
1.899600000000000000e+04 1.907400000000000000e+04
1.901200000000000000e+04 1.906600000000000000e+04
1.905400000000000000e+04 1.901300000000000000e+04
1.904100000000000000e+04 1.904300000000000000e+04
1.907100000000000000e+04 1.899600000000000000e+04
1.904500000000000000e+04 1.902800000000000000e+04
1.904800000000000000e+04 1.901700000000000000e+04
1.904700000000000000e+04 1.902600000000000000e+04
1.903300000000000000e+04 1.905400000000000000e+04
1.906200000000000000e+04 1.900400000000000000e+04
1.911100000000000000e+04 1.892800000000000000e+04
1.910400000000000000e+04 1.893300000000000000e+04
1.908600000000000000e+04 1.897900000000000000e+04
1.909300000000000000e+04 1.896400000000000000e+04
1.913100000000000000e+04 1.891300000000000000e+04
1.913200000000000000e+04 1.890700000000000000e+04
1.926400000000000000e+04 1.870400000000000000e+04
1.924500000000000000e+04 1.875000000000000000e+04
1.925900000000000000e+04 1.872500000000000000e+04
1.932300000000000000e+04 1.862800000000000000e+04
1.928400000000000000e+04 1.868400000000000000e+04
1.932900000000000000e+04 1.859700000000000000e+04
1.928900000000000000e+04 1.867300000000000000e+04
1.933700000000000000e+04 1.856800000000000000e+04
1.933500000000000000e+04 1.859500000000000000e+04
1.931600000000000000e+04 1.863500000000000000e+04
1.930600000000000000e+04 1.865700000000000000e+04
1.913900000000000000e+04 1.888900000000000000e+04
1.917300000000000000e+04 1.883400000000000000e+04
1.918900000000000000e+04 1.881300000000000000e+04
1.917700000000000000e+04 1.882200000000000000e+04
1.921200000000000000e+04 1.879200000000000000e+04
1.917400000000000000e+04 1.882400000000000000e+04
1.919400000000000000e+04 1.879700000000000000e+04
1.624700000000000000e+04 2.034900000000000000e+04
1.644300000000000000e+04 2.034300000000000000e+04
1.658100000000000000e+04 2.032900000000000000e+04
1.663300000000000000e+04 2.031100000000000000e+04
1.658800000000000000e+04 2.032500000000000000e+04
1.661800000000000000e+04 2.031900000000000000e+04
1.673700000000000000e+04 2.027600000000000000e+04
1.675100000000000000e+04 2.027300000000000000e+04
1.678800000000000000e+04 2.027200000000000000e+04
1.673400000000000000e+04 2.028600000000000000e+04
1.670500000000000000e+04 2.030900000000000000e+04
1.670700000000000000e+04 2.028800000000000000e+04
1.673200000000000000e+04 2.028700000000000000e+04
1.694300000000000000e+04 2.024600000000000000e+04
1.688600000000000000e+04 2.026300000000000000e+04
1.689700000000000000e+04 2.025400000000000000e+04
1.703200000000000000e+04 2.021700000000000000e+04
1.700900000000000000e+04 2.022900000000000000e+04
1.705100000000000000e+04 2.020800000000000000e+04
1.702500000000000000e+04 2.022700000000000000e+04
1.696700000000000000e+04 2.024200000000000000e+04
1.703700000000000000e+04 2.021200000000000000e+04
1.717700000000000000e+04 2.017000000000000000e+04
1.706500000000000000e+04 2.019600000000000000e+04
1.705900000000000000e+04 2.019700000000000000e+04
1.714000000000000000e+04 2.018200000000000000e+04
1.711200000000000000e+04 2.018800000000000000e+04
1.710200000000000000e+04 2.019300000000000000e+04
1.713900000000000000e+04 2.018500000000000000e+04
1.718100000000000000e+04 2.016600000000000000e+04
1.714900000000000000e+04 2.017400000000000000e+04
1.715500000000000000e+04 2.017300000000000000e+04
1.731100000000000000e+04 2.011200000000000000e+04
1.741300000000000000e+04 2.010000000000000000e+04
1.745400000000000000e+04 2.007900000000000000e+04
1.747900000000000000e+04 2.005800000000000000e+04
1.749700000000000000e+04 2.005100000000000000e+04
1.751400000000000000e+04 2.004700000000000000e+04
1.752900000000000000e+04 2.003300000000000000e+04
1.761800000000000000e+04 2.002700000000000000e+04
1.787700000000000000e+04 1.990300000000000000e+04
1.799200000000000000e+04 1.984800000000000000e+04
1.800300000000000000e+04 1.983900000000000000e+04
1.805000000000000000e+04 1.980900000000000000e+04
1.797500000000000000e+04 1.985100000000000000e+04
1.840000000000000000e+04 1.960100000000000000e+04
1.804000000000000000e+04 1.982900000000000000e+04
1.822900000000000000e+04 1.971400000000000000e+04
1.854900000000000000e+04 1.949700000000000000e+04
1.856800000000000000e+04 1.948400000000000000e+04
1.856600000000000000e+04 1.948500000000000000e+04
1.858700000000000000e+04 1.946700000000000000e+04
1.857100000000000000e+04 1.947900000000000000e+04
1.858200000000000000e+04 1.947500000000000000e+04
1.856300000000000000e+04 1.949000000000000000e+04
1.856200000000000000e+04 1.949500000000000000e+04
1.868600000000000000e+04 1.940300000000000000e+04
1.870300000000000000e+04 1.938400000000000000e+04
1.870600000000000000e+04 1.938100000000000000e+04
1.872700000000000000e+04 1.936300000000000000e+04
1.870800000000000000e+04 1.937900000000000000e+04
1.870100000000000000e+04 1.939400000000000000e+04
1.871500000000000000e+04 1.937500000000000000e+04
1.872300000000000000e+04 1.936800000000000000e+04
1.873300000000000000e+04 1.935500000000000000e+04
1.876300000000000000e+04 1.932100000000000000e+04
1.874200000000000000e+04 1.934700000000000000e+04
1.876200000000000000e+04 1.932500000000000000e+04
1.875900000000000000e+04 1.934500000000000000e+04
1.878900000000000000e+04 1.931000000000000000e+04
1.881100000000000000e+04 1.929300000000000000e+04
1.877700000000000000e+04 1.931600000000000000e+04
1.879700000000000000e+04 1.930700000000000000e+04
1.877200000000000000e+04 1.931900000000000000e+04
1.882700000000000000e+04 1.926900000000000000e+04
1.883900000000000000e+04 1.925300000000000000e+04
1.882800000000000000e+04 1.925800000000000000e+04
1.882300000000000000e+04 1.928200000000000000e+04
1.885800000000000000e+04 1.922800000000000000e+04
1.885500000000000000e+04 1.923900000000000000e+04
1.884500000000000000e+04 1.925100000000000000e+04
1.885000000000000000e+04 1.924500000000000000e+04
1.885100000000000000e+04 1.924100000000000000e+04
1.885900000000000000e+04 1.922700000000000000e+04
1.883600000000000000e+04 1.925700000000000000e+04
1.889000000000000000e+04 1.918600000000000000e+04
1.888300000000000000e+04 1.919600000000000000e+04
1.891000000000000000e+04 1.916400000000000000e+04
1.890700000000000000e+04 1.916600000000000000e+04
1.891300000000000000e+04 1.915600000000000000e+04
1.893200000000000000e+04 1.912400000000000000e+04
1.892500000000000000e+04 1.914900000000000000e+04
1.893100000000000000e+04 1.913600000000000000e+04
1.892700000000000000e+04 1.914800000000000000e+04
1.894600000000000000e+04 1.912000000000000000e+04
1.898100000000000000e+04 1.909900000000000000e+04
1.899500000000000000e+04 1.906200000000000000e+04
1.897600000000000000e+04 1.910500000000000000e+04
1.898800000000000000e+04 1.907500000000000000e+04
1.898900000000000000e+04 1.907000000000000000e+04
1.900000000000000000e+04 1.905100000000000000e+04
1.901900000000000000e+04 1.904500000000000000e+04
1.900500000000000000e+04 1.904700000000000000e+04
1.902000000000000000e+04 1.903300000000000000e+04
1.899600000000000000e+04 1.906100000000000000e+04
1.898300000000000000e+04 1.907900000000000000e+04
1.899700000000000000e+04 1.905200000000000000e+04
1.902400000000000000e+04 1.902000000000000000e+04
1.903300000000000000e+04 1.901900000000000000e+04
1.900700000000000000e+04 1.904600000000000000e+04
1.906100000000000000e+04 1.897700000000000000e+04
1.904800000000000000e+04 1.900700000000000000e+04
1.906400000000000000e+04 1.897000000000000000e+04
1.905400000000000000e+04 1.898300000000000000e+04
1.909500000000000000e+04 1.892000000000000000e+04
1.908700000000000000e+04 1.894100000000000000e+04
1.909900000000000000e+04 1.890200000000000000e+04
1.907700000000000000e+04 1.894500000000000000e+04
1.907600000000000000e+04 1.895900000000000000e+04
1.910200000000000000e+04 1.890000000000000000e+04
1.912900000000000000e+04 1.884800000000000000e+04
1.912800000000000000e+04 1.886200000000000000e+04
1.911700000000000000e+04 1.886600000000000000e+04
1.916200000000000000e+04 1.884100000000000000e+04
1.920000000000000000e+04 1.877300000000000000e+04
1.917600000000000000e+04 1.882400000000000000e+04
1.923900000000000000e+04 1.872900000000000000e+04
1.921100000000000000e+04 1.875400000000000000e+04
1.921800000000000000e+04 1.875100000000000000e+04
1.925700000000000000e+04 1.871600000000000000e+04
1.930400000000000000e+04 1.860100000000000000e+04
1.931400000000000000e+04 1.859100000000000000e+04
1.932000000000000000e+04 1.857700000000000000e+04
1.930800000000000000e+04 1.859800000000000000e+04
1.938100000000000000e+04 1.854100000000000000e+04
1.943100000000000000e+04 1.848000000000000000e+04
1.942700000000000000e+04 1.849900000000000000e+04
1.945500000000000000e+04 1.842900000000000000e+04
1.937900000000000000e+04 1.854500000000000000e+04
1.943900000000000000e+04 1.846500000000000000e+04
1.946900000000000000e+04 1.840800000000000000e+04
1.948400000000000000e+04 1.838500000000000000e+04
1.945700000000000000e+04 1.841700000000000000e+04
1.944700000000000000e+04 1.845700000000000000e+04
1.950000000000000000e+04 1.834700000000000000e+04
1.950400000000000000e+04 1.834200000000000000e+04
1.951400000000000000e+04 1.830200000000000000e+04
1.952100000000000000e+04 1.830000000000000000e+04
1.950800000000000000e+04 1.833200000000000000e+04
1.952200000000000000e+04 1.829400000000000000e+04
1.952900000000000000e+04 1.827800000000000000e+04
1.951300000000000000e+04 1.832300000000000000e+04
1.957700000000000000e+04 1.818300000000000000e+04
1.955200000000000000e+04 1.821700000000000000e+04
1.955100000000000000e+04 1.824200000000000000e+04
1.953200000000000000e+04 1.825600000000000000e+04
1.953500000000000000e+04 1.825400000000000000e+04
1.956400000000000000e+04 1.819100000000000000e+04
1.958100000000000000e+04 1.809800000000000000e+04
1.960300000000000000e+04 1.806900000000000000e+04
1.958800000000000000e+04 1.809700000000000000e+04
1.959100000000000000e+04 1.808300000000000000e+04
1.959400000000000000e+04 1.807800000000000000e+04
1.964000000000000000e+04 1.798600000000000000e+04
1.962400000000000000e+04 1.803100000000000000e+04
1.964700000000000000e+04 1.795700000000000000e+04
1.964300000000000000e+04 1.796900000000000000e+04
1.966200000000000000e+04 1.795000000000000000e+04
1.968400000000000000e+04 1.789800000000000000e+04
1.966600000000000000e+04 1.792400000000000000e+04
1.969500000000000000e+04 1.788200000000000000e+04
1.967900000000000000e+04 1.790400000000000000e+04
1.966300000000000000e+04 1.793500000000000000e+04
1.967000000000000000e+04 1.791200000000000000e+04
1.970000000000000000e+04 1.783300000000000000e+04
1.969700000000000000e+04 1.783900000000000000e+04
1.971900000000000000e+04 1.781600000000000000e+04
1.971100000000000000e+04 1.782700000000000000e+04
1.977400000000000000e+04 1.768300000000000000e+04
1.975700000000000000e+04 1.774800000000000000e+04
1.974400000000000000e+04 1.774900000000000000e+04
1.978600000000000000e+04 1.764800000000000000e+04
1.974300000000000000e+04 1.775800000000000000e+04
1.977200000000000000e+04 1.769700000000000000e+04
1.978000000000000000e+04 1.767100000000000000e+04
1.979200000000000000e+04 1.759900000000000000e+04
1.979900000000000000e+04 1.755400000000000000e+04
1.980400000000000000e+04 1.753600000000000000e+04
1.982500000000000000e+04 1.749000000000000000e+04
1.979500000000000000e+04 1.755900000000000000e+04
1.973600000000000000e+04 1.780400000000000000e+04
1.978100000000000000e+04 1.766900000000000000e+04
1.979400000000000000e+04 1.757100000000000000e+04
1.976500000000000000e+04 1.770700000000000000e+04
1.983700000000000000e+04 1.740800000000000000e+04
1.980800000000000000e+04 1.751500000000000000e+04
1.983200000000000000e+04 1.741100000000000000e+04
1.985300000000000000e+04 1.738900000000000000e+04
1.984500000000000000e+04 1.739000000000000000e+04
1.982800000000000000e+04 1.746600000000000000e+04
1.982900000000000000e+04 1.744300000000000000e+04
1.985500000000000000e+04 1.723900000000000000e+04
1.986800000000000000e+04 1.717400000000000000e+04
1.986200000000000000e+04 1.723700000000000000e+04
1.985400000000000000e+04 1.724500000000000000e+04
1.988100000000000000e+04 1.715300000000000000e+04
1.992200000000000000e+04 1.703500000000000000e+04
1.990600000000000000e+04 1.709900000000000000e+04
1.990900000000000000e+04 1.708400000000000000e+04
1.989800000000000000e+04 1.713700000000000000e+04
1.992700000000000000e+04 1.692000000000000000e+04
1.991300000000000000e+04 1.704200000000000000e+04
1.992900000000000000e+04 1.689500000000000000e+04
1.992400000000000000e+04 1.693600000000000000e+04
1.993700000000000000e+04 1.687700000000000000e+04
1.994800000000000000e+04 1.683500000000000000e+04
1.994500000000000000e+04 1.685300000000000000e+04
1.995100000000000000e+04 1.677200000000000000e+04
1.751500000000000000e+04 2.003400000000000000e+04
1.722600000000000000e+04 2.013300000000000000e+04
1.729600000000000000e+04 2.012600000000000000e+04
1.806800000000000000e+04 1.978600000000000000e+04
1.792600000000000000e+04 1.988800000000000000e+04
1.787800000000000000e+04 1.989800000000000000e+04
1.782100000000000000e+04 1.992600000000000000e+04
1.775900000000000000e+04 1.995400000000000000e+04
1.773900000000000000e+04 1.996300000000000000e+04
1.780000000000000000e+04 1.993200000000000000e+04
1.777500000000000000e+04 1.994600000000000000e+04
1.779200000000000000e+04 1.994500000000000000e+04
1.774400000000000000e+04 1.995500000000000000e+04
1.767900000000000000e+04 1.999600000000000000e+04
1.771800000000000000e+04 1.998500000000000000e+04
1.765000000000000000e+04 2.001100000000000000e+04
1.770000000000000000e+04 1.999000000000000000e+04
1.770600000000000000e+04 1.998900000000000000e+04
1.851000000000000000e+04 1.950400000000000000e+04
1.850600000000000000e+04 1.952000000000000000e+04
1.850400000000000000e+04 1.952100000000000000e+04
1.787100000000000000e+04 1.991000000000000000e+04
1.777400000000000000e+04 1.994700000000000000e+04
1.784900000000000000e+04 1.991500000000000000e+04
1.786300000000000000e+04 1.991200000000000000e+04
1.791600000000000000e+04 1.989100000000000000e+04
1.793000000000000000e+04 1.987800000000000000e+04
1.794800000000000000e+04 1.986700000000000000e+04
1.797100000000000000e+04 1.985800000000000000e+04
1.794700000000000000e+04 1.987500000000000000e+04
1.799500000000000000e+04 1.984300000000000000e+04
1.810600000000000000e+04 1.978500000000000000e+04
1.818200000000000000e+04 1.975500000000000000e+04
1.817500000000000000e+04 1.976700000000000000e+04
1.819500000000000000e+04 1.974300000000000000e+04
1.822000000000000000e+04 1.974100000000000000e+04
1.798800000000000000e+04 1.985000000000000000e+04
1.796400000000000000e+04 1.986600000000000000e+04
1.799700000000000000e+04 1.984000000000000000e+04
1.800800000000000000e+04 1.983700000000000000e+04
1.805900000000000000e+04 1.980600000000000000e+04
1.833400000000000000e+04 1.966300000000000000e+04
1.828100000000000000e+04 1.968800000000000000e+04
1.830400000000000000e+04 1.967700000000000000e+04
1.830300000000000000e+04 1.968400000000000000e+04
1.831300000000000000e+04 1.967000000000000000e+04
1.825200000000000000e+04 1.970100000000000000e+04
1.825300000000000000e+04 1.970000000000000000e+04
1.823900000000000000e+04 1.970800000000000000e+04
1.838400000000000000e+04 1.963300000000000000e+04
1.835200000000000000e+04 1.964600000000000000e+04
1.834000000000000000e+04 1.965000000000000000e+04
1.839500000000000000e+04 1.963100000000000000e+04
1.836100000000000000e+04 1.963800000000000000e+04
1.836200000000000000e+04 1.963400000000000000e+04
1.833800000000000000e+04 1.965300000000000000e+04
1.835300000000000000e+04 1.964400000000000000e+04
1.842900000000000000e+04 1.959500000000000000e+04
1.840800000000000000e+04 1.960000000000000000e+04
1.846200000000000000e+04 1.958600000000000000e+04
1.846900000000000000e+04 1.956600000000000000e+04
1.846700000000000000e+04 1.957100000000000000e+04
1.850100000000000000e+04 1.955000000000000000e+04
1.848400000000000000e+04 1.956200000000000000e+04
1.853500000000000000e+04 1.950100000000000000e+04
1.858400000000000000e+04 1.946800000000000000e+04
1.863200000000000000e+04 1.943600000000000000e+04
1.863100000000000000e+04 1.944000000000000000e+04
1.861400000000000000e+04 1.946100000000000000e+04
1.860200000000000000e+04 1.946400000000000000e+04
1.858900000000000000e+04 1.946500000000000000e+04
1.858800000000000000e+04 1.946600000000000000e+04
1.865800000000000000e+04 1.942100000000000000e+04
1.866800000000000000e+04 1.940600000000000000e+04
1.866600000000000000e+04 1.941400000000000000e+04
1.920400000000000000e+04 1.876800000000000000e+04
1.918600000000000000e+04 1.880400000000000000e+04
1.919100000000000000e+04 1.878000000000000000e+04
1.916300000000000000e+04 1.882500000000000000e+04
1.918700000000000000e+04 1.878600000000000000e+04
1.918000000000000000e+04 1.880700000000000000e+04
1.918400000000000000e+04 1.880500000000000000e+04
1.936600000000000000e+04 1.857400000000000000e+04
1.939800000000000000e+04 1.853000000000000000e+04
1.937800000000000000e+04 1.855500000000000000e+04
1.940600000000000000e+04 1.851600000000000000e+04
1.937600000000000000e+04 1.855700000000000000e+04
1.877800000000000000e+04 1.931200000000000000e+04
1.879800000000000000e+04 1.929400000000000000e+04
1.893400000000000000e+04 1.912200000000000000e+04
1.886500000000000000e+04 1.921700000000000000e+04
1.887300000000000000e+04 1.921600000000000000e+04
1.890200000000000000e+04 1.918100000000000000e+04
1.887500000000000000e+04 1.919900000000000000e+04
1.888700000000000000e+04 1.918800000000000000e+04
1.888400000000000000e+04 1.919200000000000000e+04
1.890400000000000000e+04 1.917300000000000000e+04
1.930000000000000000e+04 1.863800000000000000e+04
1.920800000000000000e+04 1.875500000000000000e+04
1.922800000000000000e+04 1.873500000000000000e+04
1.926700000000000000e+04 1.867900000000000000e+04
1.928200000000000000e+04 1.866000000000000000e+04
1.926500000000000000e+04 1.869500000000000000e+04
1.927400000000000000e+04 1.867700000000000000e+04
1.939500000000000000e+04 1.853600000000000000e+04
1.661900000000000000e+04 2.031400000000000000e+04
1.663900000000000000e+04 2.030200000000000000e+04
1.669700000000000000e+04 2.029500000000000000e+04
1.648200000000000000e+04 2.032900000000000000e+04
1.649000000000000000e+04 2.032100000000000000e+04
1.667000000000000000e+04 2.029600000000000000e+04
1.680100000000000000e+04 2.026400000000000000e+04
1.671300000000000000e+04 2.028400000000000000e+04
1.678300000000000000e+04 2.027700000000000000e+04
1.672200000000000000e+04 2.027900000000000000e+04
1.685000000000000000e+04 2.026200000000000000e+04
1.733500000000000000e+04 2.006100000000000000e+04
1.736300000000000000e+04 2.005600000000000000e+04
1.740800000000000000e+04 2.004200000000000000e+04
1.730100000000000000e+04 2.007000000000000000e+04
1.729500000000000000e+04 2.007400000000000000e+04
1.732500000000000000e+04 2.006500000000000000e+04
1.736400000000000000e+04 2.004700000000000000e+04
1.687000000000000000e+04 2.024000000000000000e+04
1.843000000000000000e+04 1.959700000000000000e+04
1.839900000000000000e+04 1.961100000000000000e+04
1.837800000000000000e+04 1.963000000000000000e+04
1.841400000000000000e+04 1.960900000000000000e+04
1.839000000000000000e+04 1.962100000000000000e+04
1.840000000000000000e+04 1.961000000000000000e+04
1.837200000000000000e+04 1.963100000000000000e+04
1.842300000000000000e+04 1.960200000000000000e+04
1.749200000000000000e+04 1.999600000000000000e+04
1.760300000000000000e+04 1.998200000000000000e+04
1.758500000000000000e+04 1.999000000000000000e+04
1.763300000000000000e+04 1.996500000000000000e+04
1.759800000000000000e+04 1.998400000000000000e+04
1.763000000000000000e+04 1.997200000000000000e+04
1.760600000000000000e+04 1.997500000000000000e+04
1.774600000000000000e+04 1.993900000000000000e+04
1.841800000000000000e+04 1.960400000000000000e+04
1.842600000000000000e+04 1.959800000000000000e+04
1.842200000000000000e+04 1.960300000000000000e+04
1.845400000000000000e+04 1.957500000000000000e+04
1.846500000000000000e+04 1.956100000000000000e+04
1.857000000000000000e+04 1.947400000000000000e+04
1.858200000000000000e+04 1.947000000000000000e+04
1.865800000000000000e+04 1.941700000000000000e+04
1.864200000000000000e+04 1.942900000000000000e+04
1.865100000000000000e+04 1.941800000000000000e+04
1.866000000000000000e+04 1.941600000000000000e+04
1.870100000000000000e+04 1.939100000000000000e+04
1.869700000000000000e+04 1.940000000000000000e+04
1.876200000000000000e+04 1.933000000000000000e+04
1.877900000000000000e+04 1.931500000000000000e+04
1.877500000000000000e+04 1.932600000000000000e+04
1.875100000000000000e+04 1.935600000000000000e+04
1.876000000000000000e+04 1.934100000000000000e+04
1.875900000000000000e+04 1.934200000000000000e+04
1.849600000000000000e+04 1.953900000000000000e+04
1.847200000000000000e+04 1.955700000000000000e+04
1.848500000000000000e+04 1.955400000000000000e+04
1.849900000000000000e+04 1.953400000000000000e+04
1.851000000000000000e+04 1.952700000000000000e+04
1.855100000000000000e+04 1.948300000000000000e+04
1.854400000000000000e+04 1.949900000000000000e+04
1.856300000000000000e+04 1.948100000000000000e+04
1.854600000000000000e+04 1.949200000000000000e+04
1.851200000000000000e+04 1.952600000000000000e+04
1.852200000000000000e+04 1.951200000000000000e+04
1.851900000000000000e+04 1.952100000000000000e+04
1.852000000000000000e+04 1.951300000000000000e+04
1.854700000000000000e+04 1.948400000000000000e+04
1.852600000000000000e+04 1.950600000000000000e+04
1.861300000000000000e+04 1.946200000000000000e+04
1.860300000000000000e+04 1.946900000000000000e+04
1.863600000000000000e+04 1.943700000000000000e+04
1.862300000000000000e+04 1.945000000000000000e+04
1.862500000000000000e+04 1.944500000000000000e+04
1.864100000000000000e+04 1.943600000000000000e+04
1.864900000000000000e+04 1.942300000000000000e+04
1.870200000000000000e+04 1.938400000000000000e+04
1.867700000000000000e+04 1.941500000000000000e+04
1.873900000000000000e+04 1.935900000000000000e+04
1.872800000000000000e+04 1.937000000000000000e+04
1.872200000000000000e+04 1.937600000000000000e+04
1.878600000000000000e+04 1.930400000000000000e+04
1.880000000000000000e+04 1.929400000000000000e+04
1.878500000000000000e+04 1.931300000000000000e+04
1.881700000000000000e+04 1.927800000000000000e+04
1.881900000000000000e+04 1.927700000000000000e+04
1.881100000000000000e+04 1.928400000000000000e+04
1.882300000000000000e+04 1.926500000000000000e+04
1.882100000000000000e+04 1.926700000000000000e+04
1.884200000000000000e+04 1.924200000000000000e+04
1.883800000000000000e+04 1.926000000000000000e+04
1.883900000000000000e+04 1.925000000000000000e+04
1.884600000000000000e+04 1.924100000000000000e+04
1.887200000000000000e+04 1.920500000000000000e+04
1.886800000000000000e+04 1.920900000000000000e+04
1.886900000000000000e+04 1.920800000000000000e+04
1.886600000000000000e+04 1.922600000000000000e+04
1.885800000000000000e+04 1.923600000000000000e+04
1.888100000000000000e+04 1.918400000000000000e+04
1.888800000000000000e+04 1.917500000000000000e+04
1.887300000000000000e+04 1.920100000000000000e+04
1.887600000000000000e+04 1.920000000000000000e+04
1.892600000000000000e+04 1.916500000000000000e+04
1.893900000000000000e+04 1.913300000000000000e+04
1.894700000000000000e+04 1.912600000000000000e+04
1.900800000000000000e+04 1.906600000000000000e+04
1.899600000000000000e+04 1.908600000000000000e+04
1.895400000000000000e+04 1.911900000000000000e+04
1.897400000000000000e+04 1.911700000000000000e+04
1.898700000000000000e+04 1.910400000000000000e+04
1.899100000000000000e+04 1.910200000000000000e+04
1.899300000000000000e+04 1.909000000000000000e+04
1.900500000000000000e+04 1.907500000000000000e+04
1.913500000000000000e+04 1.891700000000000000e+04
1.913300000000000000e+04 1.892600000000000000e+04
1.917700000000000000e+04 1.885400000000000000e+04
1.918400000000000000e+04 1.884300000000000000e+04
1.920300000000000000e+04 1.884000000000000000e+04
1.930100000000000000e+04 1.867900000000000000e+04
1.934700000000000000e+04 1.858400000000000000e+04
1.933600000000000000e+04 1.859700000000000000e+04
1.933800000000000000e+04 1.859200000000000000e+04
1.937700000000000000e+04 1.857000000000000000e+04
1.939500000000000000e+04 1.855800000000000000e+04
1.940200000000000000e+04 1.852500000000000000e+04
1.941800000000000000e+04 1.851900000000000000e+04
1.943300000000000000e+04 1.846700000000000000e+04
1.941200000000000000e+04 1.852000000000000000e+04
1.943100000000000000e+04 1.848400000000000000e+04
1.942600000000000000e+04 1.849000000000000000e+04
1.944400000000000000e+04 1.845300000000000000e+04
1.946400000000000000e+04 1.842800000000000000e+04
1.944100000000000000e+04 1.846300000000000000e+04
1.947200000000000000e+04 1.841700000000000000e+04
1.945800000000000000e+04 1.843000000000000000e+04
1.947800000000000000e+04 1.836800000000000000e+04
1.944800000000000000e+04 1.843600000000000000e+04
1.947600000000000000e+04 1.837200000000000000e+04
1.948600000000000000e+04 1.835700000000000000e+04
1.949000000000000000e+04 1.835400000000000000e+04
1.949900000000000000e+04 1.834200000000000000e+04
1.950100000000000000e+04 1.830300000000000000e+04
1.950900000000000000e+04 1.828100000000000000e+04
1.950300000000000000e+04 1.829800000000000000e+04
1.954000000000000000e+04 1.824100000000000000e+04
1.953000000000000000e+04 1.827600000000000000e+04
1.956200000000000000e+04 1.823200000000000000e+04
1.953500000000000000e+04 1.826300000000000000e+04
1.959000000000000000e+04 1.816900000000000000e+04
1.958800000000000000e+04 1.820700000000000000e+04
1.960400000000000000e+04 1.816700000000000000e+04
1.957600000000000000e+04 1.822000000000000000e+04
1.962000000000000000e+04 1.814100000000000000e+04
1.965500000000000000e+04 1.803700000000000000e+04
1.964900000000000000e+04 1.806000000000000000e+04
1.964200000000000000e+04 1.806300000000000000e+04
1.963500000000000000e+04 1.809300000000000000e+04
1.964300000000000000e+04 1.806100000000000000e+04
1.966200000000000000e+04 1.801300000000000000e+04
1.966300000000000000e+04 1.801000000000000000e+04
1.966800000000000000e+04 1.800600000000000000e+04
1.967700000000000000e+04 1.797800000000000000e+04
1.965000000000000000e+04 1.804300000000000000e+04
1.970000000000000000e+04 1.793200000000000000e+04
1.970600000000000000e+04 1.792900000000000000e+04
1.973300000000000000e+04 1.789400000000000000e+04
1.969500000000000000e+04 1.795000000000000000e+04
1.969400000000000000e+04 1.797500000000000000e+04
1.971600000000000000e+04 1.791500000000000000e+04
1.975400000000000000e+04 1.783200000000000000e+04
1.974700000000000000e+04 1.785700000000000000e+04
1.976800000000000000e+04 1.778800000000000000e+04
1.973800000000000000e+04 1.786200000000000000e+04
1.979200000000000000e+04 1.775100000000000000e+04
1.978600000000000000e+04 1.777600000000000000e+04
1.979800000000000000e+04 1.771900000000000000e+04
1.980800000000000000e+04 1.763400000000000000e+04
1.980700000000000000e+04 1.764200000000000000e+04
1.980400000000000000e+04 1.768800000000000000e+04
1.982100000000000000e+04 1.763300000000000000e+04
1.983600000000000000e+04 1.757200000000000000e+04
1.984400000000000000e+04 1.754000000000000000e+04
1.982200000000000000e+04 1.761500000000000000e+04
1.985800000000000000e+04 1.752100000000000000e+04
1.983800000000000000e+04 1.754500000000000000e+04
1.982600000000000000e+04 1.757600000000000000e+04
1.988100000000000000e+04 1.741600000000000000e+04
1.986000000000000000e+04 1.750800000000000000e+04
1.987700000000000000e+04 1.743800000000000000e+04
1.987400000000000000e+04 1.744100000000000000e+04
1.988800000000000000e+04 1.737000000000000000e+04
1.988500000000000000e+04 1.740800000000000000e+04
1.988900000000000000e+04 1.734500000000000000e+04
1.989200000000000000e+04 1.734200000000000000e+04
1.991000000000000000e+04 1.733700000000000000e+04
1.991400000000000000e+04 1.728800000000000000e+04
1.992500000000000000e+04 1.726500000000000000e+04
1.991500000000000000e+04 1.728700000000000000e+04
1.993400000000000000e+04 1.720700000000000000e+04
1.994400000000000000e+04 1.718400000000000000e+04
1.995400000000000000e+04 1.713900000000000000e+04
1.994800000000000000e+04 1.714600000000000000e+04
1.993200000000000000e+04 1.723500000000000000e+04
1.995600000000000000e+04 1.712000000000000000e+04
1.998600000000000000e+04 1.701200000000000000e+04
1.993100000000000000e+04 1.725900000000000000e+04
1.998800000000000000e+04 1.696000000000000000e+04
1.996900000000000000e+04 1.709300000000000000e+04
1.997300000000000000e+04 1.704100000000000000e+04
1.997800000000000000e+04 1.701400000000000000e+04
1.997900000000000000e+04 1.701300000000000000e+04
2.002900000000000000e+04 1.679600000000000000e+04
2.001100000000000000e+04 1.688800000000000000e+04
2.000200000000000000e+04 1.692800000000000000e+04
2.003300000000000000e+04 1.674800000000000000e+04
2.001300000000000000e+04 1.685700000000000000e+04
2.002200000000000000e+04 1.684400000000000000e+04
1.766700000000000000e+04 1.996000000000000000e+04
1.703200000000000000e+04 2.013200000000000000e+04
1.702300000000000000e+04 2.013400000000000000e+04
1.707700000000000000e+04 2.013100000000000000e+04
1.710700000000000000e+04 2.012000000000000000e+04
1.693000000000000000e+04 2.015100000000000000e+04
1.699200000000000000e+04 2.014000000000000000e+04
1.688200000000000000e+04 2.015500000000000000e+04
1.700100000000000000e+04 2.013600000000000000e+04
1.698200000000000000e+04 2.014200000000000000e+04
1.697300000000000000e+04 2.014800000000000000e+04
1.724700000000000000e+04 2.009200000000000000e+04
1.728100000000000000e+04 2.007900000000000000e+04
1.724300000000000000e+04 2.009500000000000000e+04
1.722600000000000000e+04 2.010400000000000000e+04
1.718200000000000000e+04 2.011900000000000000e+04
1.721300000000000000e+04 2.010500000000000000e+04
1.719100000000000000e+04 2.010700000000000000e+04
1.788700000000000000e+04 1.985900000000000000e+04
1.786800000000000000e+04 1.986400000000000000e+04
1.785800000000000000e+04 1.988100000000000000e+04
1.790300000000000000e+04 1.985700000000000000e+04
1.783200000000000000e+04 1.990500000000000000e+04
1.784300000000000000e+04 1.989300000000000000e+04
1.783100000000000000e+04 1.991400000000000000e+04
1.779400000000000000e+04 1.992600000000000000e+04
1.774400000000000000e+04 1.995400000000000000e+04
1.782500000000000000e+04 1.991800000000000000e+04
1.777800000000000000e+04 1.993000000000000000e+04
1.776600000000000000e+04 1.993300000000000000e+04
1.805000000000000000e+04 1.982000000000000000e+04
1.803300000000000000e+04 1.983500000000000000e+04
1.798000000000000000e+04 1.985200000000000000e+04
1.796900000000000000e+04 1.985500000000000000e+04
1.798300000000000000e+04 1.984700000000000000e+04
1.804200000000000000e+04 1.982700000000000000e+04
1.799600000000000000e+04 1.984000000000000000e+04
1.800100000000000000e+04 1.983600000000000000e+04
1.807300000000000000e+04 1.981700000000000000e+04
1.810800000000000000e+04 1.979000000000000000e+04
1.813900000000000000e+04 1.976600000000000000e+04
1.816700000000000000e+04 1.975600000000000000e+04
1.814000000000000000e+04 1.976500000000000000e+04
1.812100000000000000e+04 1.977700000000000000e+04
1.812400000000000000e+04 1.977300000000000000e+04
1.813000000000000000e+04 1.977200000000000000e+04
1.813200000000000000e+04 1.976900000000000000e+04
1.810400000000000000e+04 1.980100000000000000e+04
1.811000000000000000e+04 1.978000000000000000e+04
1.900700000000000000e+04 1.906700000000000000e+04
1.820900000000000000e+04 1.974200000000000000e+04
1.821000000000000000e+04 1.971800000000000000e+04
1.823500000000000000e+04 1.971700000000000000e+04
1.814500000000000000e+04 1.975900000000000000e+04
1.825800000000000000e+04 1.970000000000000000e+04
1.824800000000000000e+04 1.970800000000000000e+04
1.828500000000000000e+04 1.968400000000000000e+04
1.827400000000000000e+04 1.968900000000000000e+04
1.828900000000000000e+04 1.967900000000000000e+04
1.832300000000000000e+04 1.966400000000000000e+04
1.833400000000000000e+04 1.965200000000000000e+04
1.834900000000000000e+04 1.963900000000000000e+04
1.830400000000000000e+04 1.967500000000000000e+04
1.834200000000000000e+04 1.964200000000000000e+04
1.833100000000000000e+04 1.966200000000000000e+04
1.833900000000000000e+04 1.965100000000000000e+04
1.847700000000000000e+04 1.955500000000000000e+04
1.849800000000000000e+04 1.953800000000000000e+04
1.844500000000000000e+04 1.957800000000000000e+04
1.847000000000000000e+04 1.955900000000000000e+04
1.838200000000000000e+04 1.962200000000000000e+04
1.836200000000000000e+04 1.963700000000000000e+04
1.834800000000000000e+04 1.964000000000000000e+04
1.837900000000000000e+04 1.962300000000000000e+04
1.901900000000000000e+04 1.905000000000000000e+04
1.902500000000000000e+04 1.904900000000000000e+04
1.907300000000000000e+04 1.899300000000000000e+04
1.903300000000000000e+04 1.904600000000000000e+04
1.906700000000000000e+04 1.901300000000000000e+04
1.905300000000000000e+04 1.903100000000000000e+04
1.907200000000000000e+04 1.899400000000000000e+04
1.984800000000000000e+04 1.752500000000000000e+04
1.987100000000000000e+04 1.747500000000000000e+04
1.977300000000000000e+04 1.778600000000000000e+04
1.974900000000000000e+04 1.783500000000000000e+04
1.975500000000000000e+04 1.779600000000000000e+04
1.907500000000000000e+04 1.898400000000000000e+04
1.904600000000000000e+04 1.904100000000000000e+04
1.911300000000000000e+04 1.895000000000000000e+04
1.910600000000000000e+04 1.895800000000000000e+04
1.908400000000000000e+04 1.898000000000000000e+04
1.908500000000000000e+04 1.897500000000000000e+04
1.910300000000000000e+04 1.896600000000000000e+04
1.911200000000000000e+04 1.895200000000000000e+04
1.912000000000000000e+04 1.892700000000000000e+04
1.911500000000000000e+04 1.894100000000000000e+04
1.915600000000000000e+04 1.890100000000000000e+04
1.917600000000000000e+04 1.886500000000000000e+04
1.917200000000000000e+04 1.887700000000000000e+04
1.916200000000000000e+04 1.888900000000000000e+04
1.915900000000000000e+04 1.889600000000000000e+04
1.915100000000000000e+04 1.891400000000000000e+04
1.916800000000000000e+04 1.888400000000000000e+04
1.917300000000000000e+04 1.887300000000000000e+04
1.922000000000000000e+04 1.880800000000000000e+04
1.921500000000000000e+04 1.882500000000000000e+04
1.920900000000000000e+04 1.883900000000000000e+04
1.921800000000000000e+04 1.881000000000000000e+04
1.925600000000000000e+04 1.876600000000000000e+04
1.924300000000000000e+04 1.879600000000000000e+04
1.927500000000000000e+04 1.873700000000000000e+04
1.925500000000000000e+04 1.877500000000000000e+04
1.926200000000000000e+04 1.874100000000000000e+04
1.925800000000000000e+04 1.874900000000000000e+04
1.928400000000000000e+04 1.872200000000000000e+04
1.929800000000000000e+04 1.869800000000000000e+04
1.927000000000000000e+04 1.874000000000000000e+04
1.927800000000000000e+04 1.873300000000000000e+04
1.929200000000000000e+04 1.870700000000000000e+04
1.930500000000000000e+04 1.867800000000000000e+04
1.931600000000000000e+04 1.865400000000000000e+04
1.933400000000000000e+04 1.863600000000000000e+04
1.932500000000000000e+04 1.864300000000000000e+04
1.931400000000000000e+04 1.867700000000000000e+04
1.638900000000000000e+04 2.033500000000000000e+04
1.642500000000000000e+04 2.032900000000000000e+04
1.656800000000000000e+04 2.032700000000000000e+04
1.701900000000000000e+04 2.023100000000000000e+04
1.714800000000000000e+04 2.019400000000000000e+04
1.713100000000000000e+04 2.019800000000000000e+04
1.719100000000000000e+04 2.017600000000000000e+04
1.718300000000000000e+04 2.018100000000000000e+04
1.722000000000000000e+04 2.016400000000000000e+04
1.721400000000000000e+04 2.017000000000000000e+04
1.716500000000000000e+04 2.018500000000000000e+04
1.727700000000000000e+04 2.014200000000000000e+04
1.726200000000000000e+04 2.014500000000000000e+04
1.724900000000000000e+04 2.016200000000000000e+04
1.728500000000000000e+04 2.014100000000000000e+04
1.731000000000000000e+04 2.013400000000000000e+04
1.730000000000000000e+04 2.013500000000000000e+04
1.725200000000000000e+04 2.014800000000000000e+04
1.750700000000000000e+04 2.007100000000000000e+04
1.745300000000000000e+04 2.009600000000000000e+04
1.755000000000000000e+04 2.005800000000000000e+04
1.748100000000000000e+04 2.007800000000000000e+04
1.751600000000000000e+04 2.006300000000000000e+04
1.753000000000000000e+04 2.005900000000000000e+04
1.755400000000000000e+04 2.004200000000000000e+04
1.756800000000000000e+04 2.003200000000000000e+04
1.773900000000000000e+04 1.993500000000000000e+04
1.776600000000000000e+04 1.991400000000000000e+04
1.771600000000000000e+04 1.994500000000000000e+04
1.774000000000000000e+04 1.991600000000000000e+04
1.795000000000000000e+04 1.985800000000000000e+04
1.792100000000000000e+04 1.988900000000000000e+04
1.791800000000000000e+04 1.990000000000000000e+04
1.790300000000000000e+04 1.991200000000000000e+04
1.794800000000000000e+04 1.987100000000000000e+04
1.792600000000000000e+04 1.987400000000000000e+04
1.797700000000000000e+04 1.984200000000000000e+04
1.795200000000000000e+04 1.984800000000000000e+04
1.805200000000000000e+04 1.981100000000000000e+04
1.800300000000000000e+04 1.984100000000000000e+04
1.800500000000000000e+04 1.983800000000000000e+04
1.803000000000000000e+04 1.983100000000000000e+04
1.813600000000000000e+04 1.974900000000000000e+04
1.818200000000000000e+04 1.974500000000000000e+04
1.818600000000000000e+04 1.973200000000000000e+04
1.820500000000000000e+04 1.972400000000000000e+04
1.821300000000000000e+04 1.970900000000000000e+04
1.821700000000000000e+04 1.970500000000000000e+04
1.838400000000000000e+04 1.961400000000000000e+04
1.841100000000000000e+04 1.960400000000000000e+04
1.842100000000000000e+04 1.959700000000000000e+04
1.841200000000000000e+04 1.960100000000000000e+04
1.811100000000000000e+04 1.976800000000000000e+04
1.806400000000000000e+04 1.981000000000000000e+04
1.810000000000000000e+04 1.977000000000000000e+04
1.812200000000000000e+04 1.976100000000000000e+04
1.808300000000000000e+04 1.979000000000000000e+04
1.809500000000000000e+04 1.978000000000000000e+04
1.847400000000000000e+04 1.955200000000000000e+04
1.846800000000000000e+04 1.955300000000000000e+04
1.846400000000000000e+04 1.957000000000000000e+04
1.850500000000000000e+04 1.954600000000000000e+04
1.851200000000000000e+04 1.953600000000000000e+04
1.852200000000000000e+04 1.952900000000000000e+04
1.850700000000000000e+04 1.954200000000000000e+04
1.870400000000000000e+04 1.938600000000000000e+04
1.872200000000000000e+04 1.937000000000000000e+04
1.870300000000000000e+04 1.938800000000000000e+04
1.874100000000000000e+04 1.935500000000000000e+04
1.872500000000000000e+04 1.936400000000000000e+04
1.877500000000000000e+04 1.931300000000000000e+04
1.876800000000000000e+04 1.932400000000000000e+04
1.880700000000000000e+04 1.929800000000000000e+04
1.878600000000000000e+04 1.930800000000000000e+04
1.881600000000000000e+04 1.928400000000000000e+04
1.883000000000000000e+04 1.927100000000000000e+04
1.880000000000000000e+04 1.930400000000000000e+04
1.883200000000000000e+04 1.926900000000000000e+04
1.881300000000000000e+04 1.929300000000000000e+04
1.884100000000000000e+04 1.926500000000000000e+04
1.882900000000000000e+04 1.927900000000000000e+04
1.884300000000000000e+04 1.925100000000000000e+04
1.887500000000000000e+04 1.922100000000000000e+04
1.885100000000000000e+04 1.924400000000000000e+04
1.885300000000000000e+04 1.924200000000000000e+04
1.886300000000000000e+04 1.923900000000000000e+04
1.886400000000000000e+04 1.923200000000000000e+04
1.893600000000000000e+04 1.917700000000000000e+04
1.895000000000000000e+04 1.916300000000000000e+04
1.891900000000000000e+04 1.919800000000000000e+04
1.891400000000000000e+04 1.920100000000000000e+04
1.894400000000000000e+04 1.916600000000000000e+04
1.897500000000000000e+04 1.913200000000000000e+04
1.895900000000000000e+04 1.916100000000000000e+04
1.892400000000000000e+04 1.919200000000000000e+04
1.896300000000000000e+04 1.914200000000000000e+04
1.896400000000000000e+04 1.913700000000000000e+04
1.898100000000000000e+04 1.910600000000000000e+04
1.898000000000000000e+04 1.911200000000000000e+04
1.899100000000000000e+04 1.910500000000000000e+04
1.900400000000000000e+04 1.909000000000000000e+04
1.901000000000000000e+04 1.908500000000000000e+04
1.904300000000000000e+04 1.905000000000000000e+04
1.899500000000000000e+04 1.910000000000000000e+04
1.903100000000000000e+04 1.906600000000000000e+04
1.902300000000000000e+04 1.907700000000000000e+04
1.903300000000000000e+04 1.906200000000000000e+04
1.904700000000000000e+04 1.903200000000000000e+04
1.913200000000000000e+04 1.890300000000000000e+04
1.905500000000000000e+04 1.903000000000000000e+04
1.908100000000000000e+04 1.900800000000000000e+04
1.907400000000000000e+04 1.901800000000000000e+04
1.911700000000000000e+04 1.893600000000000000e+04
1.911800000000000000e+04 1.891400000000000000e+04
1.912400000000000000e+04 1.891300000000000000e+04
1.912700000000000000e+04 1.890600000000000000e+04
1.916200000000000000e+04 1.884800000000000000e+04
1.915400000000000000e+04 1.885900000000000000e+04
1.918000000000000000e+04 1.882400000000000000e+04
1.919500000000000000e+04 1.879400000000000000e+04
1.919200000000000000e+04 1.880400000000000000e+04
1.920700000000000000e+04 1.877300000000000000e+04
1.920100000000000000e+04 1.877400000000000000e+04
1.921900000000000000e+04 1.875300000000000000e+04
1.926800000000000000e+04 1.868000000000000000e+04
1.927800000000000000e+04 1.864000000000000000e+04
1.910100000000000000e+04 1.895300000000000000e+04
1.909800000000000000e+04 1.896500000000000000e+04
1.906900000000000000e+04 1.901900000000000000e+04
1.908600000000000000e+04 1.896900000000000000e+04
1.913800000000000000e+04 1.889800000000000000e+04
1.914000000000000000e+04 1.888700000000000000e+04
1.915100000000000000e+04 1.886900000000000000e+04
1.916600000000000000e+04 1.882800000000000000e+04
1.919900000000000000e+04 1.878000000000000000e+04
1.922000000000000000e+04 1.874800000000000000e+04
1.927300000000000000e+04 1.866400000000000000e+04
1.921800000000000000e+04 1.876400000000000000e+04
1.923300000000000000e+04 1.873900000000000000e+04
1.925200000000000000e+04 1.868500000000000000e+04
1.924700000000000000e+04 1.872800000000000000e+04
1.929700000000000000e+04 1.863700000000000000e+04
1.932700000000000000e+04 1.859800000000000000e+04
1.935400000000000000e+04 1.853800000000000000e+04
1.935600000000000000e+04 1.852400000000000000e+04
1.935500000000000000e+04 1.852900000000000000e+04
1.935100000000000000e+04 1.854800000000000000e+04
1.935900000000000000e+04 1.852000000000000000e+04
1.937200000000000000e+04 1.851800000000000000e+04
1.939800000000000000e+04 1.851600000000000000e+04
1.941800000000000000e+04 1.845800000000000000e+04
1.942100000000000000e+04 1.841200000000000000e+04
1.941900000000000000e+04 1.842100000000000000e+04
1.942000000000000000e+04 1.841500000000000000e+04
1.943100000000000000e+04 1.841000000000000000e+04
1.943400000000000000e+04 1.840200000000000000e+04
1.947800000000000000e+04 1.833200000000000000e+04
1.945300000000000000e+04 1.835900000000000000e+04
1.945000000000000000e+04 1.836000000000000000e+04
1.943900000000000000e+04 1.838200000000000000e+04
1.948300000000000000e+04 1.831200000000000000e+04
1.946100000000000000e+04 1.834300000000000000e+04
1.949400000000000000e+04 1.830200000000000000e+04
1.948200000000000000e+04 1.832300000000000000e+04
1.948600000000000000e+04 1.830400000000000000e+04
1.949900000000000000e+04 1.828100000000000000e+04
1.951300000000000000e+04 1.827300000000000000e+04
1.952900000000000000e+04 1.824700000000000000e+04
1.954700000000000000e+04 1.822600000000000000e+04
1.955100000000000000e+04 1.821900000000000000e+04
1.957800000000000000e+04 1.817800000000000000e+04
1.956400000000000000e+04 1.821500000000000000e+04
1.965900000000000000e+04 1.794700000000000000e+04
1.972500000000000000e+04 1.779900000000000000e+04
1.973300000000000000e+04 1.776800000000000000e+04
1.975000000000000000e+04 1.774700000000000000e+04
1.975900000000000000e+04 1.770800000000000000e+04
1.968000000000000000e+04 1.787300000000000000e+04
1.967900000000000000e+04 1.794100000000000000e+04
1.968700000000000000e+04 1.786800000000000000e+04
1.970100000000000000e+04 1.784400000000000000e+04
1.971300000000000000e+04 1.781300000000000000e+04
1.974100000000000000e+04 1.776500000000000000e+04
1.970300000000000000e+04 1.782100000000000000e+04
1.969600000000000000e+04 1.786700000000000000e+04
1.970200000000000000e+04 1.782200000000000000e+04
1.972800000000000000e+04 1.779000000000000000e+04
1.978400000000000000e+04 1.760200000000000000e+04
1.979500000000000000e+04 1.747300000000000000e+04
1.980500000000000000e+04 1.744600000000000000e+04
1.979700000000000000e+04 1.746000000000000000e+04
1.984300000000000000e+04 1.740900000000000000e+04
1.983800000000000000e+04 1.741500000000000000e+04
1.983200000000000000e+04 1.744000000000000000e+04
1.983500000000000000e+04 1.742300000000000000e+04
1.985500000000000000e+04 1.737200000000000000e+04
1.985300000000000000e+04 1.740200000000000000e+04
1.989300000000000000e+04 1.727300000000000000e+04
1.987000000000000000e+04 1.735900000000000000e+04
1.988900000000000000e+04 1.730800000000000000e+04
1.990600000000000000e+04 1.721600000000000000e+04
1.990100000000000000e+04 1.725500000000000000e+04
1.992400000000000000e+04 1.710400000000000000e+04
1.989900000000000000e+04 1.725700000000000000e+04
1.991900000000000000e+04 1.716600000000000000e+04
1.992100000000000000e+04 1.711800000000000000e+04
1.994700000000000000e+04 1.699800000000000000e+04
1.994800000000000000e+04 1.699500000000000000e+04
1.994500000000000000e+04 1.708000000000000000e+04
2.001000000000000000e+04 1.689300000000000000e+04
2.000500000000000000e+04 1.697500000000000000e+04
2.000000000000000000e+04 1.698400000000000000e+04
1.999600000000000000e+04 1.699100000000000000e+04
2.001400000000000000e+04 1.684500000000000000e+04
2.001300000000000000e+04 1.686000000000000000e+04
2.000900000000000000e+04 1.690200000000000000e+04
2.001700000000000000e+04 1.683000000000000000e+04
1.678900000000000000e+04 2.030400000000000000e+04
1.670600000000000000e+04 2.031800000000000000e+04
1.662800000000000000e+04 2.032300000000000000e+04
1.658000000000000000e+04 2.032400000000000000e+04
1.679400000000000000e+04 2.030300000000000000e+04
1.682200000000000000e+04 2.029100000000000000e+04
1.680200000000000000e+04 2.029500000000000000e+04
1.682600000000000000e+04 2.028900000000000000e+04
1.674500000000000000e+04 2.031100000000000000e+04
1.711900000000000000e+04 2.019900000000000000e+04
1.707600000000000000e+04 2.022000000000000000e+04
1.704100000000000000e+04 2.022600000000000000e+04
1.710300000000000000e+04 2.021100000000000000e+04
1.704800000000000000e+04 2.022300000000000000e+04
1.700200000000000000e+04 2.024800000000000000e+04
1.687400000000000000e+04 2.028600000000000000e+04
1.691100000000000000e+04 2.027600000000000000e+04
1.688700000000000000e+04 2.027800000000000000e+04
1.698600000000000000e+04 2.025200000000000000e+04
1.695100000000000000e+04 2.025800000000000000e+04
1.694700000000000000e+04 2.027200000000000000e+04
1.833000000000000000e+04 1.964500000000000000e+04
1.833700000000000000e+04 1.964200000000000000e+04
1.834200000000000000e+04 1.964000000000000000e+04
1.832700000000000000e+04 1.964600000000000000e+04
1.828100000000000000e+04 1.969600000000000000e+04
1.828700000000000000e+04 1.968500000000000000e+04
1.824600000000000000e+04 1.970000000000000000e+04
1.830500000000000000e+04 1.967400000000000000e+04
1.844200000000000000e+04 1.957700000000000000e+04
1.846600000000000000e+04 1.955800000000000000e+04
1.843900000000000000e+04 1.957800000000000000e+04
1.843500000000000000e+04 1.958400000000000000e+04
1.842200000000000000e+04 1.958800000000000000e+04
1.862100000000000000e+04 1.945200000000000000e+04
1.862600000000000000e+04 1.944200000000000000e+04
1.862800000000000000e+04 1.943900000000000000e+04
1.860300000000000000e+04 1.945600000000000000e+04
1.829000000000000000e+04 1.968100000000000000e+04
1.831000000000000000e+04 1.966300000000000000e+04
1.829800000000000000e+04 1.967900000000000000e+04
1.868400000000000000e+04 1.941500000000000000e+04
1.863900000000000000e+04 1.943700000000000000e+04
1.867600000000000000e+04 1.941800000000000000e+04
1.864900000000000000e+04 1.943500000000000000e+04
1.866500000000000000e+04 1.942900000000000000e+04
1.865500000000000000e+04 1.943000000000000000e+04
1.851100000000000000e+04 1.953900000000000000e+04
1.853600000000000000e+04 1.952100000000000000e+04
1.854900000000000000e+04 1.949000000000000000e+04
1.855400000000000000e+04 1.948500000000000000e+04
1.856900000000000000e+04 1.948400000000000000e+04
1.857100000000000000e+04 1.947500000000000000e+04
1.855000000000000000e+04 1.948600000000000000e+04
1.854600000000000000e+04 1.949800000000000000e+04
1.869800000000000000e+04 1.939900000000000000e+04
1.869200000000000000e+04 1.940000000000000000e+04
1.929900000000000000e+04 1.860100000000000000e+04
1.868100000000000000e+04 1.941600000000000000e+04
1.869000000000000000e+04 1.941000000000000000e+04
1.963700000000000000e+04 1.797700000000000000e+04
1.958800000000000000e+04 1.815700000000000000e+04
1.957900000000000000e+04 1.817000000000000000e+04
1.959000000000000000e+04 1.814700000000000000e+04
1.956900000000000000e+04 1.819900000000000000e+04
1.873800000000000000e+04 1.935600000000000000e+04
1.871600000000000000e+04 1.937500000000000000e+04
1.872900000000000000e+04 1.936200000000000000e+04
1.873300000000000000e+04 1.935800000000000000e+04
1.875000000000000000e+04 1.935200000000000000e+04
1.875700000000000000e+04 1.934200000000000000e+04
1.875800000000000000e+04 1.933000000000000000e+04
1.885400000000000000e+04 1.924100000000000000e+04
1.887700000000000000e+04 1.921700000000000000e+04
1.958000000000000000e+04 1.816300000000000000e+04
1.961800000000000000e+04 1.808900000000000000e+04
1.961200000000000000e+04 1.812200000000000000e+04
1.960300000000000000e+04 1.812500000000000000e+04
1.961600000000000000e+04 1.810000000000000000e+04
1.959800000000000000e+04 1.813000000000000000e+04
1.959900000000000000e+04 1.812900000000000000e+04
1.963400000000000000e+04 1.806200000000000000e+04
1.963000000000000000e+04 1.808200000000000000e+04
1.963500000000000000e+04 1.805100000000000000e+04
1.666600000000000000e+04 2.032100000000000000e+04
1.674200000000000000e+04 2.030600000000000000e+04
1.676000000000000000e+04 2.030000000000000000e+04
1.671500000000000000e+04 2.030800000000000000e+04
1.679300000000000000e+04 2.028800000000000000e+04
1.669000000000000000e+04 2.031700000000000000e+04
1.665200000000000000e+04 2.032700000000000000e+04
1.676200000000000000e+04 2.029500000000000000e+04
1.686800000000000000e+04 2.026300000000000000e+04
1.683600000000000000e+04 2.027000000000000000e+04
1.677100000000000000e+04 2.028900000000000000e+04
1.680300000000000000e+04 2.028100000000000000e+04
1.716200000000000000e+04 2.006500000000000000e+04
1.727900000000000000e+04 2.006100000000000000e+04
1.730100000000000000e+04 2.004500000000000000e+04
1.713200000000000000e+04 2.015800000000000000e+04
1.706300000000000000e+04 2.016600000000000000e+04
1.713400000000000000e+04 2.013300000000000000e+04
1.713900000000000000e+04 2.012900000000000000e+04
1.783400000000000000e+04 1.991600000000000000e+04
1.773600000000000000e+04 1.995600000000000000e+04
1.778300000000000000e+04 1.993400000000000000e+04
1.777500000000000000e+04 1.994000000000000000e+04
1.777200000000000000e+04 1.995200000000000000e+04
1.783200000000000000e+04 1.992100000000000000e+04
1.778700000000000000e+04 1.993300000000000000e+04
1.785000000000000000e+04 1.990800000000000000e+04
1.794200000000000000e+04 1.986700000000000000e+04
1.793400000000000000e+04 1.987100000000000000e+04
1.794300000000000000e+04 1.986400000000000000e+04
1.790100000000000000e+04 1.990700000000000000e+04
1.796100000000000000e+04 1.986100000000000000e+04
1.792800000000000000e+04 1.989400000000000000e+04
1.797500000000000000e+04 1.985200000000000000e+04
1.796200000000000000e+04 1.985700000000000000e+04
1.807200000000000000e+04 1.978800000000000000e+04
1.812400000000000000e+04 1.976100000000000000e+04
1.818100000000000000e+04 1.973500000000000000e+04
1.808700000000000000e+04 1.977200000000000000e+04
1.812500000000000000e+04 1.973900000000000000e+04
1.819600000000000000e+04 1.970200000000000000e+04
1.819100000000000000e+04 1.970400000000000000e+04
1.818400000000000000e+04 1.972500000000000000e+04
1.820200000000000000e+04 1.969000000000000000e+04
1.820000000000000000e+04 1.969500000000000000e+04
1.824300000000000000e+04 1.968900000000000000e+04
1.830300000000000000e+04 1.963800000000000000e+04
1.828000000000000000e+04 1.966600000000000000e+04
1.831900000000000000e+04 1.963100000000000000e+04
1.832500000000000000e+04 1.962400000000000000e+04
1.841800000000000000e+04 1.958300000000000000e+04
1.843100000000000000e+04 1.957500000000000000e+04
1.840100000000000000e+04 1.961400000000000000e+04
1.836400000000000000e+04 1.961800000000000000e+04
1.846300000000000000e+04 1.956600000000000000e+04
1.848400000000000000e+04 1.955700000000000000e+04
1.866600000000000000e+04 1.944100000000000000e+04
1.870500000000000000e+04 1.939100000000000000e+04
1.867700000000000000e+04 1.941800000000000000e+04
1.869900000000000000e+04 1.939200000000000000e+04
1.869000000000000000e+04 1.941700000000000000e+04
1.875800000000000000e+04 1.934100000000000000e+04
1.877000000000000000e+04 1.933100000000000000e+04
1.880300000000000000e+04 1.929800000000000000e+04
1.880700000000000000e+04 1.928600000000000000e+04
1.884700000000000000e+04 1.924300000000000000e+04
1.884500000000000000e+04 1.924800000000000000e+04
1.885300000000000000e+04 1.923700000000000000e+04
1.888100000000000000e+04 1.920800000000000000e+04
1.889200000000000000e+04 1.918700000000000000e+04
1.888700000000000000e+04 1.919200000000000000e+04
1.892500000000000000e+04 1.915800000000000000e+04
1.890000000000000000e+04 1.918000000000000000e+04
1.891300000000000000e+04 1.917100000000000000e+04
1.890800000000000000e+04 1.917500000000000000e+04
1.893300000000000000e+04 1.913900000000000000e+04
1.893100000000000000e+04 1.914300000000000000e+04
1.893600000000000000e+04 1.913300000000000000e+04
1.891600000000000000e+04 1.916200000000000000e+04
1.899700000000000000e+04 1.907800000000000000e+04
1.897800000000000000e+04 1.910800000000000000e+04
1.903900000000000000e+04 1.902100000000000000e+04
1.903500000000000000e+04 1.903100000000000000e+04
1.905400000000000000e+04 1.901500000000000000e+04
1.906300000000000000e+04 1.897900000000000000e+04
1.903000000000000000e+04 1.903700000000000000e+04
1.906100000000000000e+04 1.898100000000000000e+04
1.906900000000000000e+04 1.897400000000000000e+04
1.907800000000000000e+04 1.896200000000000000e+04
1.906000000000000000e+04 1.898700000000000000e+04
1.907700000000000000e+04 1.896800000000000000e+04
1.909700000000000000e+04 1.894500000000000000e+04
1.912300000000000000e+04 1.893400000000000000e+04
1.913900000000000000e+04 1.889100000000000000e+04
1.914000000000000000e+04 1.888800000000000000e+04
1.912000000000000000e+04 1.894200000000000000e+04
1.910900000000000000e+04 1.894300000000000000e+04
1.912900000000000000e+04 1.890900000000000000e+04
1.913600000000000000e+04 1.890400000000000000e+04
1.914600000000000000e+04 1.886300000000000000e+04
1.916500000000000000e+04 1.885800000000000000e+04
1.920800000000000000e+04 1.879800000000000000e+04
1.916800000000000000e+04 1.883200000000000000e+04
1.916700000000000000e+04 1.884000000000000000e+04
1.914300000000000000e+04 1.886900000000000000e+04
1.919700000000000000e+04 1.880200000000000000e+04
1.918800000000000000e+04 1.881500000000000000e+04
1.921500000000000000e+04 1.877400000000000000e+04
1.925600000000000000e+04 1.874500000000000000e+04
1.921700000000000000e+04 1.877200000000000000e+04
1.922100000000000000e+04 1.876500000000000000e+04
1.927300000000000000e+04 1.872800000000000000e+04
1.925200000000000000e+04 1.875000000000000000e+04
1.929700000000000000e+04 1.866000000000000000e+04
1.929800000000000000e+04 1.865000000000000000e+04
1.930100000000000000e+04 1.864500000000000000e+04
1.929500000000000000e+04 1.869500000000000000e+04
1.932400000000000000e+04 1.860400000000000000e+04
1.932300000000000000e+04 1.861200000000000000e+04
1.931400000000000000e+04 1.861900000000000000e+04
1.935300000000000000e+04 1.857000000000000000e+04
1.940900000000000000e+04 1.844900000000000000e+04
1.938800000000000000e+04 1.851000000000000000e+04
1.940400000000000000e+04 1.846300000000000000e+04
1.939700000000000000e+04 1.850200000000000000e+04
1.943500000000000000e+04 1.843100000000000000e+04
1.942200000000000000e+04 1.844800000000000000e+04
1.940800000000000000e+04 1.845600000000000000e+04
1.944500000000000000e+04 1.840900000000000000e+04
1.943600000000000000e+04 1.841600000000000000e+04
1.945100000000000000e+04 1.840800000000000000e+04
1.947600000000000000e+04 1.835100000000000000e+04
1.946100000000000000e+04 1.839800000000000000e+04
1.946400000000000000e+04 1.836100000000000000e+04
1.948700000000000000e+04 1.829800000000000000e+04
1.948600000000000000e+04 1.834100000000000000e+04
1.946300000000000000e+04 1.837600000000000000e+04
1.947000000000000000e+04 1.835500000000000000e+04
1.946600000000000000e+04 1.835800000000000000e+04
1.949200000000000000e+04 1.827700000000000000e+04
1.948800000000000000e+04 1.828400000000000000e+04
1.949300000000000000e+04 1.826800000000000000e+04
1.949700000000000000e+04 1.825800000000000000e+04
1.951900000000000000e+04 1.822600000000000000e+04
1.952100000000000000e+04 1.819700000000000000e+04
1.954200000000000000e+04 1.815200000000000000e+04
1.950800000000000000e+04 1.825700000000000000e+04
1.954000000000000000e+04 1.816800000000000000e+04
1.952900000000000000e+04 1.817700000000000000e+04
1.957800000000000000e+04 1.809000000000000000e+04
1.957400000000000000e+04 1.810100000000000000e+04
1.956800000000000000e+04 1.813900000000000000e+04
1.959100000000000000e+04 1.806500000000000000e+04
1.963300000000000000e+04 1.797200000000000000e+04
1.960500000000000000e+04 1.804000000000000000e+04
1.960900000000000000e+04 1.801300000000000000e+04
1.960200000000000000e+04 1.805100000000000000e+04
1.959900000000000000e+04 1.805800000000000000e+04
1.961700000000000000e+04 1.799200000000000000e+04
1.962300000000000000e+04 1.798900000000000000e+04
1.961500000000000000e+04 1.799500000000000000e+04
1.965200000000000000e+04 1.794900000000000000e+04
1.963200000000000000e+04 1.798100000000000000e+04
1.963700000000000000e+04 1.795200000000000000e+04
1.963600000000000000e+04 1.796900000000000000e+04
1.965400000000000000e+04 1.794600000000000000e+04
1.967500000000000000e+04 1.791100000000000000e+04
1.966500000000000000e+04 1.792200000000000000e+04
1.969600000000000000e+04 1.785900000000000000e+04
1.969100000000000000e+04 1.789000000000000000e+04
1.968400000000000000e+04 1.790300000000000000e+04
1.972700000000000000e+04 1.778300000000000000e+04
1.971500000000000000e+04 1.782300000000000000e+04
1.972300000000000000e+04 1.781200000000000000e+04
1.971100000000000000e+04 1.782400000000000000e+04
1.971700000000000000e+04 1.782000000000000000e+04
1.974500000000000000e+04 1.775000000000000000e+04
1.971000000000000000e+04 1.783100000000000000e+04
1.972800000000000000e+04 1.776200000000000000e+04
1.974600000000000000e+04 1.769700000000000000e+04
1.977100000000000000e+04 1.763500000000000000e+04
1.978600000000000000e+04 1.759400000000000000e+04
1.978400000000000000e+04 1.760700000000000000e+04
1.976500000000000000e+04 1.766600000000000000e+04
1.977900000000000000e+04 1.763300000000000000e+04
1.978200000000000000e+04 1.760800000000000000e+04
1.982200000000000000e+04 1.749700000000000000e+04
1.979400000000000000e+04 1.758800000000000000e+04
1.979700000000000000e+04 1.754900000000000000e+04
1.979600000000000000e+04 1.755600000000000000e+04
1.981800000000000000e+04 1.753200000000000000e+04
1.980600000000000000e+04 1.754600000000000000e+04
1.981000000000000000e+04 1.754300000000000000e+04
1.982500000000000000e+04 1.749500000000000000e+04
1.983500000000000000e+04 1.744000000000000000e+04
1.983100000000000000e+04 1.744400000000000000e+04
1.984300000000000000e+04 1.742600000000000000e+04
1.988000000000000000e+04 1.734900000000000000e+04
1.986800000000000000e+04 1.737100000000000000e+04
1.986300000000000000e+04 1.741200000000000000e+04
1.989500000000000000e+04 1.728900000000000000e+04
1.989400000000000000e+04 1.731200000000000000e+04
1.992200000000000000e+04 1.714000000000000000e+04
1.990200000000000000e+04 1.719900000000000000e+04
1.990900000000000000e+04 1.717900000000000000e+04
1.989800000000000000e+04 1.722400000000000000e+04
1.993400000000000000e+04 1.705200000000000000e+04
1.990600000000000000e+04 1.718500000000000000e+04
1.991300000000000000e+04 1.716700000000000000e+04
1.994300000000000000e+04 1.703500000000000000e+04
1.996200000000000000e+04 1.698500000000000000e+04
1.998200000000000000e+04 1.695100000000000000e+04
1.993900000000000000e+04 1.705100000000000000e+04
1.998600000000000000e+04 1.694300000000000000e+04
1.999800000000000000e+04 1.685500000000000000e+04
1.998800000000000000e+04 1.689000000000000000e+04
2.000500000000000000e+04 1.673400000000000000e+04
2.000700000000000000e+04 1.670600000000000000e+04
2.001500000000000000e+04 1.666300000000000000e+04
1.766500000000000000e+04 1.998500000000000000e+04
1.768900000000000000e+04 1.997900000000000000e+04
1.770200000000000000e+04 1.997100000000000000e+04
1.766100000000000000e+04 1.998700000000000000e+04
1.767500000000000000e+04 1.998200000000000000e+04
1.765700000000000000e+04 1.999300000000000000e+04
1.824700000000000000e+04 1.967100000000000000e+04
1.830900000000000000e+04 1.963500000000000000e+04
1.804500000000000000e+04 1.979700000000000000e+04
1.760800000000000000e+04 2.002100000000000000e+04
1.756400000000000000e+04 2.002700000000000000e+04
1.763400000000000000e+04 2.000700000000000000e+04
1.762800000000000000e+04 2.001100000000000000e+04
1.761600000000000000e+04 2.001600000000000000e+04
1.756100000000000000e+04 2.003700000000000000e+04
1.759300000000000000e+04 2.002200000000000000e+04
1.807800000000000000e+04 1.977900000000000000e+04
1.804400000000000000e+04 1.980900000000000000e+04
1.805500000000000000e+04 1.979300000000000000e+04
1.872600000000000000e+04 1.937800000000000000e+04
1.869800000000000000e+04 1.941300000000000000e+04
1.865500000000000000e+04 1.944400000000000000e+04
1.864800000000000000e+04 1.944700000000000000e+04
1.867000000000000000e+04 1.942900000000000000e+04
1.866900000000000000e+04 1.943000000000000000e+04
1.798800000000000000e+04 1.984300000000000000e+04
1.803300000000000000e+04 1.981200000000000000e+04
1.801900000000000000e+04 1.983200000000000000e+04
1.803700000000000000e+04 1.981000000000000000e+04
1.798600000000000000e+04 1.984500000000000000e+04
1.802900000000000000e+04 1.982900000000000000e+04
1.900500000000000000e+04 1.905700000000000000e+04
1.901100000000000000e+04 1.904200000000000000e+04
1.900800000000000000e+04 1.905300000000000000e+04
1.850900000000000000e+04 1.953100000000000000e+04
1.853800000000000000e+04 1.951200000000000000e+04
1.854100000000000000e+04 1.950800000000000000e+04
1.830000000000000000e+04 1.966500000000000000e+04
1.832100000000000000e+04 1.962800000000000000e+04
1.832200000000000000e+04 1.962500000000000000e+04
1.849400000000000000e+04 1.954400000000000000e+04
1.850800000000000000e+04 1.953900000000000000e+04
1.852200000000000000e+04 1.953000000000000000e+04
1.853500000000000000e+04 1.952200000000000000e+04
1.853000000000000000e+04 1.952600000000000000e+04
1.873200000000000000e+04 1.937100000000000000e+04
1.873800000000000000e+04 1.937000000000000000e+04
1.872300000000000000e+04 1.938900000000000000e+04
1.874200000000000000e+04 1.935900000000000000e+04
1.872700000000000000e+04 1.937700000000000000e+04
1.874100000000000000e+04 1.936600000000000000e+04
1.875300000000000000e+04 1.934900000000000000e+04
1.930300000000000000e+04 1.863600000000000000e+04
1.930800000000000000e+04 1.863500000000000000e+04
1.857300000000000000e+04 1.949500000000000000e+04
1.855500000000000000e+04 1.950300000000000000e+04
1.860800000000000000e+04 1.947000000000000000e+04
1.859800000000000000e+04 1.947600000000000000e+04
1.861700000000000000e+04 1.946400000000000000e+04
1.935100000000000000e+04 1.858600000000000000e+04
1.935700000000000000e+04 1.855700000000000000e+04
1.937700000000000000e+04 1.853700000000000000e+04
1.937800000000000000e+04 1.852800000000000000e+04
1.937300000000000000e+04 1.854500000000000000e+04
1.936000000000000000e+04 1.855600000000000000e+04
1.933600000000000000e+04 1.859800000000000000e+04
1.877300000000000000e+04 1.932200000000000000e+04
1.880400000000000000e+04 1.929000000000000000e+04
1.881100000000000000e+04 1.928500000000000000e+04
1.879100000000000000e+04 1.931200000000000000e+04
1.881900000000000000e+04 1.928400000000000000e+04
1.880100000000000000e+04 1.930400000000000000e+04
1.883000000000000000e+04 1.926700000000000000e+04
1.883700000000000000e+04 1.926200000000000000e+04
1.892600000000000000e+04 1.914400000000000000e+04
1.895800000000000000e+04 1.912000000000000000e+04
1.893800000000000000e+04 1.912600000000000000e+04
1.882700000000000000e+04 1.927600000000000000e+04
1.885800000000000000e+04 1.923200000000000000e+04
1.887300000000000000e+04 1.922700000000000000e+04
1.888300000000000000e+04 1.919900000000000000e+04
1.889000000000000000e+04 1.918900000000000000e+04
1.921300000000000000e+04 1.878100000000000000e+04
1.920900000000000000e+04 1.878500000000000000e+04
1.921900000000000000e+04 1.877000000000000000e+04
1.924100000000000000e+04 1.875700000000000000e+04
1.924900000000000000e+04 1.875200000000000000e+04
1.993100000000000000e+04 1.705500000000000000e+04
1.995900000000000000e+04 1.702300000000000000e+04
1.993000000000000000e+04 1.709000000000000000e+04
1.994500000000000000e+04 1.703000000000000000e+04
1.991800000000000000e+04 1.715000000000000000e+04
1.992800000000000000e+04 1.709300000000000000e+04
1.914400000000000000e+04 1.886700000000000000e+04
1.918500000000000000e+04 1.882400000000000000e+04
1.721900000000000000e+04 2.011700000000000000e+04
1.722400000000000000e+04 2.011300000000000000e+04
1.687400000000000000e+04 2.023900000000000000e+04
1.693700000000000000e+04 2.022000000000000000e+04
1.692600000000000000e+04 2.022700000000000000e+04
1.690600000000000000e+04 2.023500000000000000e+04
1.696300000000000000e+04 2.021800000000000000e+04
1.697300000000000000e+04 2.021600000000000000e+04
1.732500000000000000e+04 2.010600000000000000e+04
1.737400000000000000e+04 2.009400000000000000e+04
1.730100000000000000e+04 2.010800000000000000e+04
1.733400000000000000e+04 2.010200000000000000e+04
1.736900000000000000e+04 2.009900000000000000e+04
1.743900000000000000e+04 2.006400000000000000e+04
1.744400000000000000e+04 2.006300000000000000e+04
1.750200000000000000e+04 2.004700000000000000e+04
1.743000000000000000e+04 2.009100000000000000e+04
1.746000000000000000e+04 2.005800000000000000e+04
1.765900000000000000e+04 1.998900000000000000e+04
1.769900000000000000e+04 1.998000000000000000e+04
1.771700000000000000e+04 1.996700000000000000e+04
1.766900000000000000e+04 1.998500000000000000e+04
1.765300000000000000e+04 1.999000000000000000e+04
1.764000000000000000e+04 1.999100000000000000e+04
1.750400000000000000e+04 2.003600000000000000e+04
1.754200000000000000e+04 2.002800000000000000e+04
1.761500000000000000e+04 2.002000000000000000e+04
1.750900000000000000e+04 2.003400000000000000e+04
1.749500000000000000e+04 2.005400000000000000e+04
1.751700000000000000e+04 2.003300000000000000e+04
1.755900000000000000e+04 2.002600000000000000e+04
1.762000000000000000e+04 2.000500000000000000e+04
1.776800000000000000e+04 1.995000000000000000e+04
1.783600000000000000e+04 1.994600000000000000e+04
1.785400000000000000e+04 1.993300000000000000e+04
1.784000000000000000e+04 1.994500000000000000e+04
1.793100000000000000e+04 1.989500000000000000e+04
1.789400000000000000e+04 1.991300000000000000e+04
1.793900000000000000e+04 1.989400000000000000e+04
1.791500000000000000e+04 1.989900000000000000e+04
1.795500000000000000e+04 1.987600000000000000e+04
1.795300000000000000e+04 1.988100000000000000e+04
1.797400000000000000e+04 1.986500000000000000e+04
1.800900000000000000e+04 1.982500000000000000e+04
1.798100000000000000e+04 1.983700000000000000e+04
1.799300000000000000e+04 1.983300000000000000e+04
1.807000000000000000e+04 1.980100000000000000e+04
1.799500000000000000e+04 1.983000000000000000e+04
1.805700000000000000e+04 1.982300000000000000e+04
1.801300000000000000e+04 1.982400000000000000e+04
1.808100000000000000e+04 1.977800000000000000e+04
1.809000000000000000e+04 1.977600000000000000e+04
1.807800000000000000e+04 1.978500000000000000e+04
1.810500000000000000e+04 1.977100000000000000e+04
1.811600000000000000e+04 1.976600000000000000e+04
1.813500000000000000e+04 1.975500000000000000e+04
1.815200000000000000e+04 1.974600000000000000e+04
1.812500000000000000e+04 1.975800000000000000e+04
1.816300000000000000e+04 1.973800000000000000e+04
1.821400000000000000e+04 1.972000000000000000e+04
1.838100000000000000e+04 1.960200000000000000e+04
1.840500000000000000e+04 1.959400000000000000e+04
1.840900000000000000e+04 1.959100000000000000e+04
1.842600000000000000e+04 1.958100000000000000e+04
1.843300000000000000e+04 1.956900000000000000e+04
1.847100000000000000e+04 1.955500000000000000e+04
1.842800000000000000e+04 1.957800000000000000e+04
1.847000000000000000e+04 1.956100000000000000e+04
1.849100000000000000e+04 1.953600000000000000e+04
1.847300000000000000e+04 1.955000000000000000e+04
1.849600000000000000e+04 1.953500000000000000e+04
1.848800000000000000e+04 1.954300000000000000e+04
1.848600000000000000e+04 1.954700000000000000e+04
1.870200000000000000e+04 1.937200000000000000e+04
1.872000000000000000e+04 1.935300000000000000e+04
1.875000000000000000e+04 1.932500000000000000e+04
1.873100000000000000e+04 1.934400000000000000e+04
1.876500000000000000e+04 1.932000000000000000e+04
1.874800000000000000e+04 1.932700000000000000e+04
1.875500000000000000e+04 1.932100000000000000e+04
1.874300000000000000e+04 1.934100000000000000e+04
1.875300000000000000e+04 1.932300000000000000e+04
1.879500000000000000e+04 1.930300000000000000e+04
1.877800000000000000e+04 1.931700000000000000e+04
1.878300000000000000e+04 1.931300000000000000e+04
1.869500000000000000e+04 1.937300000000000000e+04
1.871700000000000000e+04 1.936100000000000000e+04
1.868400000000000000e+04 1.939000000000000000e+04
1.869200000000000000e+04 1.938500000000000000e+04
1.870500000000000000e+04 1.937000000000000000e+04
1.871900000000000000e+04 1.936000000000000000e+04
1.871300000000000000e+04 1.936700000000000000e+04
1.872700000000000000e+04 1.934900000000000000e+04
1.882000000000000000e+04 1.926200000000000000e+04
1.883300000000000000e+04 1.926100000000000000e+04
1.884300000000000000e+04 1.924900000000000000e+04
1.887300000000000000e+04 1.922100000000000000e+04
1.892200000000000000e+04 1.915900000000000000e+04
1.888300000000000000e+04 1.919900000000000000e+04
1.889600000000000000e+04 1.918200000000000000e+04
1.890500000000000000e+04 1.917000000000000000e+04
1.892700000000000000e+04 1.915600000000000000e+04
1.889900000000000000e+04 1.917500000000000000e+04
1.891400000000000000e+04 1.916200000000000000e+04
1.893700000000000000e+04 1.913100000000000000e+04
1.894400000000000000e+04 1.912400000000000000e+04
1.893600000000000000e+04 1.914100000000000000e+04
1.893100000000000000e+04 1.914700000000000000e+04
1.888100000000000000e+04 1.920300000000000000e+04
1.891000000000000000e+04 1.916400000000000000e+04
1.896300000000000000e+04 1.909600000000000000e+04
1.897700000000000000e+04 1.907500000000000000e+04
1.899800000000000000e+04 1.904300000000000000e+04
1.900900000000000000e+04 1.903800000000000000e+04
1.899100000000000000e+04 1.906900000000000000e+04
1.902200000000000000e+04 1.902100000000000000e+04
1.916800000000000000e+04 1.884100000000000000e+04
1.920500000000000000e+04 1.879300000000000000e+04
1.917300000000000000e+04 1.882900000000000000e+04
1.918700000000000000e+04 1.882600000000000000e+04
1.919300000000000000e+04 1.879500000000000000e+04
1.918900000000000000e+04 1.880500000000000000e+04
1.920700000000000000e+04 1.878500000000000000e+04
1.906600000000000000e+04 1.895700000000000000e+04
1.915500000000000000e+04 1.886500000000000000e+04
1.921100000000000000e+04 1.876800000000000000e+04
1.923000000000000000e+04 1.870600000000000000e+04
1.923400000000000000e+04 1.870300000000000000e+04
1.922700000000000000e+04 1.872500000000000000e+04
1.922600000000000000e+04 1.876100000000000000e+04
1.927700000000000000e+04 1.867100000000000000e+04
1.926000000000000000e+04 1.869600000000000000e+04
1.927200000000000000e+04 1.868400000000000000e+04
1.929000000000000000e+04 1.866500000000000000e+04
1.929200000000000000e+04 1.865600000000000000e+04
1.930400000000000000e+04 1.864300000000000000e+04
1.931100000000000000e+04 1.861900000000000000e+04
1.932100000000000000e+04 1.861800000000000000e+04
1.932700000000000000e+04 1.860400000000000000e+04
1.935200000000000000e+04 1.855000000000000000e+04
1.938600000000000000e+04 1.851900000000000000e+04
1.938300000000000000e+04 1.852400000000000000e+04
1.933700000000000000e+04 1.859400000000000000e+04
1.934200000000000000e+04 1.857300000000000000e+04
1.938100000000000000e+04 1.853200000000000000e+04
1.935000000000000000e+04 1.855600000000000000e+04
1.939800000000000000e+04 1.848200000000000000e+04
1.946000000000000000e+04 1.839700000000000000e+04
1.946500000000000000e+04 1.832200000000000000e+04
1.948200000000000000e+04 1.829400000000000000e+04
1.950400000000000000e+04 1.828700000000000000e+04
1.947900000000000000e+04 1.831500000000000000e+04
1.950700000000000000e+04 1.826900000000000000e+04
1.954700000000000000e+04 1.826700000000000000e+04
1.940800000000000000e+04 1.847500000000000000e+04
1.943100000000000000e+04 1.844900000000000000e+04
1.942900000000000000e+04 1.845300000000000000e+04
1.941300000000000000e+04 1.846100000000000000e+04
1.943900000000000000e+04 1.841900000000000000e+04
1.943400000000000000e+04 1.842900000000000000e+04
1.944500000000000000e+04 1.841200000000000000e+04
1.954900000000000000e+04 1.822500000000000000e+04
1.955400000000000000e+04 1.822300000000000000e+04
1.957900000000000000e+04 1.820800000000000000e+04
1.960400000000000000e+04 1.808900000000000000e+04
1.959000000000000000e+04 1.817500000000000000e+04
1.959300000000000000e+04 1.817200000000000000e+04
1.959400000000000000e+04 1.812400000000000000e+04
1.959900000000000000e+04 1.811600000000000000e+04
1.962800000000000000e+04 1.805000000000000000e+04
1.963200000000000000e+04 1.802200000000000000e+04
1.960200000000000000e+04 1.809100000000000000e+04
1.961800000000000000e+04 1.807800000000000000e+04
1.963600000000000000e+04 1.799900000000000000e+04
1.965400000000000000e+04 1.799000000000000000e+04
1.963400000000000000e+04 1.801400000000000000e+04
1.974900000000000000e+04 1.773800000000000000e+04
1.978100000000000000e+04 1.766600000000000000e+04
1.976600000000000000e+04 1.768900000000000000e+04
1.977500000000000000e+04 1.766700000000000000e+04
1.982300000000000000e+04 1.757100000000000000e+04
1.980400000000000000e+04 1.761200000000000000e+04
1.981900000000000000e+04 1.759000000000000000e+04
1.981800000000000000e+04 1.759600000000000000e+04
1.982900000000000000e+04 1.755500000000000000e+04
1.983400000000000000e+04 1.752600000000000000e+04
1.985900000000000000e+04 1.741200000000000000e+04
1.983700000000000000e+04 1.751300000000000000e+04
1.985000000000000000e+04 1.745300000000000000e+04
1.984800000000000000e+04 1.747300000000000000e+04
1.987400000000000000e+04 1.738200000000000000e+04
1.988800000000000000e+04 1.736200000000000000e+04
1.992700000000000000e+04 1.726600000000000000e+04
1.995600000000000000e+04 1.715600000000000000e+04
1.996000000000000000e+04 1.711600000000000000e+04
1.995700000000000000e+04 1.715500000000000000e+04
1.995300000000000000e+04 1.718700000000000000e+04
1.992100000000000000e+04 1.727400000000000000e+04
1.994000000000000000e+04 1.724100000000000000e+04
1.991200000000000000e+04 1.728300000000000000e+04
1.991100000000000000e+04 1.729100000000000000e+04
1.994900000000000000e+04 1.720400000000000000e+04
1.993500000000000000e+04 1.724600000000000000e+04
1.994800000000000000e+04 1.722400000000000000e+04
1.990400000000000000e+04 1.731200000000000000e+04
1.989400000000000000e+04 1.736000000000000000e+04
1.992800000000000000e+04 1.726200000000000000e+04
1.992900000000000000e+04 1.726000000000000000e+04
1.716400000000000000e+04 2.012200000000000000e+04
1.714200000000000000e+04 2.012500000000000000e+04
1.699300000000000000e+04 2.018800000000000000e+04
1.700500000000000000e+04 2.017700000000000000e+04
1.650700000000000000e+04 2.030800000000000000e+04
1.713700000000000000e+04 2.014700000000000000e+04
1.702900000000000000e+04 2.017300000000000000e+04
1.707900000000000000e+04 2.016700000000000000e+04
1.678700000000000000e+04 2.028900000000000000e+04
1.687300000000000000e+04 2.028800000000000000e+04
1.772200000000000000e+04 1.995500000000000000e+04
1.836800000000000000e+04 1.960800000000000000e+04
1.831000000000000000e+04 1.964700000000000000e+04
1.834200000000000000e+04 1.962100000000000000e+04
1.832700000000000000e+04 1.963800000000000000e+04
1.826200000000000000e+04 1.967700000000000000e+04
1.813900000000000000e+04 1.975100000000000000e+04
1.676300000000000000e+04 2.029500000000000000e+04
1.674800000000000000e+04 2.030300000000000000e+04
1.676600000000000000e+04 2.029000000000000000e+04
1.851100000000000000e+04 1.950800000000000000e+04
1.850700000000000000e+04 1.952200000000000000e+04
1.850600000000000000e+04 1.952400000000000000e+04
1.853800000000000000e+04 1.949500000000000000e+04
1.853100000000000000e+04 1.950500000000000000e+04
1.853900000000000000e+04 1.949200000000000000e+04
1.880400000000000000e+04 1.928900000000000000e+04
1.881800000000000000e+04 1.927100000000000000e+04
1.880900000000000000e+04 1.927800000000000000e+04
1.880000000000000000e+04 1.929500000000000000e+04
1.887900000000000000e+04 1.920900000000000000e+04
1.885800000000000000e+04 1.924200000000000000e+04
1.886300000000000000e+04 1.923600000000000000e+04
1.885500000000000000e+04 1.924700000000000000e+04
1.886400000000000000e+04 1.922200000000000000e+04
1.819800000000000000e+04 1.973100000000000000e+04
1.816600000000000000e+04 1.973500000000000000e+04
1.821700000000000000e+04 1.971500000000000000e+04
1.825400000000000000e+04 1.969000000000000000e+04
1.824500000000000000e+04 1.970000000000000000e+04
1.823200000000000000e+04 1.970500000000000000e+04
1.824300000000000000e+04 1.970200000000000000e+04
1.823000000000000000e+04 1.971200000000000000e+04
1.860200000000000000e+04 1.945400000000000000e+04
1.858700000000000000e+04 1.947900000000000000e+04
1.859500000000000000e+04 1.946500000000000000e+04
1.860700000000000000e+04 1.945300000000000000e+04
1.864300000000000000e+04 1.944400000000000000e+04
1.865700000000000000e+04 1.942600000000000000e+04
1.867600000000000000e+04 1.941900000000000000e+04
1.865100000000000000e+04 1.944300000000000000e+04
1.864200000000000000e+04 1.944900000000000000e+04
1.865900000000000000e+04 1.942400000000000000e+04
1.866400000000000000e+04 1.942000000000000000e+04
1.867700000000000000e+04 1.941500000000000000e+04
1.865400000000000000e+04 1.943200000000000000e+04
1.868100000000000000e+04 1.941300000000000000e+04
1.865500000000000000e+04 1.943100000000000000e+04
1.888700000000000000e+04 1.919500000000000000e+04
1.889100000000000000e+04 1.919300000000000000e+04
1.889200000000000000e+04 1.918600000000000000e+04
1.938900000000000000e+04 1.850300000000000000e+04
1.939400000000000000e+04 1.850100000000000000e+04
1.937200000000000000e+04 1.853500000000000000e+04
1.980100000000000000e+04 1.762800000000000000e+04
1.976400000000000000e+04 1.770400000000000000e+04
1.978400000000000000e+04 1.766200000000000000e+04
1.978600000000000000e+04 1.765300000000000000e+04
1.976700000000000000e+04 1.768500000000000000e+04
1.985700000000000000e+04 1.742300000000000000e+04
1.978800000000000000e+04 1.763400000000000000e+04
1.981100000000000000e+04 1.760100000000000000e+04
1.974500000000000000e+04 1.775200000000000000e+04
1.971800000000000000e+04 1.781900000000000000e+04
1.971700000000000000e+04 1.783100000000000000e+04
1.974200000000000000e+04 1.775700000000000000e+04
1.973300000000000000e+04 1.777500000000000000e+04
1.973100000000000000e+04 1.778900000000000000e+04
1.972000000000000000e+04 1.779300000000000000e+04
1.973900000000000000e+04 1.776400000000000000e+04
1.895200000000000000e+04 1.911400000000000000e+04
1.894700000000000000e+04 1.912000000000000000e+04
1.896900000000000000e+04 1.909200000000000000e+04
1.904400000000000000e+04 1.899500000000000000e+04
1.903400000000000000e+04 1.900100000000000000e+04
1.906200000000000000e+04 1.897900000000000000e+04
1.908500000000000000e+04 1.895300000000000000e+04
1.904800000000000000e+04 1.898700000000000000e+04
1.906500000000000000e+04 1.897700000000000000e+04
1.909800000000000000e+04 1.893800000000000000e+04
1.909100000000000000e+04 1.894000000000000000e+04
1.912400000000000000e+04 1.892000000000000000e+04
1.912100000000000000e+04 1.893100000000000000e+04
1.912500000000000000e+04 1.891900000000000000e+04
1.916600000000000000e+04 1.886100000000000000e+04
1.913100000000000000e+04 1.891000000000000000e+04
1.913400000000000000e+04 1.890100000000000000e+04
1.914600000000000000e+04 1.889300000000000000e+04
1.913200000000000000e+04 1.890500000000000000e+04
1.915300000000000000e+04 1.888300000000000000e+04
1.936100000000000000e+04 1.854400000000000000e+04
1.969100000000000000e+04 1.792100000000000000e+04
1.968200000000000000e+04 1.794100000000000000e+04
1.967000000000000000e+04 1.798400000000000000e+04
1.971300000000000000e+04 1.789000000000000000e+04
