1.786900000000000000e+04 1.904400000000000000e+04
1.769400000000000000e+04 1.924900000000000000e+04
1.792000000000000000e+04 1.903000000000000000e+04
1.774800000000000000e+04 1.922800000000000000e+04
1.785200000000000000e+04 1.915800000000000000e+04
1.775300000000000000e+04 1.919600000000000000e+04
1.781200000000000000e+04 1.918000000000000000e+04
1.798800000000000000e+04 1.898500000000000000e+04
1.889800000000000000e+04 1.834500000000000000e+04
1.813300000000000000e+04 1.876300000000000000e+04
1.811900000000000000e+04 1.876400000000000000e+04
1.808000000000000000e+04 1.878800000000000000e+04
1.828400000000000000e+04 1.865600000000000000e+04
1.823200000000000000e+04 1.866700000000000000e+04
1.887500000000000000e+04 1.835300000000000000e+04
1.880800000000000000e+04 1.844600000000000000e+04
1.886700000000000000e+04 1.842000000000000000e+04
1.886900000000000000e+04 1.836300000000000000e+04
1.866600000000000000e+04 1.865500000000000000e+04
1.868200000000000000e+04 1.855800000000000000e+04
1.874500000000000000e+04 1.854900000000000000e+04
1.880700000000000000e+04 1.850800000000000000e+04
1.821000000000000000e+04 1.872800000000000000e+04
1.803900000000000000e+04 1.897700000000000000e+04
1.890800000000000000e+04 1.827700000000000000e+04
1.883000000000000000e+04 1.844400000000000000e+04
1.787500000000000000e+04 1.903300000000000000e+04
1.824300000000000000e+04 1.843800000000000000e+04
1.814400000000000000e+04 1.848200000000000000e+04
1.814900000000000000e+04 1.844800000000000000e+04
1.805100000000000000e+04 1.852100000000000000e+04
1.802000000000000000e+04 1.854600000000000000e+04
1.810200000000000000e+04 1.849900000000000000e+04
1.829300000000000000e+04 1.842300000000000000e+04
1.788600000000000000e+04 1.859100000000000000e+04
1.781900000000000000e+04 1.881400000000000000e+04
1.784500000000000000e+04 1.879400000000000000e+04
1.787700000000000000e+04 1.872400000000000000e+04
1.818600000000000000e+04 1.844600000000000000e+04
1.775300000000000000e+04 1.887100000000000000e+04
1.778700000000000000e+04 1.885600000000000000e+04
1.771900000000000000e+04 1.888000000000000000e+04
1.770600000000000000e+04 1.892200000000000000e+04
1.780500000000000000e+04 1.884600000000000000e+04
1.780800000000000000e+04 1.883500000000000000e+04
1.834500000000000000e+04 1.838400000000000000e+04
1.879800000000000000e+04 1.825300000000000000e+04
1.878500000000000000e+04 1.826000000000000000e+04
1.874900000000000000e+04 1.827000000000000000e+04
1.896900000000000000e+04 1.811600000000000000e+04
1.889900000000000000e+04 1.821100000000000000e+04
1.897200000000000000e+04 1.804200000000000000e+04
1.887500000000000000e+04 1.823500000000000000e+04
1.930600000000000000e+04 1.743400000000000000e+04
1.890400000000000000e+04 1.819300000000000000e+04
1.904100000000000000e+04 1.786100000000000000e+04
1.894600000000000000e+04 1.818900000000000000e+04
1.899900000000000000e+04 1.793500000000000000e+04
1.929000000000000000e+04 1.761700000000000000e+04
1.933900000000000000e+04 1.739400000000000000e+04
1.897900000000000000e+04 1.797200000000000000e+04
1.928300000000000000e+04 1.770700000000000000e+04
1.926000000000000000e+04 1.773300000000000000e+04
1.902600000000000000e+04 1.786700000000000000e+04
1.895500000000000000e+04 1.812400000000000000e+04
1.932100000000000000e+04 1.739600000000000000e+04
1.923400000000000000e+04 1.777700000000000000e+04
1.930500000000000000e+04 1.755600000000000000e+04
1.924100000000000000e+04 1.774600000000000000e+04
1.880700000000000000e+04 1.824100000000000000e+04
1.768300000000000000e+04 1.901800000000000000e+04
1.761200000000000000e+04 1.905200000000000000e+04
1.788100000000000000e+04 1.897400000000000000e+04
1.793100000000000000e+04 1.891200000000000000e+04
1.784000000000000000e+04 1.899200000000000000e+04
1.828000000000000000e+04 1.880600000000000000e+04
1.827600000000000000e+04 1.883300000000000000e+04
1.801400000000000000e+04 1.890400000000000000e+04
1.838000000000000000e+04 1.865000000000000000e+04
1.829900000000000000e+04 1.870700000000000000e+04
1.836500000000000000e+04 1.865500000000000000e+04
1.829800000000000000e+04 1.878400000000000000e+04
1.832600000000000000e+04 1.869000000000000000e+04
1.828300000000000000e+04 1.879300000000000000e+04
1.825500000000000000e+04 1.887000000000000000e+04
1.840600000000000000e+04 1.861500000000000000e+04
1.851600000000000000e+04 1.853200000000000000e+04
1.830500000000000000e+04 1.869200000000000000e+04
1.844500000000000000e+04 1.856100000000000000e+04
1.848000000000000000e+04 1.856000000000000000e+04
1.856800000000000000e+04 1.831200000000000000e+04
1.842600000000000000e+04 1.856900000000000000e+04
1.832800000000000000e+04 1.866900000000000000e+04
1.854000000000000000e+04 1.831400000000000000e+04
1.903900000000000000e+04 1.797600000000000000e+04
1.907900000000000000e+04 1.794300000000000000e+04
1.900600000000000000e+04 1.819900000000000000e+04
1.902400000000000000e+04 1.809900000000000000e+04
1.850200000000000000e+04 1.855900000000000000e+04
1.879600000000000000e+04 1.830400000000000000e+04
1.894300000000000000e+04 1.825000000000000000e+04
1.750500000000000000e+04 1.889800000000000000e+04
1.759800000000000000e+04 1.885400000000000000e+04
1.763000000000000000e+04 1.879900000000000000e+04
1.761800000000000000e+04 1.884300000000000000e+04
1.807600000000000000e+04 1.871400000000000000e+04
1.807100000000000000e+04 1.871800000000000000e+04
1.815700000000000000e+04 1.866900000000000000e+04
1.814200000000000000e+04 1.870900000000000000e+04
1.817700000000000000e+04 1.866000000000000000e+04
1.841800000000000000e+04 1.857000000000000000e+04
1.857300000000000000e+04 1.847400000000000000e+04
1.846000000000000000e+04 1.853800000000000000e+04
1.879800000000000000e+04 1.827800000000000000e+04
1.898700000000000000e+04 1.815500000000000000e+04
1.890700000000000000e+04 1.827000000000000000e+04
1.840600000000000000e+04 1.860300000000000000e+04
1.895800000000000000e+04 1.819300000000000000e+04
1.848200000000000000e+04 1.851000000000000000e+04
1.839100000000000000e+04 1.864600000000000000e+04
1.875000000000000000e+04 1.831100000000000000e+04
1.842900000000000000e+04 1.855500000000000000e+04
1.873300000000000000e+04 1.836400000000000000e+04
1.847900000000000000e+04 1.852300000000000000e+04
1.894200000000000000e+04 1.824800000000000000e+04
1.902500000000000000e+04 1.799400000000000000e+04
1.900000000000000000e+04 1.808300000000000000e+04
1.897900000000000000e+04 1.816400000000000000e+04
1.831700000000000000e+04 1.875400000000000000e+04
1.804000000000000000e+04 1.887300000000000000e+04
1.836300000000000000e+04 1.868900000000000000e+04
1.798400000000000000e+04 1.891400000000000000e+04
1.835000000000000000e+04 1.870600000000000000e+04
1.833100000000000000e+04 1.872300000000000000e+04
1.840100000000000000e+04 1.864800000000000000e+04
1.820000000000000000e+04 1.885700000000000000e+04
1.841100000000000000e+04 1.862900000000000000e+04
1.825800000000000000e+04 1.883600000000000000e+04
1.829500000000000000e+04 1.882100000000000000e+04
1.817200000000000000e+04 1.887200000000000000e+04
1.836700000000000000e+04 1.868200000000000000e+04
1.830800000000000000e+04 1.877200000000000000e+04
1.855300000000000000e+04 1.854400000000000000e+04
1.852000000000000000e+04 1.855100000000000000e+04
1.851700000000000000e+04 1.855200000000000000e+04
1.857600000000000000e+04 1.853600000000000000e+04
1.885500000000000000e+04 1.836700000000000000e+04
1.888700000000000000e+04 1.830500000000000000e+04
1.885100000000000000e+04 1.840200000000000000e+04
1.888900000000000000e+04 1.829300000000000000e+04
1.883600000000000000e+04 1.848800000000000000e+04
1.904200000000000000e+04 1.813300000000000000e+04
1.877800000000000000e+04 1.853200000000000000e+04
1.903900000000000000e+04 1.814500000000000000e+04
1.912100000000000000e+04 1.800600000000000000e+04
1.885700000000000000e+04 1.832800000000000000e+04
1.846200000000000000e+04 1.856000000000000000e+04
1.895000000000000000e+04 1.826300000000000000e+04
1.903300000000000000e+04 1.821500000000000000e+04
1.905900000000000000e+04 1.809100000000000000e+04
1.904800000000000000e+04 1.811600000000000000e+04
1.907600000000000000e+04 1.801800000000000000e+04
1.887900000000000000e+04 1.831600000000000000e+04
