8.831000000000000000e+03 9.204000000000000000e+03
8.909000000000000000e+03 9.193000000000000000e+03
8.514000000000000000e+03 9.445000000000000000e+03
8.553000000000000000e+03 9.407000000000000000e+03
8.517000000000000000e+03 9.424000000000000000e+03
8.633000000000000000e+03 9.390000000000000000e+03
8.707000000000000000e+03 9.376000000000000000e+03
8.808000000000000000e+03 9.234000000000000000e+03
8.875000000000000000e+03 9.197000000000000000e+03
8.762000000000000000e+03 9.341000000000000000e+03
9.008000000000000000e+03 9.125000000000000000e+03
8.779000000000000000e+03 9.292000000000000000e+03
9.040000000000000000e+03 9.094000000000000000e+03
8.764000000000000000e+03 9.293000000000000000e+03
9.066000000000000000e+03 9.070000000000000000e+03
9.050000000000000000e+03 9.090000000000000000e+03
8.797000000000000000e+03 9.261000000000000000e+03
9.037000000000000000e+03 9.106000000000000000e+03
9.013000000000000000e+03 9.110000000000000000e+03
9.103000000000000000e+03 9.059000000000000000e+03
9.122000000000000000e+03 8.992000000000000000e+03
8.992000000000000000e+03 9.185000000000000000e+03
9.105000000000000000e+03 9.055000000000000000e+03
9.114000000000000000e+03 9.009000000000000000e+03
9.224000000000000000e+03 8.844000000000000000e+03
9.173000000000000000e+03 8.883000000000000000e+03
9.270000000000000000e+03 8.799000000000000000e+03
9.251000000000000000e+03 8.821000000000000000e+03
9.282000000000000000e+03 8.716000000000000000e+03
9.276000000000000000e+03 8.718000000000000000e+03
9.275000000000000000e+03 8.765000000000000000e+03
9.257000000000000000e+03 8.805000000000000000e+03
9.194000000000000000e+03 8.868000000000000000e+03
9.147000000000000000e+03 8.898000000000000000e+03
9.348000000000000000e+03 8.701000000000000000e+03
9.131000000000000000e+03 8.926000000000000000e+03
8.674000000000000000e+03 9.384000000000000000e+03
8.660000000000000000e+03 9.420000000000000000e+03
8.683000000000000000e+03 9.373000000000000000e+03
8.600000000000000000e+03 9.493000000000000000e+03
8.663000000000000000e+03 9.407000000000000000e+03
8.713000000000000000e+03 9.359000000000000000e+03
8.719000000000000000e+03 9.343000000000000000e+03
8.532000000000000000e+03 9.515000000000000000e+03
8.371000000000000000e+03 9.568000000000000000e+03
8.551000000000000000e+03 9.503000000000000000e+03
8.479000000000000000e+03 9.565000000000000000e+03
9.155000000000000000e+03 9.113000000000000000e+03
9.048000000000000000e+03 9.174000000000000000e+03
9.161000000000000000e+03 9.095000000000000000e+03
9.218000000000000000e+03 8.968000000000000000e+03
8.637000000000000000e+03 9.426000000000000000e+03
9.057000000000000000e+03 9.173000000000000000e+03
9.323000000000000000e+03 8.838000000000000000e+03
9.192000000000000000e+03 9.083000000000000000e+03
9.221000000000000000e+03 8.919000000000000000e+03
8.907000000000000000e+03 9.306000000000000000e+03
8.954000000000000000e+03 9.256000000000000000e+03
8.831000000000000000e+03 9.313000000000000000e+03
8.916000000000000000e+03 9.296000000000000000e+03
9.021000000000000000e+03 9.244000000000000000e+03
8.935000000000000000e+03 9.266000000000000000e+03
9.121000000000000000e+03 9.170000000000000000e+03
9.285000000000000000e+03 8.906000000000000000e+03
8.246000000000000000e+03 9.493000000000000000e+03
8.482000000000000000e+03 9.428000000000000000e+03
8.387000000000000000e+03 9.471000000000000000e+03
8.457000000000000000e+03 9.452000000000000000e+03
8.423000000000000000e+03 9.466000000000000000e+03
8.546000000000000000e+03 9.393000000000000000e+03
8.506000000000000000e+03 9.425000000000000000e+03
8.249000000000000000e+03 9.472000000000000000e+03
8.849000000000000000e+03 9.259000000000000000e+03
8.765000000000000000e+03 9.318000000000000000e+03
8.932000000000000000e+03 9.248000000000000000e+03
8.836000000000000000e+03 9.302000000000000000e+03
8.864000000000000000e+03 9.257000000000000000e+03
8.949000000000000000e+03 9.173000000000000000e+03
9.317000000000000000e+03 8.759000000000000000e+03
9.092000000000000000e+03 9.061000000000000000e+03
9.303000000000000000e+03 8.812000000000000000e+03
9.209000000000000000e+03 9.051000000000000000e+03
9.378000000000000000e+03 8.691000000000000000e+03
9.285000000000000000e+03 8.871000000000000000e+03
9.278000000000000000e+03 8.906000000000000000e+03
9.349000000000000000e+03 8.712000000000000000e+03
9.492000000000000000e+03 8.563000000000000000e+03
9.258000000000000000e+03 8.912000000000000000e+03
9.503000000000000000e+03 8.525000000000000000e+03
9.436000000000000000e+03 8.625000000000000000e+03
9.462000000000000000e+03 8.611000000000000000e+03
9.527000000000000000e+03 8.353000000000000000e+03
9.211000000000000000e+03 8.956000000000000000e+03
9.062000000000000000e+03 9.071000000000000000e+03
9.450000000000000000e+03 8.618000000000000000e+03
9.546000000000000000e+03 8.242000000000000000e+03
9.408000000000000000e+03 8.679000000000000000e+03
9.301000000000000000e+03 8.862000000000000000e+03
9.534000000000000000e+03 8.326000000000000000e+03
9.543000000000000000e+03 8.305000000000000000e+03
9.479000000000000000e+03 8.577000000000000000e+03
9.525000000000000000e+03 8.515000000000000000e+03
8.829000000000000000e+03 9.280000000000000000e+03
8.530000000000000000e+03 9.425000000000000000e+03
8.597000000000000000e+03 9.365000000000000000e+03
8.570000000000000000e+03 9.373000000000000000e+03
8.665000000000000000e+03 9.334000000000000000e+03
8.694000000000000000e+03 9.324000000000000000e+03
9.099000000000000000e+03 9.117000000000000000e+03
9.328000000000000000e+03 8.841000000000000000e+03
8.610000000000000000e+03 9.359000000000000000e+03
9.233000000000000000e+03 9.014000000000000000e+03
9.290000000000000000e+03 8.890000000000000000e+03
9.049000000000000000e+03 9.248000000000000000e+03
9.243000000000000000e+03 9.010000000000000000e+03
9.210000000000000000e+03 9.030000000000000000e+03
9.117000000000000000e+03 9.109000000000000000e+03
9.175000000000000000e+03 9.060000000000000000e+03
9.151000000000000000e+03 9.080000000000000000e+03
9.127000000000000000e+03 9.085000000000000000e+03
9.165000000000000000e+03 9.067000000000000000e+03
9.206000000000000000e+03 9.046000000000000000e+03
9.286000000000000000e+03 8.966000000000000000e+03
9.339000000000000000e+03 8.708000000000000000e+03
9.333000000000000000e+03 8.806000000000000000e+03
9.062000000000000000e+03 9.139000000000000000e+03
9.053000000000000000e+03 9.195000000000000000e+03
9.008000000000000000e+03 9.263000000000000000e+03
9.131000000000000000e+03 9.081000000000000000e+03
9.291000000000000000e+03 8.843000000000000000e+03
9.262000000000000000e+03 8.984000000000000000e+03
9.364000000000000000e+03 8.644000000000000000e+03
9.117000000000000000e+03 9.138000000000000000e+03
9.059000000000000000e+03 9.212000000000000000e+03
8.648000000000000000e+03 9.303000000000000000e+03
8.545000000000000000e+03 9.406000000000000000e+03
8.592000000000000000e+03 9.395000000000000000e+03
8.625000000000000000e+03 9.333000000000000000e+03
9.085000000000000000e+03 9.181000000000000000e+03
9.008000000000000000e+03 9.263000000000000000e+03
8.968000000000000000e+03 9.274000000000000000e+03
8.980000000000000000e+03 9.267000000000000000e+03
9.013000000000000000e+03 9.241000000000000000e+03
8.945000000000000000e+03 9.291000000000000000e+03
9.135000000000000000e+03 9.114000000000000000e+03
9.048000000000000000e+03 9.224000000000000000e+03
9.047000000000000000e+03 9.231000000000000000e+03
9.134000000000000000e+03 9.128000000000000000e+03
9.170000000000000000e+03 9.102000000000000000e+03
9.210000000000000000e+03 9.052000000000000000e+03
9.278000000000000000e+03 8.975000000000000000e+03
9.209000000000000000e+03 9.077000000000000000e+03
9.240000000000000000e+03 9.042000000000000000e+03
9.066000000000000000e+03 9.194000000000000000e+03
9.093000000000000000e+03 9.153000000000000000e+03
9.258000000000000000e+03 8.981000000000000000e+03
9.387000000000000000e+03 8.725000000000000000e+03
9.356000000000000000e+03 8.826000000000000000e+03
9.254000000000000000e+03 9.034000000000000000e+03
9.298000000000000000e+03 8.967000000000000000e+03
9.336000000000000000e+03 8.844000000000000000e+03
9.167000000000000000e+03 9.107000000000000000e+03
9.215000000000000000e+03 9.050000000000000000e+03
9.305000000000000000e+03 8.921000000000000000e+03
9.324000000000000000e+03 8.913000000000000000e+03
9.283000000000000000e+03 8.968000000000000000e+03
9.379000000000000000e+03 8.771000000000000000e+03
