2.610100000000000000e+04 2.705700000000000000e+04
2.617200000000000000e+04 2.702300000000000000e+04
2.621400000000000000e+04 2.699400000000000000e+04
2.630600000000000000e+04 2.683100000000000000e+04
2.636000000000000000e+04 2.680700000000000000e+04
2.628200000000000000e+04 2.697000000000000000e+04
2.643300000000000000e+04 2.668000000000000000e+04
2.643100000000000000e+04 2.668800000000000000e+04
2.646100000000000000e+04 2.666900000000000000e+04
2.638700000000000000e+04 2.670600000000000000e+04
2.651600000000000000e+04 2.666100000000000000e+04
2.637800000000000000e+04 2.674100000000000000e+04
2.652100000000000000e+04 2.661800000000000000e+04
2.693600000000000000e+04 2.637300000000000000e+04
2.778500000000000000e+04 2.623600000000000000e+04
2.660600000000000000e+04 2.657200000000000000e+04
2.777800000000000000e+04 2.624500000000000000e+04
2.785400000000000000e+04 2.622800000000000000e+04
2.764900000000000000e+04 2.630100000000000000e+04
2.692500000000000000e+04 2.649600000000000000e+04
2.694300000000000000e+04 2.636500000000000000e+04
2.769500000000000000e+04 2.629400000000000000e+04
2.646400000000000000e+04 2.666200000000000000e+04
2.666100000000000000e+04 2.653300000000000000e+04
2.658300000000000000e+04 2.658700000000000000e+04
2.818900000000000000e+04 2.604200000000000000e+04
2.694700000000000000e+04 2.635200000000000000e+04
2.793500000000000000e+04 2.622700000000000000e+04
2.756600000000000000e+04 2.634800000000000000e+04
2.776600000000000000e+04 2.625200000000000000e+04
2.818100000000000000e+04 2.607300000000000000e+04
2.823100000000000000e+04 2.601800000000000000e+04
2.835600000000000000e+04 2.571700000000000000e+04
2.829400000000000000e+04 2.593700000000000000e+04
2.818300000000000000e+04 2.606600000000000000e+04
2.824600000000000000e+04 2.597500000000000000e+04
2.837800000000000000e+04 2.560100000000000000e+04
2.841500000000000000e+04 2.559700000000000000e+04
2.850300000000000000e+04 2.548900000000000000e+04
2.846600000000000000e+04 2.551500000000000000e+04
2.844700000000000000e+04 2.557300000000000000e+04
2.846200000000000000e+04 2.552600000000000000e+04
2.847300000000000000e+04 2.549900000000000000e+04
2.831500000000000000e+04 2.589500000000000000e+04
2.836300000000000000e+04 2.562400000000000000e+04
2.843000000000000000e+04 2.557400000000000000e+04
2.761300000000000000e+04 2.631900000000000000e+04
2.810000000000000000e+04 2.615600000000000000e+04
2.824700000000000000e+04 2.595400000000000000e+04
2.772300000000000000e+04 2.626200000000000000e+04
2.832600000000000000e+04 2.572000000000000000e+04
2.540200000000000000e+04 2.686100000000000000e+04
2.518300000000000000e+04 2.707700000000000000e+04
2.529300000000000000e+04 2.705500000000000000e+04
2.545000000000000000e+04 2.682400000000000000e+04
2.539300000000000000e+04 2.701400000000000000e+04
2.656900000000000000e+04 2.633800000000000000e+04
2.648900000000000000e+04 2.640400000000000000e+04
2.667600000000000000e+04 2.627200000000000000e+04
2.651300000000000000e+04 2.637900000000000000e+04
2.640300000000000000e+04 2.646600000000000000e+04
2.638100000000000000e+04 2.649500000000000000e+04
2.646100000000000000e+04 2.642300000000000000e+04
2.670000000000000000e+04 2.622200000000000000e+04
2.676000000000000000e+04 2.610000000000000000e+04
2.662400000000000000e+04 2.631100000000000000e+04
2.824800000000000000e+04 2.579900000000000000e+04
2.829800000000000000e+04 2.571200000000000000e+04
2.683700000000000000e+04 2.604200000000000000e+04
2.679900000000000000e+04 2.607300000000000000e+04
2.688200000000000000e+04 2.603600000000000000e+04
2.815200000000000000e+04 2.587600000000000000e+04
2.672600000000000000e+04 2.614800000000000000e+04
2.673300000000000000e+04 2.612800000000000000e+04
2.795400000000000000e+04 2.598100000000000000e+04
2.825600000000000000e+04 2.575000000000000000e+04
2.818700000000000000e+04 2.587300000000000000e+04
2.676800000000000000e+04 2.608600000000000000e+04
2.677700000000000000e+04 2.608100000000000000e+04
2.672900000000000000e+04 2.613900000000000000e+04
2.814700000000000000e+04 2.587800000000000000e+04
2.813800000000000000e+04 2.589400000000000000e+04
2.822300000000000000e+04 2.583000000000000000e+04
2.828900000000000000e+04 2.574800000000000000e+04
2.813200000000000000e+04 2.591500000000000000e+04
2.832300000000000000e+04 2.570600000000000000e+04
2.802400000000000000e+04 2.596400000000000000e+04
2.832500000000000000e+04 2.566300000000000000e+04
2.840500000000000000e+04 2.553100000000000000e+04
2.839600000000000000e+04 2.559500000000000000e+04
2.834500000000000000e+04 2.561100000000000000e+04
2.844100000000000000e+04 2.551200000000000000e+04
2.844800000000000000e+04 2.543100000000000000e+04
2.844900000000000000e+04 2.537800000000000000e+04
2.846000000000000000e+04 2.533700000000000000e+04
2.644500000000000000e+04 2.739600000000000000e+04
2.656800000000000000e+04 2.738000000000000000e+04
2.672700000000000000e+04 2.673600000000000000e+04
2.684700000000000000e+04 2.664100000000000000e+04
2.700500000000000000e+04 2.652000000000000000e+04
2.681400000000000000e+04 2.667700000000000000e+04
2.662200000000000000e+04 2.732500000000000000e+04
2.639300000000000000e+04 2.745100000000000000e+04
2.751400000000000000e+04 2.648000000000000000e+04
2.755400000000000000e+04 2.638800000000000000e+04
2.753900000000000000e+04 2.640100000000000000e+04
2.687300000000000000e+04 2.660000000000000000e+04
2.695600000000000000e+04 2.653900000000000000e+04
2.759700000000000000e+04 2.636800000000000000e+04
2.753800000000000000e+04 2.640600000000000000e+04
2.750900000000000000e+04 2.650300000000000000e+04
2.751900000000000000e+04 2.645300000000000000e+04
2.753200000000000000e+04 2.641200000000000000e+04
2.752500000000000000e+04 2.642200000000000000e+04
2.791600000000000000e+04 2.607200000000000000e+04
2.761000000000000000e+04 2.635400000000000000e+04
2.755000000000000000e+04 2.640000000000000000e+04
2.757500000000000000e+04 2.637400000000000000e+04
2.762300000000000000e+04 2.633600000000000000e+04
2.790500000000000000e+04 2.610300000000000000e+04
2.798500000000000000e+04 2.603700000000000000e+04
2.781800000000000000e+04 2.616700000000000000e+04
2.784200000000000000e+04 2.615000000000000000e+04
2.794600000000000000e+04 2.606900000000000000e+04
2.798400000000000000e+04 2.605100000000000000e+04
2.780800000000000000e+04 2.617400000000000000e+04
2.760100000000000000e+04 2.635900000000000000e+04
2.803000000000000000e+04 2.588700000000000000e+04
2.803600000000000000e+04 2.585200000000000000e+04
2.811800000000000000e+04 2.580800000000000000e+04
2.813200000000000000e+04 2.572700000000000000e+04
2.810900000000000000e+04 2.582500000000000000e+04
2.824600000000000000e+04 2.560600000000000000e+04
2.776300000000000000e+04 2.622000000000000000e+04
2.801000000000000000e+04 2.590000000000000000e+04
2.808000000000000000e+04 2.583900000000000000e+04
2.820000000000000000e+04 2.568300000000000000e+04
2.815800000000000000e+04 2.570600000000000000e+04
2.826600000000000000e+04 2.547700000000000000e+04
2.811600000000000000e+04 2.582300000000000000e+04
2.818200000000000000e+04 2.569300000000000000e+04
2.822300000000000000e+04 2.563800000000000000e+04
2.587900000000000000e+04 2.742200000000000000e+04
2.625300000000000000e+04 2.731200000000000000e+04
2.614600000000000000e+04 2.738900000000000000e+04
2.611400000000000000e+04 2.739100000000000000e+04
2.623100000000000000e+04 2.731300000000000000e+04
2.617900000000000000e+04 2.736400000000000000e+04
2.616600000000000000e+04 2.737400000000000000e+04
2.634100000000000000e+04 2.675800000000000000e+04
2.631400000000000000e+04 2.727300000000000000e+04
2.668900000000000000e+04 2.649000000000000000e+04
2.649600000000000000e+04 2.654700000000000000e+04
2.642200000000000000e+04 2.658000000000000000e+04
2.669900000000000000e+04 2.648600000000000000e+04
2.621100000000000000e+04 2.734900000000000000e+04
2.636700000000000000e+04 2.671100000000000000e+04
2.768200000000000000e+04 2.638600000000000000e+04
2.650400000000000000e+04 2.651200000000000000e+04
2.663400000000000000e+04 2.649100000000000000e+04
2.676000000000000000e+04 2.645900000000000000e+04
2.767800000000000000e+04 2.639300000000000000e+04
2.765800000000000000e+04 2.640000000000000000e+04
2.788900000000000000e+04 2.628400000000000000e+04
2.763200000000000000e+04 2.640600000000000000e+04
2.811500000000000000e+04 2.611800000000000000e+04
2.813200000000000000e+04 2.608200000000000000e+04
2.817600000000000000e+04 2.601800000000000000e+04
2.819000000000000000e+04 2.598800000000000000e+04
2.781400000000000000e+04 2.637300000000000000e+04
2.764100000000000000e+04 2.640300000000000000e+04
2.785300000000000000e+04 2.633800000000000000e+04
2.789900000000000000e+04 2.625600000000000000e+04
2.768700000000000000e+04 2.637600000000000000e+04
2.815600000000000000e+04 2.603700000000000000e+04
2.805200000000000000e+04 2.613300000000000000e+04
2.815700000000000000e+04 2.603600000000000000e+04
2.803400000000000000e+04 2.617800000000000000e+04
2.802100000000000000e+04 2.623500000000000000e+04
2.820600000000000000e+04 2.597500000000000000e+04
2.818500000000000000e+04 2.600000000000000000e+04
2.822300000000000000e+04 2.595300000000000000e+04
2.825500000000000000e+04 2.592400000000000000e+04
2.693300000000000000e+04 2.714500000000000000e+04
2.687800000000000000e+04 2.728600000000000000e+04
2.747000000000000000e+04 2.637200000000000000e+04
2.691500000000000000e+04 2.722300000000000000e+04
2.744600000000000000e+04 2.642000000000000000e+04
2.696500000000000000e+04 2.698000000000000000e+04
2.695600000000000000e+04 2.711700000000000000e+04
2.683200000000000000e+04 2.729200000000000000e+04
2.766600000000000000e+04 2.626600000000000000e+04
2.744800000000000000e+04 2.638400000000000000e+04
2.788400000000000000e+04 2.607100000000000000e+04
2.792400000000000000e+04 2.583000000000000000e+04
2.745300000000000000e+04 2.638100000000000000e+04
2.735500000000000000e+04 2.643100000000000000e+04
2.757100000000000000e+04 2.634500000000000000e+04
2.780100000000000000e+04 2.625600000000000000e+04
2.729400000000000000e+04 2.645800000000000000e+04
2.791000000000000000e+04 2.603900000000000000e+04
2.796300000000000000e+04 2.577700000000000000e+04
2.789500000000000000e+04 2.604800000000000000e+04
2.788300000000000000e+04 2.608900000000000000e+04
2.816100000000000000e+04 2.569800000000000000e+04
2.820200000000000000e+04 2.563900000000000000e+04
2.784800000000000000e+04 2.618100000000000000e+04
2.764800000000000000e+04 2.634100000000000000e+04
2.765400000000000000e+04 2.632300000000000000e+04
2.791700000000000000e+04 2.602000000000000000e+04
2.813300000000000000e+04 2.570400000000000000e+04
2.780900000000000000e+04 2.618300000000000000e+04
2.795400000000000000e+04 2.578400000000000000e+04
2.800800000000000000e+04 2.576800000000000000e+04
2.812300000000000000e+04 2.570600000000000000e+04
2.811800000000000000e+04 2.575200000000000000e+04
2.820600000000000000e+04 2.562400000000000000e+04
2.825100000000000000e+04 2.562300000000000000e+04
2.819600000000000000e+04 2.566800000000000000e+04
2.826300000000000000e+04 2.556000000000000000e+04
2.816500000000000000e+04 2.567200000000000000e+04
2.825300000000000000e+04 2.559600000000000000e+04
2.826100000000000000e+04 2.557800000000000000e+04
