2.571500000000000000e+04 2.688400000000000000e+04
2.552100000000000000e+04 2.717500000000000000e+04
2.551900000000000000e+04 2.719500000000000000e+04
2.564700000000000000e+04 2.716000000000000000e+04
2.570200000000000000e+04 2.709600000000000000e+04
2.559500000000000000e+04 2.717000000000000000e+04
2.742800000000000000e+04 2.655800000000000000e+04
2.758700000000000000e+04 2.652900000000000000e+04
2.756900000000000000e+04 2.655200000000000000e+04
2.735400000000000000e+04 2.657000000000000000e+04
2.762200000000000000e+04 2.644200000000000000e+04
2.584600000000000000e+04 2.686100000000000000e+04
2.585000000000000000e+04 2.670600000000000000e+04
2.808600000000000000e+04 2.578100000000000000e+04
2.793700000000000000e+04 2.586600000000000000e+04
2.763300000000000000e+04 2.643100000000000000e+04
2.760600000000000000e+04 2.647400000000000000e+04
2.805700000000000000e+04 2.581500000000000000e+04
2.809200000000000000e+04 2.575100000000000000e+04
2.823000000000000000e+04 2.560200000000000000e+04
2.788800000000000000e+04 2.588100000000000000e+04
2.810000000000000000e+04 2.571200000000000000e+04
2.816800000000000000e+04 2.561500000000000000e+04
2.824200000000000000e+04 2.557300000000000000e+04
2.807200000000000000e+04 2.579500000000000000e+04
2.812100000000000000e+04 2.569600000000000000e+04
2.826000000000000000e+04 2.555500000000000000e+04
2.832400000000000000e+04 2.547800000000000000e+04
2.835900000000000000e+04 2.546000000000000000e+04
2.839500000000000000e+04 2.527800000000000000e+04
2.836200000000000000e+04 2.538300000000000000e+04
2.840200000000000000e+04 2.524100000000000000e+04
2.837000000000000000e+04 2.536300000000000000e+04
2.843700000000000000e+04 2.520900000000000000e+04
2.843900000000000000e+04 2.517700000000000000e+04
2.844300000000000000e+04 2.516600000000000000e+04
2.833500000000000000e+04 2.547200000000000000e+04
2.839900000000000000e+04 2.524800000000000000e+04
2.829600000000000000e+04 2.552200000000000000e+04
2.848400000000000000e+04 2.514600000000000000e+04
2.849300000000000000e+04 2.513800000000000000e+04
2.837300000000000000e+04 2.532200000000000000e+04
2.844000000000000000e+04 2.517000000000000000e+04
2.853600000000000000e+04 2.508000000000000000e+04
2.857900000000000000e+04 2.495300000000000000e+04
2.858500000000000000e+04 2.489000000000000000e+04
2.850200000000000000e+04 2.509900000000000000e+04
2.857100000000000000e+04 2.500800000000000000e+04
2.856400000000000000e+04 2.505200000000000000e+04
2.650800000000000000e+04 2.690200000000000000e+04
2.678300000000000000e+04 2.671100000000000000e+04
2.647000000000000000e+04 2.698700000000000000e+04
2.631800000000000000e+04 2.741400000000000000e+04
2.637500000000000000e+04 2.729900000000000000e+04
2.638600000000000000e+04 2.725700000000000000e+04
2.641600000000000000e+04 2.707800000000000000e+04
2.676200000000000000e+04 2.674300000000000000e+04
2.658900000000000000e+04 2.682700000000000000e+04
2.642600000000000000e+04 2.703300000000000000e+04
2.636700000000000000e+04 2.734500000000000000e+04
2.671100000000000000e+04 2.679300000000000000e+04
2.770300000000000000e+04 2.649200000000000000e+04
2.709100000000000000e+04 2.669500000000000000e+04
2.706100000000000000e+04 2.670900000000000000e+04
2.717700000000000000e+04 2.666100000000000000e+04
2.756600000000000000e+04 2.660100000000000000e+04
2.775200000000000000e+04 2.648000000000000000e+04
2.777800000000000000e+04 2.645400000000000000e+04
2.752000000000000000e+04 2.665500000000000000e+04
2.758400000000000000e+04 2.659900000000000000e+04
2.764000000000000000e+04 2.658800000000000000e+04
2.814200000000000000e+04 2.631700000000000000e+04
2.765900000000000000e+04 2.656900000000000000e+04
2.768800000000000000e+04 2.651600000000000000e+04
2.812400000000000000e+04 2.632400000000000000e+04
2.824000000000000000e+04 2.615200000000000000e+04
2.805700000000000000e+04 2.638400000000000000e+04
2.795800000000000000e+04 2.645300000000000000e+04
2.817800000000000000e+04 2.631400000000000000e+04
2.768200000000000000e+04 2.656500000000000000e+04
2.810900000000000000e+04 2.637600000000000000e+04
2.805100000000000000e+04 2.640800000000000000e+04
2.818200000000000000e+04 2.628100000000000000e+04
2.819300000000000000e+04 2.626600000000000000e+04
2.821500000000000000e+04 2.619300000000000000e+04
2.822300000000000000e+04 2.616300000000000000e+04
2.825400000000000000e+04 2.597400000000000000e+04
2.819700000000000000e+04 2.623700000000000000e+04
2.825900000000000000e+04 2.597000000000000000e+04
2.820300000000000000e+04 2.620000000000000000e+04
2.802000000000000000e+04 2.642900000000000000e+04
2.826300000000000000e+04 2.596300000000000000e+04
2.671700000000000000e+04 2.698600000000000000e+04
2.644100000000000000e+04 2.734500000000000000e+04
2.655400000000000000e+04 2.728800000000000000e+04
2.660800000000000000e+04 2.727600000000000000e+04
2.668200000000000000e+04 2.727400000000000000e+04
2.641700000000000000e+04 2.737300000000000000e+04
2.644900000000000000e+04 2.734200000000000000e+04
2.646300000000000000e+04 2.730400000000000000e+04
2.653200000000000000e+04 2.729200000000000000e+04
2.675600000000000000e+04 2.646800000000000000e+04
2.676300000000000000e+04 2.646400000000000000e+04
2.760900000000000000e+04 2.637000000000000000e+04
2.797800000000000000e+04 2.628400000000000000e+04
2.797100000000000000e+04 2.628700000000000000e+04
2.796700000000000000e+04 2.630000000000000000e+04
2.685000000000000000e+04 2.646300000000000000e+04
2.794500000000000000e+04 2.631900000000000000e+04
2.816900000000000000e+04 2.617200000000000000e+04
2.792900000000000000e+04 2.634500000000000000e+04
2.819600000000000000e+04 2.589000000000000000e+04
2.805400000000000000e+04 2.625400000000000000e+04
2.809800000000000000e+04 2.624400000000000000e+04
2.820500000000000000e+04 2.588700000000000000e+04
2.817000000000000000e+04 2.616900000000000000e+04
2.804500000000000000e+04 2.627600000000000000e+04
2.819400000000000000e+04 2.599200000000000000e+04
2.819200000000000000e+04 2.613300000000000000e+04
2.814700000000000000e+04 2.622000000000000000e+04
2.610400000000000000e+04 2.717000000000000000e+04
2.581200000000000000e+04 2.734200000000000000e+04
2.607400000000000000e+04 2.721300000000000000e+04
2.588400000000000000e+04 2.727700000000000000e+04
2.605400000000000000e+04 2.723000000000000000e+04
2.604000000000000000e+04 2.724100000000000000e+04
2.588100000000000000e+04 2.733300000000000000e+04
2.663600000000000000e+04 2.712600000000000000e+04
2.698200000000000000e+04 2.683900000000000000e+04
2.681700000000000000e+04 2.707200000000000000e+04
2.685500000000000000e+04 2.703100000000000000e+04
2.692100000000000000e+04 2.699300000000000000e+04
2.677300000000000000e+04 2.707600000000000000e+04
2.675700000000000000e+04 2.709900000000000000e+04
2.709100000000000000e+04 2.669700000000000000e+04
2.682900000000000000e+04 2.706100000000000000e+04
2.715900000000000000e+04 2.667000000000000000e+04
2.721200000000000000e+04 2.665300000000000000e+04
2.723000000000000000e+04 2.663100000000000000e+04
2.698800000000000000e+04 2.682100000000000000e+04
2.695100000000000000e+04 2.696800000000000000e+04
2.699700000000000000e+04 2.676400000000000000e+04
2.721900000000000000e+04 2.663200000000000000e+04
2.702000000000000000e+04 2.672300000000000000e+04
2.745100000000000000e+04 2.652500000000000000e+04
2.760200000000000000e+04 2.650500000000000000e+04
2.767000000000000000e+04 2.643000000000000000e+04
2.775300000000000000e+04 2.619500000000000000e+04
2.769500000000000000e+04 2.638200000000000000e+04
2.767900000000000000e+04 2.640100000000000000e+04
2.716300000000000000e+04 2.665600000000000000e+04
2.764700000000000000e+04 2.643500000000000000e+04
2.769800000000000000e+04 2.637900000000000000e+04
2.781100000000000000e+04 2.617000000000000000e+04
2.761800000000000000e+04 2.646500000000000000e+04
2.777900000000000000e+04 2.619200000000000000e+04
2.762300000000000000e+04 2.643900000000000000e+04
2.739500000000000000e+04 2.656500000000000000e+04
2.775200000000000000e+04 2.634700000000000000e+04
2.742200000000000000e+04 2.654900000000000000e+04
2.731100000000000000e+04 2.661700000000000000e+04
2.764100000000000000e+04 2.643600000000000000e+04
2.769000000000000000e+04 2.639100000000000000e+04
2.744200000000000000e+04 2.695000000000000000e+04
2.757200000000000000e+04 2.689200000000000000e+04
2.751100000000000000e+04 2.693400000000000000e+04
2.743300000000000000e+04 2.695200000000000000e+04
2.758100000000000000e+04 2.685900000000000000e+04
2.759800000000000000e+04 2.684800000000000000e+04
2.751900000000000000e+04 2.690000000000000000e+04
2.754600000000000000e+04 2.689600000000000000e+04
2.751300000000000000e+04 2.691800000000000000e+04
2.750000000000000000e+04 2.694400000000000000e+04
2.769600000000000000e+04 2.670000000000000000e+04
2.770200000000000000e+04 2.669900000000000000e+04
2.763900000000000000e+04 2.677200000000000000e+04
2.761500000000000000e+04 2.683400000000000000e+04
2.774000000000000000e+04 2.668000000000000000e+04
2.779600000000000000e+04 2.650900000000000000e+04
2.771800000000000000e+04 2.668900000000000000e+04
2.775400000000000000e+04 2.658100000000000000e+04
2.777800000000000000e+04 2.653700000000000000e+04
2.776500000000000000e+04 2.656900000000000000e+04
2.763400000000000000e+04 2.681100000000000000e+04
2.767600000000000000e+04 2.675900000000000000e+04
2.775200000000000000e+04 2.664800000000000000e+04
2.784100000000000000e+04 2.643800000000000000e+04
2.786200000000000000e+04 2.636700000000000000e+04
2.784000000000000000e+04 2.646000000000000000e+04
2.774300000000000000e+04 2.665200000000000000e+04
2.785100000000000000e+04 2.643200000000000000e+04
2.787600000000000000e+04 2.632500000000000000e+04
2.789300000000000000e+04 2.606700000000000000e+04
2.801300000000000000e+04 2.581200000000000000e+04
2.796300000000000000e+04 2.589600000000000000e+04
2.785300000000000000e+04 2.637400000000000000e+04
2.790700000000000000e+04 2.603200000000000000e+04
2.788400000000000000e+04 2.608300000000000000e+04
2.802900000000000000e+04 2.573200000000000000e+04
2.795400000000000000e+04 2.592000000000000000e+04
2.798000000000000000e+04 2.586900000000000000e+04
2.795100000000000000e+04 2.593000000000000000e+04
2.815600000000000000e+04 2.566900000000000000e+04
2.807200000000000000e+04 2.568600000000000000e+04
2.821900000000000000e+04 2.563500000000000000e+04
2.794700000000000000e+04 2.597600000000000000e+04
2.793500000000000000e+04 2.598100000000000000e+04
2.798100000000000000e+04 2.582600000000000000e+04
2.658300000000000000e+04 2.642400000000000000e+04
2.655000000000000000e+04 2.643100000000000000e+04
2.653900000000000000e+04 2.645100000000000000e+04
2.652700000000000000e+04 2.646800000000000000e+04
2.629100000000000000e+04 2.676500000000000000e+04
2.646100000000000000e+04 2.665700000000000000e+04
2.635200000000000000e+04 2.667400000000000000e+04
2.630400000000000000e+04 2.673300000000000000e+04
2.632800000000000000e+04 2.671800000000000000e+04
2.613800000000000000e+04 2.743000000000000000e+04
2.622800000000000000e+04 2.740100000000000000e+04
2.628000000000000000e+04 2.735600000000000000e+04
2.779000000000000000e+04 2.624500000000000000e+04
2.776000000000000000e+04 2.628700000000000000e+04
2.650100000000000000e+04 2.658800000000000000e+04
2.781500000000000000e+04 2.620600000000000000e+04
2.773600000000000000e+04 2.630700000000000000e+04
2.771700000000000000e+04 2.633400000000000000e+04
2.772700000000000000e+04 2.632200000000000000e+04
2.764300000000000000e+04 2.638700000000000000e+04
2.770600000000000000e+04 2.634500000000000000e+04
2.794400000000000000e+04 2.614400000000000000e+04
2.798900000000000000e+04 2.609600000000000000e+04
2.801200000000000000e+04 2.607400000000000000e+04
2.791900000000000000e+04 2.617100000000000000e+04
2.820700000000000000e+04 2.588000000000000000e+04
2.801400000000000000e+04 2.606200000000000000e+04
2.808300000000000000e+04 2.604700000000000000e+04
2.812100000000000000e+04 2.602900000000000000e+04
2.787300000000000000e+04 2.619900000000000000e+04
2.804500000000000000e+04 2.605800000000000000e+04
2.816300000000000000e+04 2.599100000000000000e+04
2.822200000000000000e+04 2.586100000000000000e+04
2.820000000000000000e+04 2.596200000000000000e+04
2.823500000000000000e+04 2.581000000000000000e+04
2.796400000000000000e+04 2.613500000000000000e+04
2.805000000000000000e+04 2.605300000000000000e+04
2.779300000000000000e+04 2.622100000000000000e+04
2.703100000000000000e+04 2.650800000000000000e+04
2.689700000000000000e+04 2.663500000000000000e+04
2.702200000000000000e+04 2.654500000000000000e+04
2.647600000000000000e+04 2.686300000000000000e+04
2.636800000000000000e+04 2.692700000000000000e+04
2.629000000000000000e+04 2.694800000000000000e+04
2.627900000000000000e+04 2.698800000000000000e+04
2.629900000000000000e+04 2.694300000000000000e+04
2.630500000000000000e+04 2.694100000000000000e+04
2.687700000000000000e+04 2.674100000000000000e+04
2.679500000000000000e+04 2.681200000000000000e+04
2.649500000000000000e+04 2.682200000000000000e+04
2.628200000000000000e+04 2.697900000000000000e+04
2.608800000000000000e+04 2.752700000000000000e+04
2.608400000000000000e+04 2.754600000000000000e+04
2.612500000000000000e+04 2.752100000000000000e+04
2.644000000000000000e+04 2.692500000000000000e+04
2.621400000000000000e+04 2.740900000000000000e+04
2.625300000000000000e+04 2.707600000000000000e+04
2.645200000000000000e+04 2.688400000000000000e+04
2.624900000000000000e+04 2.714800000000000000e+04
2.611500000000000000e+04 2.752200000000000000e+04
2.617100000000000000e+04 2.743800000000000000e+04
2.615200000000000000e+04 2.747700000000000000e+04
2.615700000000000000e+04 2.747400000000000000e+04
2.735500000000000000e+04 2.641200000000000000e+04
2.789900000000000000e+04 2.615100000000000000e+04
2.714500000000000000e+04 2.650100000000000000e+04
2.794900000000000000e+04 2.608800000000000000e+04
2.777900000000000000e+04 2.628800000000000000e+04
2.776500000000000000e+04 2.634400000000000000e+04
2.784000000000000000e+04 2.619300000000000000e+04
2.775400000000000000e+04 2.636500000000000000e+04
2.828100000000000000e+04 2.579100000000000000e+04
2.829700000000000000e+04 2.575500000000000000e+04
2.822700000000000000e+04 2.603800000000000000e+04
2.782900000000000000e+04 2.622600000000000000e+04
2.825000000000000000e+04 2.597600000000000000e+04
2.829000000000000000e+04 2.576800000000000000e+04
2.844900000000000000e+04 2.554900000000000000e+04
2.784900000000000000e+04 2.617700000000000000e+04
2.825200000000000000e+04 2.586600000000000000e+04
2.844800000000000000e+04 2.559000000000000000e+04
2.843900000000000000e+04 2.560300000000000000e+04
2.840000000000000000e+04 2.568900000000000000e+04
2.843300000000000000e+04 2.562500000000000000e+04
2.842800000000000000e+04 2.568800000000000000e+04
2.847500000000000000e+04 2.554400000000000000e+04
2.839000000000000000e+04 2.574000000000000000e+04
2.781700000000000000e+04 2.624500000000000000e+04
2.582600000000000000e+04 2.730600000000000000e+04
2.582900000000000000e+04 2.725200000000000000e+04
2.575300000000000000e+04 2.733100000000000000e+04
2.589300000000000000e+04 2.723500000000000000e+04
2.585200000000000000e+04 2.724800000000000000e+04
2.601200000000000000e+04 2.679400000000000000e+04
2.591700000000000000e+04 2.718500000000000000e+04
2.599900000000000000e+04 2.680500000000000000e+04
2.718900000000000000e+04 2.661500000000000000e+04
2.718700000000000000e+04 2.663100000000000000e+04
2.749500000000000000e+04 2.646800000000000000e+04
2.718600000000000000e+04 2.666300000000000000e+04
2.721100000000000000e+04 2.661100000000000000e+04
2.744200000000000000e+04 2.651800000000000000e+04
2.757000000000000000e+04 2.610200000000000000e+04
2.743000000000000000e+04 2.652500000000000000e+04
2.751100000000000000e+04 2.613100000000000000e+04
2.748200000000000000e+04 2.647600000000000000e+04
2.740700000000000000e+04 2.655900000000000000e+04
2.747800000000000000e+04 2.648400000000000000e+04
2.739100000000000000e+04 2.660700000000000000e+04
2.745200000000000000e+04 2.648600000000000000e+04
2.754900000000000000e+04 2.612100000000000000e+04
2.741000000000000000e+04 2.654000000000000000e+04
2.750000000000000000e+04 2.642900000000000000e+04
2.820000000000000000e+04 2.590600000000000000e+04
2.802600000000000000e+04 2.610100000000000000e+04
2.806200000000000000e+04 2.606600000000000000e+04
2.847700000000000000e+04 2.554200000000000000e+04
2.816900000000000000e+04 2.593700000000000000e+04
2.846900000000000000e+04 2.562100000000000000e+04
2.831200000000000000e+04 2.589800000000000000e+04
2.843500000000000000e+04 2.569300000000000000e+04
2.819200000000000000e+04 2.592100000000000000e+04
2.811600000000000000e+04 2.604700000000000000e+04
2.845800000000000000e+04 2.563200000000000000e+04
2.845100000000000000e+04 2.564500000000000000e+04
2.816200000000000000e+04 2.597700000000000000e+04
2.836300000000000000e+04 2.576500000000000000e+04
2.814200000000000000e+04 2.599400000000000000e+04
2.839300000000000000e+04 2.576000000000000000e+04
2.831800000000000000e+04 2.582700000000000000e+04
2.836200000000000000e+04 2.580700000000000000e+04
2.813600000000000000e+04 2.600600000000000000e+04
2.848000000000000000e+04 2.547100000000000000e+04
2.841800000000000000e+04 2.573600000000000000e+04
2.843900000000000000e+04 2.566500000000000000e+04
2.671300000000000000e+04 2.704800000000000000e+04
2.672500000000000000e+04 2.704000000000000000e+04
2.661500000000000000e+04 2.709200000000000000e+04
2.677800000000000000e+04 2.698500000000000000e+04
2.664700000000000000e+04 2.707500000000000000e+04
2.665600000000000000e+04 2.705400000000000000e+04
2.678500000000000000e+04 2.695800000000000000e+04
2.651700000000000000e+04 2.748400000000000000e+04
2.650200000000000000e+04 2.752200000000000000e+04
2.650900000000000000e+04 2.749600000000000000e+04
2.659700000000000000e+04 2.746200000000000000e+04
2.704100000000000000e+04 2.689900000000000000e+04
2.747400000000000000e+04 2.664400000000000000e+04
2.712900000000000000e+04 2.687900000000000000e+04
2.721400000000000000e+04 2.687500000000000000e+04
2.730100000000000000e+04 2.681600000000000000e+04
2.778700000000000000e+04 2.640400000000000000e+04
2.766800000000000000e+04 2.662300000000000000e+04
2.727900000000000000e+04 2.683600000000000000e+04
2.811400000000000000e+04 2.624600000000000000e+04
2.809400000000000000e+04 2.625700000000000000e+04
2.813200000000000000e+04 2.617400000000000000e+04
2.767100000000000000e+04 2.656100000000000000e+04
2.726300000000000000e+04 2.684400000000000000e+04
2.808700000000000000e+04 2.628100000000000000e+04
2.768600000000000000e+04 2.653400000000000000e+04
2.791200000000000000e+04 2.638700000000000000e+04
2.784700000000000000e+04 2.640200000000000000e+04
2.807900000000000000e+04 2.629400000000000000e+04
2.777400000000000000e+04 2.643000000000000000e+04
2.742500000000000000e+04 2.671200000000000000e+04
2.792900000000000000e+04 2.635600000000000000e+04
2.785000000000000000e+04 2.639300000000000000e+04
2.807800000000000000e+04 2.632100000000000000e+04
2.814000000000000000e+04 2.609700000000000000e+04
2.793800000000000000e+04 2.635000000000000000e+04
2.772800000000000000e+04 2.645700000000000000e+04
2.814400000000000000e+04 2.609200000000000000e+04
2.799600000000000000e+04 2.632900000000000000e+04
2.574400000000000000e+04 2.730200000000000000e+04
2.566400000000000000e+04 2.745900000000000000e+04
2.561200000000000000e+04 2.753000000000000000e+04
2.568400000000000000e+04 2.744900000000000000e+04
2.565100000000000000e+04 2.749100000000000000e+04
2.736900000000000000e+04 2.692100000000000000e+04
2.569300000000000000e+04 2.731200000000000000e+04
2.732100000000000000e+04 2.699000000000000000e+04
2.745300000000000000e+04 2.678900000000000000e+04
2.782600000000000000e+04 2.655700000000000000e+04
2.577800000000000000e+04 2.719300000000000000e+04
2.742100000000000000e+04 2.687800000000000000e+04
2.738000000000000000e+04 2.689200000000000000e+04
2.784400000000000000e+04 2.651500000000000000e+04
2.790100000000000000e+04 2.643100000000000000e+04
2.779300000000000000e+04 2.657500000000000000e+04
2.767000000000000000e+04 2.667500000000000000e+04
2.748100000000000000e+04 2.673200000000000000e+04
2.780100000000000000e+04 2.657300000000000000e+04
2.760900000000000000e+04 2.669000000000000000e+04
2.783800000000000000e+04 2.653700000000000000e+04
2.788500000000000000e+04 2.650600000000000000e+04
2.794900000000000000e+04 2.622000000000000000e+04
2.776500000000000000e+04 2.665100000000000000e+04
2.772000000000000000e+04 2.666400000000000000e+04
2.792700000000000000e+04 2.634100000000000000e+04
2.785500000000000000e+04 2.651000000000000000e+04
2.766300000000000000e+04 2.668500000000000000e+04
2.799100000000000000e+04 2.620700000000000000e+04
2.800400000000000000e+04 2.614300000000000000e+04
2.797300000000000000e+04 2.621000000000000000e+04
2.789500000000000000e+04 2.645800000000000000e+04
2.784300000000000000e+04 2.652400000000000000e+04
2.793500000000000000e+04 2.626600000000000000e+04
2.793200000000000000e+04 2.628700000000000000e+04
2.806700000000000000e+04 2.613400000000000000e+04
2.794600000000000000e+04 2.625800000000000000e+04
2.817400000000000000e+04 2.592500000000000000e+04
2.816300000000000000e+04 2.597200000000000000e+04
2.817700000000000000e+04 2.587600000000000000e+04
2.801100000000000000e+04 2.613800000000000000e+04
2.815100000000000000e+04 2.611400000000000000e+04
