8.606000000000000000e+03 9.421000000000000000e+03
8.859000000000000000e+03 9.334000000000000000e+03
8.494000000000000000e+03 9.468000000000000000e+03
8.594000000000000000e+03 9.428000000000000000e+03
8.694000000000000000e+03 9.417000000000000000e+03
8.705000000000000000e+03 9.384000000000000000e+03
8.869000000000000000e+03 9.331000000000000000e+03
8.828000000000000000e+03 9.381000000000000000e+03
8.873000000000000000e+03 9.319000000000000000e+03
9.032000000000000000e+03 9.268000000000000000e+03
8.976000000000000000e+03 9.301000000000000000e+03
9.110000000000000000e+03 9.067000000000000000e+03
9.081000000000000000e+03 9.119000000000000000e+03
9.195000000000000000e+03 9.005000000000000000e+03
9.118000000000000000e+03 9.063000000000000000e+03
9.055000000000000000e+03 9.250000000000000000e+03
8.991000000000000000e+03 9.277000000000000000e+03
9.092000000000000000e+03 9.106000000000000000e+03
9.061000000000000000e+03 9.180000000000000000e+03
9.209000000000000000e+03 8.914000000000000000e+03
9.102000000000000000e+03 9.070000000000000000e+03
9.058000000000000000e+03 9.229000000000000000e+03
9.242000000000000000e+03 8.810000000000000000e+03
9.252000000000000000e+03 8.790000000000000000e+03
9.308000000000000000e+03 8.707000000000000000e+03
9.272000000000000000e+03 8.787000000000000000e+03
9.309000000000000000e+03 8.685000000000000000e+03
9.231000000000000000e+03 8.886000000000000000e+03
9.300000000000000000e+03 8.739000000000000000e+03
9.307000000000000000e+03 8.709000000000000000e+03
9.336000000000000000e+03 8.623000000000000000e+03
9.352000000000000000e+03 8.575000000000000000e+03
9.295000000000000000e+03 8.782000000000000000e+03
9.327000000000000000e+03 8.657000000000000000e+03
9.185000000000000000e+03 9.020000000000000000e+03
9.171000000000000000e+03 9.044000000000000000e+03
9.328000000000000000e+03 8.640000000000000000e+03
8.567000000000000000e+03 9.563000000000000000e+03
8.566000000000000000e+03 9.577000000000000000e+03
8.514000000000000000e+03 9.582000000000000000e+03
8.704000000000000000e+03 9.477000000000000000e+03
8.737000000000000000e+03 9.470000000000000000e+03
8.699000000000000000e+03 9.536000000000000000e+03
8.762000000000000000e+03 9.406000000000000000e+03
8.602000000000000000e+03 9.538000000000000000e+03
8.811000000000000000e+03 9.389000000000000000e+03
8.855000000000000000e+03 9.322000000000000000e+03
8.925000000000000000e+03 9.312000000000000000e+03
8.831000000000000000e+03 9.347000000000000000e+03
8.759000000000000000e+03 9.433000000000000000e+03
8.923000000000000000e+03 9.317000000000000000e+03
8.978000000000000000e+03 9.301000000000000000e+03
9.200000000000000000e+03 9.105000000000000000e+03
9.378000000000000000e+03 8.945000000000000000e+03
9.173000000000000000e+03 9.174000000000000000e+03
9.295000000000000000e+03 9.031000000000000000e+03
9.310000000000000000e+03 9.010000000000000000e+03
9.044000000000000000e+03 9.295000000000000000e+03
9.390000000000000000e+03 8.862000000000000000e+03
9.183000000000000000e+03 9.155000000000000000e+03
9.333000000000000000e+03 8.995000000000000000e+03
9.368000000000000000e+03 8.968000000000000000e+03
9.358000000000000000e+03 8.974000000000000000e+03
9.072000000000000000e+03 9.291000000000000000e+03
9.426000000000000000e+03 8.797000000000000000e+03
9.282000000000000000e+03 9.042000000000000000e+03
9.243000000000000000e+03 9.074000000000000000e+03
9.145000000000000000e+03 9.213000000000000000e+03
9.105000000000000000e+03 9.243000000000000000e+03
9.355000000000000000e+03 8.987000000000000000e+03
9.254000000000000000e+03 9.048000000000000000e+03
9.440000000000000000e+03 8.649000000000000000e+03
9.212000000000000000e+03 9.079000000000000000e+03
9.381000000000000000e+03 8.941000000000000000e+03
9.273000000000000000e+03 9.047000000000000000e+03
9.198000000000000000e+03 9.130000000000000000e+03
8.429000000000000000e+03 9.572000000000000000e+03
8.563000000000000000e+03 9.531000000000000000e+03
8.541000000000000000e+03 9.546000000000000000e+03
8.588000000000000000e+03 9.483000000000000000e+03
8.618000000000000000e+03 9.482000000000000000e+03
8.879000000000000000e+03 9.380000000000000000e+03
8.706000000000000000e+03 9.457000000000000000e+03
8.889000000000000000e+03 9.362000000000000000e+03
8.945000000000000000e+03 9.324000000000000000e+03
8.844000000000000000e+03 9.442000000000000000e+03
8.976000000000000000e+03 9.264000000000000000e+03
8.928000000000000000e+03 9.337000000000000000e+03
8.872000000000000000e+03 9.432000000000000000e+03
9.107000000000000000e+03 9.093000000000000000e+03
8.950000000000000000e+03 9.302000000000000000e+03
9.162000000000000000e+03 9.013000000000000000e+03
9.158000000000000000e+03 9.037000000000000000e+03
9.275000000000000000e+03 8.859000000000000000e+03
9.286000000000000000e+03 8.809000000000000000e+03
9.258000000000000000e+03 8.883000000000000000e+03
9.168000000000000000e+03 9.000000000000000000e+03
9.345000000000000000e+03 8.671000000000000000e+03
9.317000000000000000e+03 8.709000000000000000e+03
9.256000000000000000e+03 8.905000000000000000e+03
9.204000000000000000e+03 8.963000000000000000e+03
9.269000000000000000e+03 8.882000000000000000e+03
9.198000000000000000e+03 8.979000000000000000e+03
9.328000000000000000e+03 8.700000000000000000e+03
9.059000000000000000e+03 9.141000000000000000e+03
9.257000000000000000e+03 8.898000000000000000e+03
9.305000000000000000e+03 8.710000000000000000e+03
9.303000000000000000e+03 8.803000000000000000e+03
9.346000000000000000e+03 8.626000000000000000e+03
9.252000000000000000e+03 8.909000000000000000e+03
9.238000000000000000e+03 8.957000000000000000e+03
8.949000000000000000e+03 9.375000000000000000e+03
8.714000000000000000e+03 9.480000000000000000e+03
8.224000000000000000e+03 9.754000000000000000e+03
8.281000000000000000e+03 9.732000000000000000e+03
8.297000000000000000e+03 9.715000000000000000e+03
8.448000000000000000e+03 9.627000000000000000e+03
8.402000000000000000e+03 9.646000000000000000e+03
8.380000000000000000e+03 9.650000000000000000e+03
8.359000000000000000e+03 9.664000000000000000e+03
8.254000000000000000e+03 9.737000000000000000e+03
8.311000000000000000e+03 9.697000000000000000e+03
8.441000000000000000e+03 9.631000000000000000e+03
8.487000000000000000e+03 9.609000000000000000e+03
8.423000000000000000e+03 9.636000000000000000e+03
8.317000000000000000e+03 9.673000000000000000e+03
8.764000000000000000e+03 9.430000000000000000e+03
8.595000000000000000e+03 9.563000000000000000e+03
8.550000000000000000e+03 9.608000000000000000e+03
8.605000000000000000e+03 9.512000000000000000e+03
9.036000000000000000e+03 9.283000000000000000e+03
8.940000000000000000e+03 9.404000000000000000e+03
9.321000000000000000e+03 8.905000000000000000e+03
9.006000000000000000e+03 9.328000000000000000e+03
9.254000000000000000e+03 9.128000000000000000e+03
8.977000000000000000e+03 9.338000000000000000e+03
9.161000000000000000e+03 9.193000000000000000e+03
9.116000000000000000e+03 9.220000000000000000e+03
9.058000000000000000e+03 9.266000000000000000e+03
9.160000000000000000e+03 9.197000000000000000e+03
9.230000000000000000e+03 9.131000000000000000e+03
9.077000000000000000e+03 9.247000000000000000e+03
9.280000000000000000e+03 9.003000000000000000e+03
8.958000000000000000e+03 9.340000000000000000e+03
9.278000000000000000e+03 9.056000000000000000e+03
9.169000000000000000e+03 9.178000000000000000e+03
9.163000000000000000e+03 9.191000000000000000e+03
9.044000000000000000e+03 9.267000000000000000e+03
9.193000000000000000e+03 9.161000000000000000e+03
9.107000000000000000e+03 9.221000000000000000e+03
9.153000000000000000e+03 9.207000000000000000e+03
9.199000000000000000e+03 9.148000000000000000e+03
9.029000000000000000e+03 9.298000000000000000e+03
9.133000000000000000e+03 9.217000000000000000e+03
9.265000000000000000e+03 9.094000000000000000e+03
9.176000000000000000e+03 9.174000000000000000e+03
9.222000000000000000e+03 9.132000000000000000e+03
9.217000000000000000e+03 9.144000000000000000e+03
9.327000000000000000e+03 8.893000000000000000e+03
9.219000000000000000e+03 9.142000000000000000e+03
9.308000000000000000e+03 8.983000000000000000e+03
9.328000000000000000e+03 8.871000000000000000e+03
9.279000000000000000e+03 9.039000000000000000e+03
9.197000000000000000e+03 9.154000000000000000e+03
9.192000000000000000e+03 9.171000000000000000e+03
9.196000000000000000e+03 9.160000000000000000e+03
8.591000000000000000e+03 9.503000000000000000e+03
8.327000000000000000e+03 9.559000000000000000e+03
8.590000000000000000e+03 9.525000000000000000e+03
8.668000000000000000e+03 9.501000000000000000e+03
8.742000000000000000e+03 9.488000000000000000e+03
8.642000000000000000e+03 9.502000000000000000e+03
8.556000000000000000e+03 9.556000000000000000e+03
9.035000000000000000e+03 9.232000000000000000e+03
8.879000000000000000e+03 9.433000000000000000e+03
8.987000000000000000e+03 9.296000000000000000e+03
8.831000000000000000e+03 9.477000000000000000e+03
9.083000000000000000e+03 9.193000000000000000e+03
8.881000000000000000e+03 9.404000000000000000e+03
8.889000000000000000e+03 9.358000000000000000e+03
8.951000000000000000e+03 9.350000000000000000e+03
9.011000000000000000e+03 9.295000000000000000e+03
9.095000000000000000e+03 9.128000000000000000e+03
8.954000000000000000e+03 9.334000000000000000e+03
8.961000000000000000e+03 9.327000000000000000e+03
8.973000000000000000e+03 9.309000000000000000e+03
9.113000000000000000e+03 9.117000000000000000e+03
9.323000000000000000e+03 8.972000000000000000e+03
9.349000000000000000e+03 8.942000000000000000e+03
9.382000000000000000e+03 8.873000000000000000e+03
9.269000000000000000e+03 8.991000000000000000e+03
9.403000000000000000e+03 8.813000000000000000e+03
9.248000000000000000e+03 9.001000000000000000e+03
9.408000000000000000e+03 8.745000000000000000e+03
9.425000000000000000e+03 8.664000000000000000e+03
9.159000000000000000e+03 9.061000000000000000e+03
9.244000000000000000e+03 9.009000000000000000e+03
9.377000000000000000e+03 8.913000000000000000e+03
9.218000000000000000e+03 9.030000000000000000e+03
8.134000000000000000e+03 9.530000000000000000e+03
8.265000000000000000e+03 9.508000000000000000e+03
8.238000000000000000e+03 9.516000000000000000e+03
8.532000000000000000e+03 9.422000000000000000e+03
8.563000000000000000e+03 9.392000000000000000e+03
8.496000000000000000e+03 9.498000000000000000e+03
8.530000000000000000e+03 9.466000000000000000e+03
8.543000000000000000e+03 9.408000000000000000e+03
8.770000000000000000e+03 9.343000000000000000e+03
8.712000000000000000e+03 9.387000000000000000e+03
8.760000000000000000e+03 9.346000000000000000e+03
8.929000000000000000e+03 9.236000000000000000e+03
8.756000000000000000e+03 9.380000000000000000e+03
8.817000000000000000e+03 9.328000000000000000e+03
8.968000000000000000e+03 9.202000000000000000e+03
8.918000000000000000e+03 9.255000000000000000e+03
8.905000000000000000e+03 9.280000000000000000e+03
9.209000000000000000e+03 9.076000000000000000e+03
9.089000000000000000e+03 9.179000000000000000e+03
9.156000000000000000e+03 9.129000000000000000e+03
9.138000000000000000e+03 9.144000000000000000e+03
9.204000000000000000e+03 9.111000000000000000e+03
9.130000000000000000e+03 9.149000000000000000e+03
9.182000000000000000e+03 9.125000000000000000e+03
9.255000000000000000e+03 9.004000000000000000e+03
9.382000000000000000e+03 8.668000000000000000e+03
9.340000000000000000e+03 8.827000000000000000e+03
9.268000000000000000e+03 8.980000000000000000e+03
9.063000000000000000e+03 9.188000000000000000e+03
9.345000000000000000e+03 8.823000000000000000e+03
9.208000000000000000e+03 9.093000000000000000e+03
9.304000000000000000e+03 8.915000000000000000e+03
9.365000000000000000e+03 8.763000000000000000e+03
9.271000000000000000e+03 8.949000000000000000e+03
9.410000000000000000e+03 8.562000000000000000e+03
9.338000000000000000e+03 8.846000000000000000e+03
9.249000000000000000e+03 9.059000000000000000e+03
9.290000000000000000e+03 8.936000000000000000e+03
9.404000000000000000e+03 8.667000000000000000e+03
9.378000000000000000e+03 8.714000000000000000e+03
9.212000000000000000e+03 9.074000000000000000e+03
8.447000000000000000e+03 9.522000000000000000e+03
8.659000000000000000e+03 9.499000000000000000e+03
8.536000000000000000e+03 9.500000000000000000e+03
8.765000000000000000e+03 9.457000000000000000e+03
8.714000000000000000e+03 9.498000000000000000e+03
8.752000000000000000e+03 9.465000000000000000e+03
8.827000000000000000e+03 9.396000000000000000e+03
8.840000000000000000e+03 9.370000000000000000e+03
8.842000000000000000e+03 9.369000000000000000e+03
9.157000000000000000e+03 9.231000000000000000e+03
8.963000000000000000e+03 9.348000000000000000e+03
8.820000000000000000e+03 9.414000000000000000e+03
9.259000000000000000e+03 9.086000000000000000e+03
9.272000000000000000e+03 8.911000000000000000e+03
8.774000000000000000e+03 9.448000000000000000e+03
8.906000000000000000e+03 9.360000000000000000e+03
8.817000000000000000e+03 9.432000000000000000e+03
9.164000000000000000e+03 9.153000000000000000e+03
9.262000000000000000e+03 9.078000000000000000e+03
9.304000000000000000e+03 8.863000000000000000e+03
8.953000000000000000e+03 9.350000000000000000e+03
9.241000000000000000e+03 9.142000000000000000e+03
9.043000000000000000e+03 9.330000000000000000e+03
8.884000000000000000e+03 9.365000000000000000e+03
9.101000000000000000e+03 9.249000000000000000e+03
9.282000000000000000e+03 8.879000000000000000e+03
9.270000000000000000e+03 8.948000000000000000e+03
8.422000000000000000e+03 9.512000000000000000e+03
8.656000000000000000e+03 9.447000000000000000e+03
8.943000000000000000e+03 9.303000000000000000e+03
8.768000000000000000e+03 9.440000000000000000e+03
8.418000000000000000e+03 9.528000000000000000e+03
8.245000000000000000e+03 9.608000000000000000e+03
8.431000000000000000e+03 9.511000000000000000e+03
8.342000000000000000e+03 9.589000000000000000e+03
8.218000000000000000e+03 9.629000000000000000e+03
8.474000000000000000e+03 9.507000000000000000e+03
8.283000000000000000e+03 9.598000000000000000e+03
8.813000000000000000e+03 9.372000000000000000e+03
8.776000000000000000e+03 9.387000000000000000e+03
8.377000000000000000e+03 9.561000000000000000e+03
8.667000000000000000e+03 9.441000000000000000e+03
8.946000000000000000e+03 9.282000000000000000e+03
8.607000000000000000e+03 9.497000000000000000e+03
8.653000000000000000e+03 9.475000000000000000e+03
8.398000000000000000e+03 9.559000000000000000e+03
8.848000000000000000e+03 9.343000000000000000e+03
8.956000000000000000e+03 9.249000000000000000e+03
8.997000000000000000e+03 9.241000000000000000e+03
8.908000000000000000e+03 9.312000000000000000e+03
9.029000000000000000e+03 9.189000000000000000e+03
9.252000000000000000e+03 8.945000000000000000e+03
9.195000000000000000e+03 9.012000000000000000e+03
9.243000000000000000e+03 9.005000000000000000e+03
9.167000000000000000e+03 9.031000000000000000e+03
9.228000000000000000e+03 9.008000000000000000e+03
9.249000000000000000e+03 8.947000000000000000e+03
9.277000000000000000e+03 8.937000000000000000e+03
9.096000000000000000e+03 9.131000000000000000e+03
9.137000000000000000e+03 9.113000000000000000e+03
9.069000000000000000e+03 9.147000000000000000e+03
9.305000000000000000e+03 8.911000000000000000e+03
9.315000000000000000e+03 8.884000000000000000e+03
9.325000000000000000e+03 8.866000000000000000e+03
9.446000000000000000e+03 8.758000000000000000e+03
9.454000000000000000e+03 8.739000000000000000e+03
9.415000000000000000e+03 8.864000000000000000e+03
9.429000000000000000e+03 8.793000000000000000e+03
9.508000000000000000e+03 8.701000000000000000e+03
9.140000000000000000e+03 9.055000000000000000e+03
9.295000000000000000e+03 8.932000000000000000e+03
8.861000000000000000e+03 9.376000000000000000e+03
8.906000000000000000e+03 9.353000000000000000e+03
9.100000000000000000e+03 9.197000000000000000e+03
8.895000000000000000e+03 9.354000000000000000e+03
8.872000000000000000e+03 9.373000000000000000e+03
8.821000000000000000e+03 9.412000000000000000e+03
8.882000000000000000e+03 9.366000000000000000e+03
9.108000000000000000e+03 9.190000000000000000e+03
8.885000000000000000e+03 9.359000000000000000e+03
8.879000000000000000e+03 9.371000000000000000e+03
8.949000000000000000e+03 9.346000000000000000e+03
9.003000000000000000e+03 9.330000000000000000e+03
9.200000000000000000e+03 9.122000000000000000e+03
9.169000000000000000e+03 9.137000000000000000e+03
9.130000000000000000e+03 9.181000000000000000e+03
9.161000000000000000e+03 9.145000000000000000e+03
9.201000000000000000e+03 9.083000000000000000e+03
9.038000000000000000e+03 9.308000000000000000e+03
9.126000000000000000e+03 9.183000000000000000e+03
9.274000000000000000e+03 9.018000000000000000e+03
9.336000000000000000e+03 8.955000000000000000e+03
9.327000000000000000e+03 8.977000000000000000e+03
9.344000000000000000e+03 8.838000000000000000e+03
9.319000000000000000e+03 9.017000000000000000e+03
9.221000000000000000e+03 9.075000000000000000e+03
9.263000000000000000e+03 9.060000000000000000e+03
9.092000000000000000e+03 9.274000000000000000e+03
9.094000000000000000e+03 9.238000000000000000e+03
9.173000000000000000e+03 9.123000000000000000e+03
8.541000000000000000e+03 9.575000000000000000e+03
8.896000000000000000e+03 9.387000000000000000e+03
8.949000000000000000e+03 9.338000000000000000e+03
8.616000000000000000e+03 9.540000000000000000e+03
8.677000000000000000e+03 9.537000000000000000e+03
8.695000000000000000e+03 9.522000000000000000e+03
8.862000000000000000e+03 9.412000000000000000e+03
8.831000000000000000e+03 9.477000000000000000e+03
8.968000000000000000e+03 9.330000000000000000e+03
9.062000000000000000e+03 9.292000000000000000e+03
9.064000000000000000e+03 9.247000000000000000e+03
9.103000000000000000e+03 9.243000000000000000e+03
9.060000000000000000e+03 9.310000000000000000e+03
9.001000000000000000e+03 9.316000000000000000e+03
9.254000000000000000e+03 9.097000000000000000e+03
9.157000000000000000e+03 9.182000000000000000e+03
9.127000000000000000e+03 9.224000000000000000e+03
9.163000000000000000e+03 9.172000000000000000e+03
9.218000000000000000e+03 9.162000000000000000e+03
9.221000000000000000e+03 9.123000000000000000e+03
9.266000000000000000e+03 9.028000000000000000e+03
9.258000000000000000e+03 9.083000000000000000e+03
9.335000000000000000e+03 8.930000000000000000e+03
9.318000000000000000e+03 8.934000000000000000e+03
9.388000000000000000e+03 8.783000000000000000e+03
9.306000000000000000e+03 8.953000000000000000e+03
9.198000000000000000e+03 9.168000000000000000e+03
9.152000000000000000e+03 9.204000000000000000e+03
9.354000000000000000e+03 8.839000000000000000e+03
9.289000000000000000e+03 9.026000000000000000e+03
9.409000000000000000e+03 8.778000000000000000e+03
9.299000000000000000e+03 8.986000000000000000e+03
9.373000000000000000e+03 8.802000000000000000e+03
