7.231000000000000000e+03 1.009800000000000000e+04
7.368000000000000000e+03 1.009500000000000000e+04
7.425000000000000000e+03 1.009100000000000000e+04
7.434000000000000000e+03 1.008900000000000000e+04
7.534000000000000000e+03 1.008500000000000000e+04
7.539000000000000000e+03 1.008100000000000000e+04
7.545000000000000000e+03 1.007200000000000000e+04
7.549000000000000000e+03 1.007200000000000000e+04
7.569000000000000000e+03 1.007100000000000000e+04
7.585000000000000000e+03 1.007100000000000000e+04
7.609000000000000000e+03 1.007000000000000000e+04
7.634000000000000000e+03 1.006600000000000000e+04
7.657000000000000000e+03 1.006400000000000000e+04
7.688000000000000000e+03 1.005900000000000000e+04
7.691000000000000000e+03 1.005600000000000000e+04
7.702000000000000000e+03 1.005600000000000000e+04
7.735000000000000000e+03 1.005400000000000000e+04
7.738000000000000000e+03 1.005200000000000000e+04
7.762000000000000000e+03 1.005000000000000000e+04
7.804000000000000000e+03 1.004900000000000000e+04
7.812000000000000000e+03 1.004600000000000000e+04
7.846000000000000000e+03 1.004300000000000000e+04
7.856000000000000000e+03 1.004300000000000000e+04
7.887000000000000000e+03 1.004200000000000000e+04
7.903000000000000000e+03 1.002800000000000000e+04
7.910000000000000000e+03 1.002600000000000000e+04
7.916000000000000000e+03 1.002100000000000000e+04
7.945000000000000000e+03 1.002100000000000000e+04
7.959000000000000000e+03 1.001900000000000000e+04
7.988000000000000000e+03 1.001800000000000000e+04
8.009000000000000000e+03 1.000700000000000000e+04
8.037000000000000000e+03 1.000200000000000000e+04
8.038000000000000000e+03 1.000100000000000000e+04
8.072000000000000000e+03 1.000000000000000000e+04
8.099000000000000000e+03 9.991000000000000000e+03
8.113000000000000000e+03 9.989000000000000000e+03
8.128000000000000000e+03 9.985000000000000000e+03
8.134000000000000000e+03 9.982000000000000000e+03
8.160000000000000000e+03 9.978000000000000000e+03
8.188000000000000000e+03 9.976000000000000000e+03
8.190000000000000000e+03 9.967000000000000000e+03
8.201000000000000000e+03 9.967000000000000000e+03
8.205000000000000000e+03 9.959000000000000000e+03
8.228000000000000000e+03 9.956000000000000000e+03
8.234000000000000000e+03 9.955000000000000000e+03
8.242000000000000000e+03 9.950000000000000000e+03
8.288000000000000000e+03 9.946000000000000000e+03
8.293000000000000000e+03 9.944000000000000000e+03
8.322000000000000000e+03 9.938000000000000000e+03
8.332000000000000000e+03 9.921000000000000000e+03
8.332000000000000000e+03 9.929000000000000000e+03
8.349000000000000000e+03 9.920000000000000000e+03
8.366000000000000000e+03 9.920000000000000000e+03
8.375000000000000000e+03 9.919000000000000000e+03
8.383000000000000000e+03 9.913000000000000000e+03
8.392000000000000000e+03 9.900000000000000000e+03
8.404000000000000000e+03 9.899000000000000000e+03
8.411000000000000000e+03 9.896000000000000000e+03
8.414000000000000000e+03 9.894000000000000000e+03
8.429000000000000000e+03 9.893000000000000000e+03
8.432000000000000000e+03 9.893000000000000000e+03
8.464000000000000000e+03 9.884000000000000000e+03
8.473000000000000000e+03 9.870000000000000000e+03
8.474000000000000000e+03 9.869000000000000000e+03
8.474000000000000000e+03 9.870000000000000000e+03
8.511000000000000000e+03 9.867000000000000000e+03
8.512000000000000000e+03 9.849000000000000000e+03
8.518000000000000000e+03 9.849000000000000000e+03
8.524000000000000000e+03 9.849000000000000000e+03
8.529000000000000000e+03 9.847000000000000000e+03
8.533000000000000000e+03 9.846000000000000000e+03
8.541000000000000000e+03 9.844000000000000000e+03
8.552000000000000000e+03 9.841000000000000000e+03
8.554000000000000000e+03 9.836000000000000000e+03
8.560000000000000000e+03 9.831000000000000000e+03
8.565000000000000000e+03 9.827000000000000000e+03
8.565000000000000000e+03 9.831000000000000000e+03
8.566000000000000000e+03 9.827000000000000000e+03
8.569000000000000000e+03 9.826000000000000000e+03
8.573000000000000000e+03 9.826000000000000000e+03
8.591000000000000000e+03 9.823000000000000000e+03
8.599000000000000000e+03 9.815000000000000000e+03
8.603000000000000000e+03 9.815000000000000000e+03
8.607000000000000000e+03 9.809000000000000000e+03
8.607000000000000000e+03 9.812000000000000000e+03
8.608000000000000000e+03 9.809000000000000000e+03
8.616000000000000000e+03 9.806000000000000000e+03
8.624000000000000000e+03 9.805000000000000000e+03
8.625000000000000000e+03 9.804000000000000000e+03
8.633000000000000000e+03 9.800000000000000000e+03
8.643000000000000000e+03 9.799000000000000000e+03
8.651000000000000000e+03 9.793000000000000000e+03
8.668000000000000000e+03 9.789000000000000000e+03
8.677000000000000000e+03 9.788000000000000000e+03
8.684000000000000000e+03 9.783000000000000000e+03
8.686000000000000000e+03 9.771000000000000000e+03
8.690000000000000000e+03 9.768000000000000000e+03
8.706000000000000000e+03 9.768000000000000000e+03
8.709000000000000000e+03 9.759000000000000000e+03
8.712000000000000000e+03 9.758000000000000000e+03
8.726000000000000000e+03 9.755000000000000000e+03
8.734000000000000000e+03 9.748000000000000000e+03
8.735000000000000000e+03 9.743000000000000000e+03
8.750000000000000000e+03 9.740000000000000000e+03
8.759000000000000000e+03 9.737000000000000000e+03
8.765000000000000000e+03 9.731000000000000000e+03
8.768000000000000000e+03 9.731000000000000000e+03
8.775000000000000000e+03 9.722000000000000000e+03
8.797000000000000000e+03 9.715000000000000000e+03
8.800000000000000000e+03 9.707000000000000000e+03
8.811000000000000000e+03 9.706000000000000000e+03
8.813000000000000000e+03 9.704000000000000000e+03
8.822000000000000000e+03 9.690000000000000000e+03
8.823000000000000000e+03 9.688000000000000000e+03
8.827000000000000000e+03 9.687000000000000000e+03
8.831000000000000000e+03 9.685000000000000000e+03
8.832000000000000000e+03 9.683000000000000000e+03
8.837000000000000000e+03 9.678000000000000000e+03
8.840000000000000000e+03 9.678000000000000000e+03
8.841000000000000000e+03 9.674000000000000000e+03
8.841000000000000000e+03 9.676000000000000000e+03
8.850000000000000000e+03 9.670000000000000000e+03
8.867000000000000000e+03 9.668000000000000000e+03
8.871000000000000000e+03 9.658000000000000000e+03
8.880000000000000000e+03 9.652000000000000000e+03
8.883000000000000000e+03 9.649000000000000000e+03
8.898000000000000000e+03 9.647000000000000000e+03
8.904000000000000000e+03 9.641000000000000000e+03
8.913000000000000000e+03 9.637000000000000000e+03
8.914000000000000000e+03 9.631000000000000000e+03
8.920000000000000000e+03 9.629000000000000000e+03
8.924000000000000000e+03 9.621000000000000000e+03
8.937000000000000000e+03 9.619000000000000000e+03
8.948000000000000000e+03 9.607000000000000000e+03
8.949000000000000000e+03 9.601000000000000000e+03
8.950000000000000000e+03 9.599000000000000000e+03
8.959000000000000000e+03 9.595000000000000000e+03
8.960000000000000000e+03 9.594000000000000000e+03
8.964000000000000000e+03 9.594000000000000000e+03
8.967000000000000000e+03 9.588000000000000000e+03
8.968000000000000000e+03 9.586000000000000000e+03
8.972000000000000000e+03 9.583000000000000000e+03
8.977000000000000000e+03 9.582000000000000000e+03
8.986000000000000000e+03 9.571000000000000000e+03
8.986000000000000000e+03 9.572000000000000000e+03
8.986000000000000000e+03 9.582000000000000000e+03
8.994000000000000000e+03 9.569000000000000000e+03
8.994000000000000000e+03 9.570000000000000000e+03
8.999000000000000000e+03 9.560000000000000000e+03
9.002000000000000000e+03 9.555000000000000000e+03
9.004000000000000000e+03 9.555000000000000000e+03
9.016000000000000000e+03 9.554000000000000000e+03
9.017000000000000000e+03 9.550000000000000000e+03
9.019000000000000000e+03 9.550000000000000000e+03
9.027000000000000000e+03 9.547000000000000000e+03
9.027000000000000000e+03 9.550000000000000000e+03
9.038000000000000000e+03 9.547000000000000000e+03
9.039000000000000000e+03 9.536000000000000000e+03
9.041000000000000000e+03 9.532000000000000000e+03
9.041000000000000000e+03 9.535000000000000000e+03
9.047000000000000000e+03 9.532000000000000000e+03
9.056000000000000000e+03 9.522000000000000000e+03
9.056000000000000000e+03 9.524000000000000000e+03
9.057000000000000000e+03 9.517000000000000000e+03
9.061000000000000000e+03 9.517000000000000000e+03
9.073000000000000000e+03 9.516000000000000000e+03
9.079000000000000000e+03 9.500000000000000000e+03
9.079000000000000000e+03 9.512000000000000000e+03
9.089000000000000000e+03 9.499000000000000000e+03
9.092000000000000000e+03 9.499000000000000000e+03
9.104000000000000000e+03 9.476000000000000000e+03
9.104000000000000000e+03 9.478000000000000000e+03
9.104000000000000000e+03 9.487000000000000000e+03
9.109000000000000000e+03 9.476000000000000000e+03
9.114000000000000000e+03 9.474000000000000000e+03
9.117000000000000000e+03 9.471000000000000000e+03
9.120000000000000000e+03 9.470000000000000000e+03
9.122000000000000000e+03 9.459000000000000000e+03
9.122000000000000000e+03 9.468000000000000000e+03
9.123000000000000000e+03 9.458000000000000000e+03
9.125000000000000000e+03 9.454000000000000000e+03
9.129000000000000000e+03 9.454000000000000000e+03
9.131000000000000000e+03 9.451000000000000000e+03
9.132000000000000000e+03 9.447000000000000000e+03
9.132000000000000000e+03 9.448000000000000000e+03
9.132000000000000000e+03 9.449000000000000000e+03
9.132000000000000000e+03 9.451000000000000000e+03
9.144000000000000000e+03 9.439000000000000000e+03
9.144000000000000000e+03 9.447000000000000000e+03
9.145000000000000000e+03 9.433000000000000000e+03
9.149000000000000000e+03 9.431000000000000000e+03
9.154000000000000000e+03 9.428000000000000000e+03
9.155000000000000000e+03 9.417000000000000000e+03
9.155000000000000000e+03 9.427000000000000000e+03
9.155000000000000000e+03 9.428000000000000000e+03
9.156000000000000000e+03 9.416000000000000000e+03
9.159000000000000000e+03 9.416000000000000000e+03
9.169000000000000000e+03 9.415000000000000000e+03
9.173000000000000000e+03 9.414000000000000000e+03
9.180000000000000000e+03 9.408000000000000000e+03
9.188000000000000000e+03 9.402000000000000000e+03
9.198000000000000000e+03 9.389000000000000000e+03
9.200000000000000000e+03 9.384000000000000000e+03
9.206000000000000000e+03 9.369000000000000000e+03
9.206000000000000000e+03 9.374000000000000000e+03
9.206000000000000000e+03 9.375000000000000000e+03
9.211000000000000000e+03 9.368000000000000000e+03
9.212000000000000000e+03 9.363000000000000000e+03
9.222000000000000000e+03 9.360000000000000000e+03
9.224000000000000000e+03 9.359000000000000000e+03
9.227000000000000000e+03 9.355000000000000000e+03
9.228000000000000000e+03 9.353000000000000000e+03
9.229000000000000000e+03 9.342000000000000000e+03
9.229000000000000000e+03 9.345000000000000000e+03
9.233000000000000000e+03 9.338000000000000000e+03
9.235000000000000000e+03 9.337000000000000000e+03
9.237000000000000000e+03 9.337000000000000000e+03
9.240000000000000000e+03 9.335000000000000000e+03
9.248000000000000000e+03 9.332000000000000000e+03
9.250000000000000000e+03 9.325000000000000000e+03
9.251000000000000000e+03 9.321000000000000000e+03
9.252000000000000000e+03 9.318000000000000000e+03
9.261000000000000000e+03 9.310000000000000000e+03
9.261000000000000000e+03 9.318000000000000000e+03
9.267000000000000000e+03 9.309000000000000000e+03
9.272000000000000000e+03 9.301000000000000000e+03
9.278000000000000000e+03 9.299000000000000000e+03
9.288000000000000000e+03 9.284000000000000000e+03
9.288000000000000000e+03 9.297000000000000000e+03
9.290000000000000000e+03 9.276000000000000000e+03
9.290000000000000000e+03 9.280000000000000000e+03
9.307000000000000000e+03 9.275000000000000000e+03
9.312000000000000000e+03 9.268000000000000000e+03
9.314000000000000000e+03 9.265000000000000000e+03
9.320000000000000000e+03 9.263000000000000000e+03
9.328000000000000000e+03 9.256000000000000000e+03
9.334000000000000000e+03 9.241000000000000000e+03
9.335000000000000000e+03 9.222000000000000000e+03
9.335000000000000000e+03 9.227000000000000000e+03
9.335000000000000000e+03 9.238000000000000000e+03
9.339000000000000000e+03 9.220000000000000000e+03
9.341000000000000000e+03 9.217000000000000000e+03
9.342000000000000000e+03 9.216000000000000000e+03
9.349000000000000000e+03 9.216000000000000000e+03
9.353000000000000000e+03 9.208000000000000000e+03
9.353000000000000000e+03 9.215000000000000000e+03
9.356000000000000000e+03 9.208000000000000000e+03
9.357000000000000000e+03 9.208000000000000000e+03
9.372000000000000000e+03 9.206000000000000000e+03
9.375000000000000000e+03 9.194000000000000000e+03
9.382000000000000000e+03 9.178000000000000000e+03
9.382000000000000000e+03 9.193000000000000000e+03
9.384000000000000000e+03 9.176000000000000000e+03
9.387000000000000000e+03 9.175000000000000000e+03
9.392000000000000000e+03 9.174000000000000000e+03
9.399000000000000000e+03 9.172000000000000000e+03
9.406000000000000000e+03 9.150000000000000000e+03
9.409000000000000000e+03 9.149000000000000000e+03
9.416000000000000000e+03 9.140000000000000000e+03
9.416000000000000000e+03 9.142000000000000000e+03
9.416000000000000000e+03 9.146000000000000000e+03
9.425000000000000000e+03 9.126000000000000000e+03
9.425000000000000000e+03 9.130000000000000000e+03
9.429000000000000000e+03 9.126000000000000000e+03
9.433000000000000000e+03 9.114000000000000000e+03
9.444000000000000000e+03 9.111000000000000000e+03
9.456000000000000000e+03 9.096000000000000000e+03
9.460000000000000000e+03 9.082000000000000000e+03
9.466000000000000000e+03 9.076000000000000000e+03
9.467000000000000000e+03 9.061000000000000000e+03
9.468000000000000000e+03 9.057000000000000000e+03
9.478000000000000000e+03 9.057000000000000000e+03
9.479000000000000000e+03 9.048000000000000000e+03
9.482000000000000000e+03 9.047000000000000000e+03
9.484000000000000000e+03 9.040000000000000000e+03
9.488000000000000000e+03 9.033000000000000000e+03
9.491000000000000000e+03 9.029000000000000000e+03
9.494000000000000000e+03 9.025000000000000000e+03
9.494000000000000000e+03 9.029000000000000000e+03
9.495000000000000000e+03 9.018000000000000000e+03
9.496000000000000000e+03 9.016000000000000000e+03
9.496000000000000000e+03 9.018000000000000000e+03
9.502000000000000000e+03 9.014000000000000000e+03
9.506000000000000000e+03 9.003000000000000000e+03
9.516000000000000000e+03 8.997000000000000000e+03
9.518000000000000000e+03 8.996000000000000000e+03
9.523000000000000000e+03 8.992000000000000000e+03
9.529000000000000000e+03 8.983000000000000000e+03
9.531000000000000000e+03 8.972000000000000000e+03
9.535000000000000000e+03 8.961000000000000000e+03
9.535000000000000000e+03 8.962000000000000000e+03
9.544000000000000000e+03 8.959000000000000000e+03
9.545000000000000000e+03 8.951000000000000000e+03
9.546000000000000000e+03 8.939000000000000000e+03
9.546000000000000000e+03 8.945000000000000000e+03
9.553000000000000000e+03 8.937000000000000000e+03
9.559000000000000000e+03 8.932000000000000000e+03
9.564000000000000000e+03 8.921000000000000000e+03
9.565000000000000000e+03 8.915000000000000000e+03
9.566000000000000000e+03 8.901000000000000000e+03
9.566000000000000000e+03 8.903000000000000000e+03
9.568000000000000000e+03 8.898000000000000000e+03
9.572000000000000000e+03 8.897000000000000000e+03
9.573000000000000000e+03 8.895000000000000000e+03
9.574000000000000000e+03 8.894000000000000000e+03
9.574000000000000000e+03 8.895000000000000000e+03
9.576000000000000000e+03 8.891000000000000000e+03
9.576000000000000000e+03 8.893000000000000000e+03
9.577000000000000000e+03 8.891000000000000000e+03
9.582000000000000000e+03 8.884000000000000000e+03
9.583000000000000000e+03 8.879000000000000000e+03
9.589000000000000000e+03 8.876000000000000000e+03
9.590000000000000000e+03 8.872000000000000000e+03
9.592000000000000000e+03 8.871000000000000000e+03
9.595000000000000000e+03 8.861000000000000000e+03
9.595000000000000000e+03 8.863000000000000000e+03
9.597000000000000000e+03 8.861000000000000000e+03
9.599000000000000000e+03 8.853000000000000000e+03
9.603000000000000000e+03 8.843000000000000000e+03
9.603000000000000000e+03 8.853000000000000000e+03
9.606000000000000000e+03 8.840000000000000000e+03
9.609000000000000000e+03 8.833000000000000000e+03
9.609000000000000000e+03 8.840000000000000000e+03
9.613000000000000000e+03 8.829000000000000000e+03
9.616000000000000000e+03 8.813000000000000000e+03
9.616000000000000000e+03 8.814000000000000000e+03
9.616000000000000000e+03 8.827000000000000000e+03
9.617000000000000000e+03 8.810000000000000000e+03
9.622000000000000000e+03 8.809000000000000000e+03
9.625000000000000000e+03 8.806000000000000000e+03
9.632000000000000000e+03 8.796000000000000000e+03
9.634000000000000000e+03 8.794000000000000000e+03
9.638000000000000000e+03 8.787000000000000000e+03
9.643000000000000000e+03 8.774000000000000000e+03
9.646000000000000000e+03 8.758000000000000000e+03
9.647000000000000000e+03 8.748000000000000000e+03
9.647000000000000000e+03 8.749000000000000000e+03
9.663000000000000000e+03 8.726000000000000000e+03
9.663000000000000000e+03 8.748000000000000000e+03
9.668000000000000000e+03 8.713000000000000000e+03
9.673000000000000000e+03 8.698000000000000000e+03
9.673000000000000000e+03 8.712000000000000000e+03
9.675000000000000000e+03 8.692000000000000000e+03
9.678000000000000000e+03 8.685000000000000000e+03
9.679000000000000000e+03 8.684000000000000000e+03
9.682000000000000000e+03 8.682000000000000000e+03
9.684000000000000000e+03 8.674000000000000000e+03
9.690000000000000000e+03 8.672000000000000000e+03
9.695000000000000000e+03 8.659000000000000000e+03
9.695000000000000000e+03 8.662000000000000000e+03
9.700000000000000000e+03 8.645000000000000000e+03
9.701000000000000000e+03 8.639000000000000000e+03
9.703000000000000000e+03 8.629000000000000000e+03
9.705000000000000000e+03 8.624000000000000000e+03
9.708000000000000000e+03 8.615000000000000000e+03
9.710000000000000000e+03 8.607000000000000000e+03
9.715000000000000000e+03 8.605000000000000000e+03
9.716000000000000000e+03 8.601000000000000000e+03
9.721000000000000000e+03 8.588000000000000000e+03
9.723000000000000000e+03 8.578000000000000000e+03
9.726000000000000000e+03 8.573000000000000000e+03
9.727000000000000000e+03 8.573000000000000000e+03
9.734000000000000000e+03 8.553000000000000000e+03
9.747000000000000000e+03 8.527000000000000000e+03
9.750000000000000000e+03 8.490000000000000000e+03
9.750000000000000000e+03 8.495000000000000000e+03
9.751000000000000000e+03 8.490000000000000000e+03
9.755000000000000000e+03 8.484000000000000000e+03
9.762000000000000000e+03 8.456000000000000000e+03
9.762000000000000000e+03 8.472000000000000000e+03
9.763000000000000000e+03 8.442000000000000000e+03
9.765000000000000000e+03 8.419000000000000000e+03
9.765000000000000000e+03 8.432000000000000000e+03
9.771000000000000000e+03 8.415000000000000000e+03
9.771000000000000000e+03 8.418000000000000000e+03
9.774000000000000000e+03 8.412000000000000000e+03
9.779000000000000000e+03 8.403000000000000000e+03
9.781000000000000000e+03 8.386000000000000000e+03
9.781000000000000000e+03 8.392000000000000000e+03
9.786000000000000000e+03 8.380000000000000000e+03
9.788000000000000000e+03 8.352000000000000000e+03
9.788000000000000000e+03 8.356000000000000000e+03
9.791000000000000000e+03 8.351000000000000000e+03
9.792000000000000000e+03 8.346000000000000000e+03
9.794000000000000000e+03 8.334000000000000000e+03
9.795000000000000000e+03 8.330000000000000000e+03
9.796000000000000000e+03 8.329000000000000000e+03
9.797000000000000000e+03 8.324000000000000000e+03
9.799000000000000000e+03 8.320000000000000000e+03
9.803000000000000000e+03 8.316000000000000000e+03
9.806000000000000000e+03 8.288000000000000000e+03
9.806000000000000000e+03 8.299000000000000000e+03
9.811000000000000000e+03 8.264000000000000000e+03
9.811000000000000000e+03 8.265000000000000000e+03
9.811000000000000000e+03 8.284000000000000000e+03
9.814000000000000000e+03 8.241000000000000000e+03
9.814000000000000000e+03 8.259000000000000000e+03
9.815000000000000000e+03 8.240000000000000000e+03
9.816000000000000000e+03 8.236000000000000000e+03
9.818000000000000000e+03 8.233000000000000000e+03
9.820000000000000000e+03 8.231000000000000000e+03
9.822000000000000000e+03 8.229000000000000000e+03
9.823000000000000000e+03 8.226000000000000000e+03
9.825000000000000000e+03 8.225000000000000000e+03
9.827000000000000000e+03 8.222000000000000000e+03
9.828000000000000000e+03 8.206000000000000000e+03
9.830000000000000000e+03 8.203000000000000000e+03
9.832000000000000000e+03 8.197000000000000000e+03
9.834000000000000000e+03 8.187000000000000000e+03
9.838000000000000000e+03 8.179000000000000000e+03
9.842000000000000000e+03 8.159000000000000000e+03
9.846000000000000000e+03 8.137000000000000000e+03
9.851000000000000000e+03 8.137000000000000000e+03
9.853000000000000000e+03 8.056000000000000000e+03
9.853000000000000000e+03 8.076000000000000000e+03
9.853000000000000000e+03 8.086000000000000000e+03
9.854000000000000000e+03 8.048000000000000000e+03
9.854000000000000000e+03 8.056000000000000000e+03
9.856000000000000000e+03 8.047000000000000000e+03
9.859000000000000000e+03 8.043000000000000000e+03
9.861000000000000000e+03 8.036000000000000000e+03
9.863000000000000000e+03 8.007000000000000000e+03
9.865000000000000000e+03 7.994000000000000000e+03
9.872000000000000000e+03 7.985000000000000000e+03
9.877000000000000000e+03 7.950000000000000000e+03
9.883000000000000000e+03 7.896000000000000000e+03
9.883000000000000000e+03 7.911000000000000000e+03
9.884000000000000000e+03 7.815000000000000000e+03
9.884000000000000000e+03 7.818000000000000000e+03
9.885000000000000000e+03 7.785000000000000000e+03
9.887000000000000000e+03 7.732000000000000000e+03
9.890000000000000000e+03 7.695000000000000000e+03
