7.231000000000000000e+03 1.009800000000000000e+04
7.246000000000000000e+03 1.009500000000000000e+04
7.368000000000000000e+03 1.009500000000000000e+04
7.400000000000000000e+03 1.009300000000000000e+04
7.404000000000000000e+03 1.009100000000000000e+04
7.425000000000000000e+03 1.009100000000000000e+04
7.434000000000000000e+03 1.008900000000000000e+04
7.447000000000000000e+03 1.008800000000000000e+04
7.459000000000000000e+03 1.008600000000000000e+04
7.589000000000000000e+03 1.008600000000000000e+04
7.620000000000000000e+03 1.007500000000000000e+04
7.642000000000000000e+03 1.007300000000000000e+04
7.671000000000000000e+03 1.007000000000000000e+04
7.704000000000000000e+03 1.006900000000000000e+04
7.775000000000000000e+03 1.006100000000000000e+04
7.796000000000000000e+03 1.005500000000000000e+04
7.820000000000000000e+03 1.005000000000000000e+04
7.840000000000000000e+03 1.004900000000000000e+04
7.846000000000000000e+03 1.004300000000000000e+04
7.846000000000000000e+03 1.004600000000000000e+04
7.856000000000000000e+03 1.004200000000000000e+04
7.856000000000000000e+03 1.004300000000000000e+04
7.887000000000000000e+03 1.004200000000000000e+04
7.897000000000000000e+03 1.004200000000000000e+04
7.904000000000000000e+03 1.003800000000000000e+04
7.905000000000000000e+03 1.003000000000000000e+04
7.918000000000000000e+03 1.003000000000000000e+04
7.924000000000000000e+03 1.002700000000000000e+04
7.935000000000000000e+03 1.002600000000000000e+04
7.963000000000000000e+03 1.002600000000000000e+04
7.977000000000000000e+03 1.001900000000000000e+04
7.979000000000000000e+03 1.001800000000000000e+04
7.988000000000000000e+03 1.001800000000000000e+04
7.989000000000000000e+03 1.001600000000000000e+04
7.990000000000000000e+03 1.001600000000000000e+04
7.995000000000000000e+03 1.001500000000000000e+04
7.997000000000000000e+03 1.001400000000000000e+04
8.007000000000000000e+03 1.001300000000000000e+04
8.030000000000000000e+03 1.001000000000000000e+04
8.065000000000000000e+03 1.000500000000000000e+04
8.067000000000000000e+03 1.000500000000000000e+04
8.094000000000000000e+03 1.000400000000000000e+04
8.096000000000000000e+03 9.999000000000000000e+03
8.099000000000000000e+03 9.991000000000000000e+03
8.099000000000000000e+03 9.996000000000000000e+03
8.107000000000000000e+03 9.990000000000000000e+03
8.113000000000000000e+03 9.989000000000000000e+03
8.119000000000000000e+03 9.988000000000000000e+03
8.124000000000000000e+03 9.987000000000000000e+03
8.128000000000000000e+03 9.985000000000000000e+03
8.131000000000000000e+03 9.985000000000000000e+03
8.136000000000000000e+03 9.985000000000000000e+03
8.137000000000000000e+03 9.984000000000000000e+03
8.138000000000000000e+03 9.984000000000000000e+03
8.139000000000000000e+03 9.984000000000000000e+03
8.175000000000000000e+03 9.984000000000000000e+03
8.182000000000000000e+03 9.979000000000000000e+03
8.188000000000000000e+03 9.976000000000000000e+03
8.198000000000000000e+03 9.970000000000000000e+03
8.201000000000000000e+03 9.965000000000000000e+03
8.201000000000000000e+03 9.967000000000000000e+03
8.253000000000000000e+03 9.963000000000000000e+03
8.257000000000000000e+03 9.952000000000000000e+03
8.260000000000000000e+03 9.949000000000000000e+03
8.262000000000000000e+03 9.949000000000000000e+03
8.265000000000000000e+03 9.946000000000000000e+03
8.282000000000000000e+03 9.946000000000000000e+03
8.288000000000000000e+03 9.946000000000000000e+03
8.293000000000000000e+03 9.944000000000000000e+03
8.296000000000000000e+03 9.940000000000000000e+03
8.307000000000000000e+03 9.939000000000000000e+03
8.322000000000000000e+03 9.938000000000000000e+03
8.323000000000000000e+03 9.936000000000000000e+03
8.332000000000000000e+03 9.929000000000000000e+03
8.333000000000000000e+03 9.926000000000000000e+03
8.345000000000000000e+03 9.925000000000000000e+03
8.349000000000000000e+03 9.920000000000000000e+03
8.365000000000000000e+03 9.920000000000000000e+03
8.366000000000000000e+03 9.920000000000000000e+03
8.375000000000000000e+03 9.915000000000000000e+03
8.375000000000000000e+03 9.919000000000000000e+03
8.383000000000000000e+03 9.908000000000000000e+03
8.383000000000000000e+03 9.913000000000000000e+03
8.396000000000000000e+03 9.906000000000000000e+03
8.407000000000000000e+03 9.904000000000000000e+03
8.409000000000000000e+03 9.903000000000000000e+03
8.411000000000000000e+03 9.902000000000000000e+03
8.417000000000000000e+03 9.897000000000000000e+03
8.446000000000000000e+03 9.896000000000000000e+03
8.446000000000000000e+03 9.897000000000000000e+03
8.456000000000000000e+03 9.884000000000000000e+03
8.464000000000000000e+03 9.884000000000000000e+03
8.473000000000000000e+03 9.880000000000000000e+03
8.473000000000000000e+03 9.881000000000000000e+03
8.474000000000000000e+03 9.878000000000000000e+03
8.484000000000000000e+03 9.875000000000000000e+03
8.488000000000000000e+03 9.868000000000000000e+03
8.511000000000000000e+03 9.867000000000000000e+03
8.520000000000000000e+03 9.860000000000000000e+03
8.523000000000000000e+03 9.857000000000000000e+03
8.523000000000000000e+03 9.860000000000000000e+03
8.527000000000000000e+03 9.853000000000000000e+03
8.530000000000000000e+03 9.851000000000000000e+03
8.543000000000000000e+03 9.845000000000000000e+03
8.543000000000000000e+03 9.851000000000000000e+03
8.550000000000000000e+03 9.843000000000000000e+03
8.553000000000000000e+03 9.842000000000000000e+03
8.557000000000000000e+03 9.840000000000000000e+03
8.558000000000000000e+03 9.838000000000000000e+03
8.562000000000000000e+03 9.833000000000000000e+03
8.564000000000000000e+03 9.831000000000000000e+03
8.565000000000000000e+03 9.831000000000000000e+03
8.575000000000000000e+03 9.831000000000000000e+03
8.581000000000000000e+03 9.826000000000000000e+03
8.581000000000000000e+03 9.830000000000000000e+03
8.591000000000000000e+03 9.823000000000000000e+03
8.596000000000000000e+03 9.819000000000000000e+03
8.600000000000000000e+03 9.818000000000000000e+03
8.601000000000000000e+03 9.817000000000000000e+03
8.603000000000000000e+03 9.815000000000000000e+03
8.606000000000000000e+03 9.814000000000000000e+03
8.608000000000000000e+03 9.814000000000000000e+03
8.618000000000000000e+03 9.813000000000000000e+03
8.632000000000000000e+03 9.810000000000000000e+03
8.663000000000000000e+03 9.803000000000000000e+03
8.668000000000000000e+03 9.789000000000000000e+03
8.677000000000000000e+03 9.788000000000000000e+03
8.692000000000000000e+03 9.784000000000000000e+03
8.693000000000000000e+03 9.775000000000000000e+03
8.694000000000000000e+03 9.773000000000000000e+03
8.695000000000000000e+03 9.772000000000000000e+03
8.706000000000000000e+03 9.768000000000000000e+03
8.712000000000000000e+03 9.765000000000000000e+03
8.712000000000000000e+03 9.767000000000000000e+03
8.717000000000000000e+03 9.761000000000000000e+03
8.724000000000000000e+03 9.761000000000000000e+03
8.726000000000000000e+03 9.755000000000000000e+03
8.729000000000000000e+03 9.750000000000000000e+03
8.744000000000000000e+03 9.749000000000000000e+03
8.748000000000000000e+03 9.742000000000000000e+03
8.749000000000000000e+03 9.742000000000000000e+03
8.750000000000000000e+03 9.740000000000000000e+03
8.752000000000000000e+03 9.738000000000000000e+03
8.758000000000000000e+03 9.737000000000000000e+03
8.759000000000000000e+03 9.733000000000000000e+03
8.759000000000000000e+03 9.737000000000000000e+03
8.765000000000000000e+03 9.731000000000000000e+03
8.765000000000000000e+03 9.732000000000000000e+03
8.768000000000000000e+03 9.731000000000000000e+03
8.773000000000000000e+03 9.731000000000000000e+03
8.776000000000000000e+03 9.722000000000000000e+03
8.776000000000000000e+03 9.723000000000000000e+03
8.787000000000000000e+03 9.722000000000000000e+03
8.799000000000000000e+03 9.716000000000000000e+03
8.808000000000000000e+03 9.714000000000000000e+03
8.811000000000000000e+03 9.706000000000000000e+03
8.813000000000000000e+03 9.704000000000000000e+03
8.818000000000000000e+03 9.704000000000000000e+03
8.819000000000000000e+03 9.702000000000000000e+03
8.820000000000000000e+03 9.695000000000000000e+03
8.820000000000000000e+03 9.700000000000000000e+03
8.823000000000000000e+03 9.695000000000000000e+03
8.830000000000000000e+03 9.690000000000000000e+03
8.837000000000000000e+03 9.690000000000000000e+03
8.839000000000000000e+03 9.683000000000000000e+03
8.839000000000000000e+03 9.689000000000000000e+03
8.849000000000000000e+03 9.680000000000000000e+03
8.858000000000000000e+03 9.678000000000000000e+03
8.865000000000000000e+03 9.674000000000000000e+03
8.867000000000000000e+03 9.668000000000000000e+03
8.876000000000000000e+03 9.664000000000000000e+03
8.877000000000000000e+03 9.658000000000000000e+03
8.893000000000000000e+03 9.647000000000000000e+03
8.893000000000000000e+03 9.658000000000000000e+03
8.898000000000000000e+03 9.647000000000000000e+03
8.925000000000000000e+03 9.647000000000000000e+03
8.926000000000000000e+03 9.636000000000000000e+03
8.936000000000000000e+03 9.625000000000000000e+03
8.938000000000000000e+03 9.623000000000000000e+03
8.941000000000000000e+03 9.619000000000000000e+03
8.956000000000000000e+03 9.616000000000000000e+03
8.959000000000000000e+03 9.600000000000000000e+03
8.963000000000000000e+03 9.600000000000000000e+03
8.971000000000000000e+03 9.597000000000000000e+03
8.978000000000000000e+03 9.594000000000000000e+03
8.994000000000000000e+03 9.586000000000000000e+03
8.999000000000000000e+03 9.574000000000000000e+03
8.999000000000000000e+03 9.584000000000000000e+03
9.016000000000000000e+03 9.572000000000000000e+03
9.019000000000000000e+03 9.558000000000000000e+03
9.023000000000000000e+03 9.558000000000000000e+03
9.027000000000000000e+03 9.550000000000000000e+03
9.029000000000000000e+03 9.548000000000000000e+03
9.029000000000000000e+03 9.549000000000000000e+03
9.038000000000000000e+03 9.547000000000000000e+03
9.040000000000000000e+03 9.543000000000000000e+03
9.041000000000000000e+03 9.541000000000000000e+03
9.054000000000000000e+03 9.538000000000000000e+03
9.057000000000000000e+03 9.527000000000000000e+03
9.057000000000000000e+03 9.528000000000000000e+03
9.057000000000000000e+03 9.530000000000000000e+03
9.059000000000000000e+03 9.527000000000000000e+03
9.065000000000000000e+03 9.524000000000000000e+03
9.068000000000000000e+03 9.518000000000000000e+03
9.073000000000000000e+03 9.516000000000000000e+03
9.079000000000000000e+03 9.512000000000000000e+03
9.091000000000000000e+03 9.509000000000000000e+03
9.094000000000000000e+03 9.500000000000000000e+03
9.102000000000000000e+03 9.491000000000000000e+03
9.104000000000000000e+03 9.487000000000000000e+03
9.106000000000000000e+03 9.481000000000000000e+03
9.109000000000000000e+03 9.476000000000000000e+03
9.118000000000000000e+03 9.476000000000000000e+03
9.119000000000000000e+03 9.473000000000000000e+03
9.120000000000000000e+03 9.470000000000000000e+03
9.120000000000000000e+03 9.472000000000000000e+03
9.122000000000000000e+03 9.468000000000000000e+03
9.129000000000000000e+03 9.460000000000000000e+03
9.136000000000000000e+03 9.447000000000000000e+03
9.136000000000000000e+03 9.459000000000000000e+03
9.140000000000000000e+03 9.447000000000000000e+03
9.141000000000000000e+03 9.447000000000000000e+03
9.144000000000000000e+03 9.443000000000000000e+03
9.144000000000000000e+03 9.447000000000000000e+03
9.149000000000000000e+03 9.443000000000000000e+03
9.151000000000000000e+03 9.442000000000000000e+03
9.154000000000000000e+03 9.436000000000000000e+03
9.162000000000000000e+03 9.431000000000000000e+03
9.164000000000000000e+03 9.427000000000000000e+03
9.172000000000000000e+03 9.424000000000000000e+03
9.174000000000000000e+03 9.423000000000000000e+03
9.175000000000000000e+03 9.420000000000000000e+03
9.180000000000000000e+03 9.413000000000000000e+03
9.181000000000000000e+03 9.408000000000000000e+03
9.181000000000000000e+03 9.413000000000000000e+03
9.182000000000000000e+03 9.402000000000000000e+03
9.182000000000000000e+03 9.408000000000000000e+03
9.188000000000000000e+03 9.402000000000000000e+03
9.191000000000000000e+03 9.400000000000000000e+03
9.191000000000000000e+03 9.402000000000000000e+03
9.203000000000000000e+03 9.397000000000000000e+03
9.211000000000000000e+03 9.382000000000000000e+03
9.214000000000000000e+03 9.375000000000000000e+03
9.225000000000000000e+03 9.362000000000000000e+03
9.225000000000000000e+03 9.371000000000000000e+03
9.242000000000000000e+03 9.357000000000000000e+03
9.243000000000000000e+03 9.352000000000000000e+03
9.251000000000000000e+03 9.344000000000000000e+03
9.260000000000000000e+03 9.343000000000000000e+03
9.262000000000000000e+03 9.330000000000000000e+03
9.265000000000000000e+03 9.322000000000000000e+03
9.268000000000000000e+03 9.321000000000000000e+03
9.275000000000000000e+03 9.314000000000000000e+03
9.276000000000000000e+03 9.314000000000000000e+03
9.280000000000000000e+03 9.311000000000000000e+03
9.282000000000000000e+03 9.306000000000000000e+03
9.287000000000000000e+03 9.303000000000000000e+03
9.293000000000000000e+03 9.302000000000000000e+03
9.294000000000000000e+03 9.282000000000000000e+03
9.294000000000000000e+03 9.288000000000000000e+03
9.297000000000000000e+03 9.280000000000000000e+03
9.297000000000000000e+03 9.281000000000000000e+03
9.307000000000000000e+03 9.275000000000000000e+03
9.311000000000000000e+03 9.269000000000000000e+03
9.312000000000000000e+03 9.268000000000000000e+03
9.312000000000000000e+03 9.269000000000000000e+03
9.314000000000000000e+03 9.265000000000000000e+03
9.320000000000000000e+03 9.263000000000000000e+03
9.327000000000000000e+03 9.256000000000000000e+03
9.328000000000000000e+03 9.256000000000000000e+03
9.332000000000000000e+03 9.246000000000000000e+03
9.334000000000000000e+03 9.241000000000000000e+03
9.344000000000000000e+03 9.236000000000000000e+03
9.344000000000000000e+03 9.239000000000000000e+03
9.348000000000000000e+03 9.229000000000000000e+03
9.349000000000000000e+03 9.224000000000000000e+03
9.353000000000000000e+03 9.215000000000000000e+03
9.353000000000000000e+03 9.221000000000000000e+03
9.357000000000000000e+03 9.215000000000000000e+03
9.358000000000000000e+03 9.214000000000000000e+03
9.359000000000000000e+03 9.214000000000000000e+03
9.361000000000000000e+03 9.208000000000000000e+03
9.364000000000000000e+03 9.206000000000000000e+03
9.372000000000000000e+03 9.206000000000000000e+03
9.378000000000000000e+03 9.202000000000000000e+03
9.382000000000000000e+03 9.193000000000000000e+03
9.385000000000000000e+03 9.184000000000000000e+03
9.389000000000000000e+03 9.179000000000000000e+03
9.393000000000000000e+03 9.176000000000000000e+03
9.398000000000000000e+03 9.172000000000000000e+03
9.399000000000000000e+03 9.172000000000000000e+03
9.402000000000000000e+03 9.158000000000000000e+03
9.402000000000000000e+03 9.165000000000000000e+03
9.407000000000000000e+03 9.153000000000000000e+03
9.407000000000000000e+03 9.158000000000000000e+03
9.409000000000000000e+03 9.149000000000000000e+03
9.409000000000000000e+03 9.151000000000000000e+03
9.416000000000000000e+03 9.142000000000000000e+03
9.416000000000000000e+03 9.146000000000000000e+03
9.424000000000000000e+03 9.142000000000000000e+03
9.429000000000000000e+03 9.126000000000000000e+03
9.429000000000000000e+03 9.137000000000000000e+03
9.431000000000000000e+03 9.121000000000000000e+03
9.432000000000000000e+03 9.118000000000000000e+03
9.438000000000000000e+03 9.116000000000000000e+03
9.440000000000000000e+03 9.112000000000000000e+03
9.444000000000000000e+03 9.111000000000000000e+03
9.449000000000000000e+03 9.108000000000000000e+03
9.450000000000000000e+03 9.099000000000000000e+03
9.456000000000000000e+03 9.089000000000000000e+03
9.456000000000000000e+03 9.096000000000000000e+03
9.461000000000000000e+03 9.089000000000000000e+03
9.462000000000000000e+03 9.084000000000000000e+03
9.462000000000000000e+03 9.085000000000000000e+03
9.464000000000000000e+03 9.082000000000000000e+03
9.465000000000000000e+03 9.079000000000000000e+03
9.465000000000000000e+03 9.080000000000000000e+03
9.466000000000000000e+03 9.076000000000000000e+03
9.471000000000000000e+03 9.076000000000000000e+03
9.474000000000000000e+03 9.069000000000000000e+03
9.475000000000000000e+03 9.058000000000000000e+03
9.475000000000000000e+03 9.066000000000000000e+03
9.478000000000000000e+03 9.057000000000000000e+03
9.480000000000000000e+03 9.057000000000000000e+03
9.481000000000000000e+03 9.048000000000000000e+03
9.481000000000000000e+03 9.051000000000000000e+03
9.482000000000000000e+03 9.047000000000000000e+03
9.487000000000000000e+03 9.047000000000000000e+03
9.490000000000000000e+03 9.041000000000000000e+03
9.494000000000000000e+03 9.035000000000000000e+03
9.494000000000000000e+03 9.041000000000000000e+03
9.499000000000000000e+03 9.022000000000000000e+03
9.499000000000000000e+03 9.030000000000000000e+03
9.506000000000000000e+03 9.013000000000000000e+03
9.506000000000000000e+03 9.022000000000000000e+03
9.521000000000000000e+03 9.013000000000000000e+03
9.523000000000000000e+03 8.986000000000000000e+03
9.523000000000000000e+03 8.990000000000000000e+03
9.523000000000000000e+03 8.992000000000000000e+03
9.523000000000000000e+03 8.998000000000000000e+03
9.530000000000000000e+03 8.985000000000000000e+03
9.538000000000000000e+03 8.982000000000000000e+03
9.542000000000000000e+03 8.960000000000000000e+03
9.542000000000000000e+03 8.965000000000000000e+03
9.542000000000000000e+03 8.974000000000000000e+03
9.544000000000000000e+03 8.959000000000000000e+03
9.545000000000000000e+03 8.957000000000000000e+03
9.546000000000000000e+03 8.954000000000000000e+03
9.546000000000000000e+03 8.955000000000000000e+03
9.547000000000000000e+03 8.952000000000000000e+03
9.551000000000000000e+03 8.949000000000000000e+03
9.560000000000000000e+03 8.949000000000000000e+03
9.567000000000000000e+03 8.931000000000000000e+03
9.568000000000000000e+03 8.925000000000000000e+03
9.572000000000000000e+03 8.923000000000000000e+03
9.572000000000000000e+03 8.925000000000000000e+03
9.575000000000000000e+03 8.923000000000000000e+03
9.581000000000000000e+03 8.912000000000000000e+03
9.584000000000000000e+03 8.897000000000000000e+03
9.584000000000000000e+03 8.899000000000000000e+03
9.587000000000000000e+03 8.893000000000000000e+03
9.587000000000000000e+03 8.897000000000000000e+03
9.589000000000000000e+03 8.891000000000000000e+03
9.590000000000000000e+03 8.888000000000000000e+03
9.592000000000000000e+03 8.882000000000000000e+03
9.593000000000000000e+03 8.880000000000000000e+03
9.597000000000000000e+03 8.877000000000000000e+03
9.598000000000000000e+03 8.874000000000000000e+03
9.600000000000000000e+03 8.861000000000000000e+03
9.604000000000000000e+03 8.861000000000000000e+03
9.605000000000000000e+03 8.853000000000000000e+03
9.606000000000000000e+03 8.846000000000000000e+03
9.606000000000000000e+03 8.851000000000000000e+03
9.608000000000000000e+03 8.846000000000000000e+03
9.609000000000000000e+03 8.845000000000000000e+03
9.611000000000000000e+03 8.838000000000000000e+03
9.611000000000000000e+03 8.840000000000000000e+03
9.611000000000000000e+03 8.845000000000000000e+03
9.613000000000000000e+03 8.835000000000000000e+03
9.614000000000000000e+03 8.834000000000000000e+03
9.622000000000000000e+03 8.818000000000000000e+03
9.622000000000000000e+03 8.834000000000000000e+03
9.623000000000000000e+03 8.816000000000000000e+03
9.625000000000000000e+03 8.813000000000000000e+03
9.628000000000000000e+03 8.807000000000000000e+03
9.629000000000000000e+03 8.803000000000000000e+03
9.634000000000000000e+03 8.794000000000000000e+03
9.634000000000000000e+03 8.802000000000000000e+03
9.640000000000000000e+03 8.789000000000000000e+03
9.641000000000000000e+03 8.785000000000000000e+03
9.643000000000000000e+03 8.779000000000000000e+03
9.643000000000000000e+03 8.784000000000000000e+03
9.644000000000000000e+03 8.779000000000000000e+03
9.647000000000000000e+03 8.766000000000000000e+03
9.647000000000000000e+03 8.767000000000000000e+03
9.652000000000000000e+03 8.764000000000000000e+03
9.662000000000000000e+03 8.764000000000000000e+03
9.663000000000000000e+03 8.748000000000000000e+03
9.669000000000000000e+03 8.746000000000000000e+03
9.670000000000000000e+03 8.743000000000000000e+03
9.671000000000000000e+03 8.723000000000000000e+03
9.674000000000000000e+03 8.718000000000000000e+03
9.675000000000000000e+03 8.700000000000000000e+03
9.675000000000000000e+03 8.703000000000000000e+03
9.675000000000000000e+03 8.708000000000000000e+03
9.677000000000000000e+03 8.699000000000000000e+03
9.679000000000000000e+03 8.699000000000000000e+03
9.684000000000000000e+03 8.692000000000000000e+03
9.687000000000000000e+03 8.677000000000000000e+03
9.691000000000000000e+03 8.666000000000000000e+03
9.691000000000000000e+03 8.675000000000000000e+03
9.696000000000000000e+03 8.665000000000000000e+03
9.698000000000000000e+03 8.646000000000000000e+03
9.700000000000000000e+03 8.645000000000000000e+03
9.701000000000000000e+03 8.639000000000000000e+03
9.701000000000000000e+03 8.644000000000000000e+03
9.703000000000000000e+03 8.629000000000000000e+03
9.704000000000000000e+03 8.627000000000000000e+03
9.705000000000000000e+03 8.624000000000000000e+03
9.711000000000000000e+03 8.624000000000000000e+03
9.716000000000000000e+03 8.617000000000000000e+03
9.725000000000000000e+03 8.602000000000000000e+03
9.733000000000000000e+03 8.586000000000000000e+03
9.735000000000000000e+03 8.571000000000000000e+03
9.745000000000000000e+03 8.552000000000000000e+03
9.746000000000000000e+03 8.530000000000000000e+03
9.747000000000000000e+03 8.527000000000000000e+03
9.748000000000000000e+03 8.512000000000000000e+03
9.749000000000000000e+03 8.509000000000000000e+03
9.750000000000000000e+03 8.502000000000000000e+03
9.750000000000000000e+03 8.508000000000000000e+03
9.755000000000000000e+03 8.494000000000000000e+03
9.755000000000000000e+03 8.500000000000000000e+03
9.759000000000000000e+03 8.491000000000000000e+03
9.760000000000000000e+03 8.487000000000000000e+03
9.766000000000000000e+03 8.483000000000000000e+03
9.772000000000000000e+03 8.444000000000000000e+03
9.773000000000000000e+03 8.435000000000000000e+03
9.779000000000000000e+03 8.428000000000000000e+03
9.783000000000000000e+03 8.407000000000000000e+03
9.783000000000000000e+03 8.418000000000000000e+03
9.785000000000000000e+03 8.380000000000000000e+03
9.785000000000000000e+03 8.395000000000000000e+03
9.786000000000000000e+03 8.380000000000000000e+03
9.789000000000000000e+03 8.370000000000000000e+03
9.789000000000000000e+03 8.375000000000000000e+03
9.791000000000000000e+03 8.361000000000000000e+03
9.792000000000000000e+03 8.360000000000000000e+03
9.797000000000000000e+03 8.359000000000000000e+03
9.798000000000000000e+03 8.346000000000000000e+03
9.800000000000000000e+03 8.335000000000000000e+03
9.800000000000000000e+03 8.340000000000000000e+03
9.800000000000000000e+03 8.345000000000000000e+03
9.802000000000000000e+03 8.331000000000000000e+03
9.806000000000000000e+03 8.322000000000000000e+03
9.807000000000000000e+03 8.310000000000000000e+03
9.808000000000000000e+03 8.298000000000000000e+03
9.811000000000000000e+03 8.284000000000000000e+03
9.811000000000000000e+03 8.294000000000000000e+03
9.812000000000000000e+03 8.281000000000000000e+03
9.812000000000000000e+03 8.282000000000000000e+03
9.815000000000000000e+03 8.255000000000000000e+03
9.815000000000000000e+03 8.268000000000000000e+03
9.818000000000000000e+03 8.246000000000000000e+03
9.818000000000000000e+03 8.253000000000000000e+03
9.822000000000000000e+03 8.244000000000000000e+03
9.827000000000000000e+03 8.222000000000000000e+03
9.827000000000000000e+03 8.234000000000000000e+03
9.828000000000000000e+03 8.221000000000000000e+03
9.829000000000000000e+03 8.218000000000000000e+03
9.830000000000000000e+03 8.203000000000000000e+03
9.831000000000000000e+03 8.197000000000000000e+03
9.832000000000000000e+03 8.189000000000000000e+03
9.832000000000000000e+03 8.197000000000000000e+03
9.836000000000000000e+03 8.189000000000000000e+03
9.838000000000000000e+03 8.179000000000000000e+03
9.838000000000000000e+03 8.184000000000000000e+03
9.842000000000000000e+03 8.159000000000000000e+03
9.842000000000000000e+03 8.163000000000000000e+03
9.844000000000000000e+03 8.156000000000000000e+03
9.846000000000000000e+03 8.137000000000000000e+03
9.851000000000000000e+03 8.112000000000000000e+03
9.851000000000000000e+03 8.137000000000000000e+03
9.853000000000000000e+03 8.102000000000000000e+03
9.855000000000000000e+03 8.097000000000000000e+03
9.857000000000000000e+03 8.085000000000000000e+03
9.861000000000000000e+03 8.084000000000000000e+03
9.863000000000000000e+03 8.070000000000000000e+03
9.866000000000000000e+03 8.034000000000000000e+03
9.866000000000000000e+03 8.040000000000000000e+03
9.869000000000000000e+03 8.022000000000000000e+03
9.869000000000000000e+03 8.024000000000000000e+03
9.871000000000000000e+03 8.021000000000000000e+03
9.873000000000000000e+03 8.002000000000000000e+03
9.879000000000000000e+03 7.993000000000000000e+03
9.880000000000000000e+03 7.922000000000000000e+03
9.883000000000000000e+03 7.896000000000000000e+03
9.883000000000000000e+03 7.911000000000000000e+03
9.886000000000000000e+03 7.753000000000000000e+03
9.886000000000000000e+03 7.807000000000000000e+03
9.886000000000000000e+03 7.854000000000000000e+03
9.887000000000000000e+03 7.732000000000000000e+03
9.889000000000000000e+03 7.713000000000000000e+03
9.891000000000000000e+03 7.633000000000000000e+03
9.891000000000000000e+03 7.707000000000000000e+03
9.893000000000000000e+03 7.570000000000000000e+03
