7.258000000000000000e+03 1.008800000000000000e+04
7.376000000000000000e+03 1.008700000000000000e+04
7.425000000000000000e+03 1.008300000000000000e+04
7.455000000000000000e+03 1.007800000000000000e+04
7.536000000000000000e+03 1.007400000000000000e+04
7.547000000000000000e+03 1.007000000000000000e+04
7.575000000000000000e+03 1.006900000000000000e+04
7.664000000000000000e+03 1.006500000000000000e+04
7.709000000000000000e+03 1.005800000000000000e+04
7.761000000000000000e+03 1.005400000000000000e+04
7.763000000000000000e+03 1.005200000000000000e+04
7.794000000000000000e+03 1.005100000000000000e+04
7.801000000000000000e+03 1.004800000000000000e+04
7.805000000000000000e+03 1.004700000000000000e+04
7.844000000000000000e+03 1.004400000000000000e+04
7.878000000000000000e+03 1.003700000000000000e+04
7.893000000000000000e+03 1.003200000000000000e+04
7.933000000000000000e+03 1.002900000000000000e+04
7.997000000000000000e+03 1.002500000000000000e+04
8.055000000000000000e+03 1.001200000000000000e+04
8.077000000000000000e+03 1.000100000000000000e+04
8.089000000000000000e+03 9.997000000000000000e+03
8.102000000000000000e+03 9.995000000000000000e+03
8.109000000000000000e+03 9.983000000000000000e+03
8.121000000000000000e+03 9.981000000000000000e+03
8.155000000000000000e+03 9.980000000000000000e+03
8.173000000000000000e+03 9.971000000000000000e+03
8.180000000000000000e+03 9.967000000000000000e+03
8.223000000000000000e+03 9.961000000000000000e+03
8.230000000000000000e+03 9.957000000000000000e+03
8.269000000000000000e+03 9.952000000000000000e+03
8.281000000000000000e+03 9.939000000000000000e+03
8.284000000000000000e+03 9.938000000000000000e+03
8.325000000000000000e+03 9.933000000000000000e+03
8.343000000000000000e+03 9.923000000000000000e+03
8.345000000000000000e+03 9.914000000000000000e+03
8.355000000000000000e+03 9.912000000000000000e+03
8.357000000000000000e+03 9.907000000000000000e+03
8.382000000000000000e+03 9.904000000000000000e+03
8.402000000000000000e+03 9.903000000000000000e+03
8.415000000000000000e+03 9.902000000000000000e+03
8.423000000000000000e+03 9.889000000000000000e+03
8.429000000000000000e+03 9.885000000000000000e+03
8.434000000000000000e+03 9.884000000000000000e+03
8.442000000000000000e+03 9.883000000000000000e+03
8.447000000000000000e+03 9.882000000000000000e+03
8.468000000000000000e+03 9.871000000000000000e+03
8.471000000000000000e+03 9.869000000000000000e+03
8.498000000000000000e+03 9.868000000000000000e+03
8.502000000000000000e+03 9.854000000000000000e+03
8.516000000000000000e+03 9.849000000000000000e+03
8.532000000000000000e+03 9.848000000000000000e+03
8.558000000000000000e+03 9.836000000000000000e+03
8.569000000000000000e+03 9.833000000000000000e+03
8.575000000000000000e+03 9.824000000000000000e+03
8.582000000000000000e+03 9.818000000000000000e+03
8.587000000000000000e+03 9.817000000000000000e+03
8.589000000000000000e+03 9.816000000000000000e+03
8.596000000000000000e+03 9.815000000000000000e+03
8.631000000000000000e+03 9.810000000000000000e+03
8.655000000000000000e+03 9.808000000000000000e+03
8.677000000000000000e+03 9.783000000000000000e+03
8.678000000000000000e+03 9.779000000000000000e+03
8.680000000000000000e+03 9.774000000000000000e+03
8.681000000000000000e+03 9.773000000000000000e+03
8.699000000000000000e+03 9.763000000000000000e+03
8.701000000000000000e+03 9.761000000000000000e+03
8.703000000000000000e+03 9.757000000000000000e+03
8.706000000000000000e+03 9.754000000000000000e+03
8.708000000000000000e+03 9.752000000000000000e+03
8.736000000000000000e+03 9.749000000000000000e+03
8.741000000000000000e+03 9.740000000000000000e+03
8.754000000000000000e+03 9.734000000000000000e+03
8.791000000000000000e+03 9.733000000000000000e+03
8.794000000000000000e+03 9.715000000000000000e+03
8.808000000000000000e+03 9.712000000000000000e+03
8.809000000000000000e+03 9.710000000000000000e+03
8.813000000000000000e+03 9.704000000000000000e+03
8.840000000000000000e+03 9.697000000000000000e+03
8.855000000000000000e+03 9.687000000000000000e+03
8.865000000000000000e+03 9.674000000000000000e+03
8.867000000000000000e+03 9.670000000000000000e+03
8.872000000000000000e+03 9.669000000000000000e+03
8.890000000000000000e+03 9.654000000000000000e+03
8.895000000000000000e+03 9.645000000000000000e+03
8.908000000000000000e+03 9.639000000000000000e+03
8.924000000000000000e+03 9.635000000000000000e+03
8.936000000000000000e+03 9.621000000000000000e+03
8.942000000000000000e+03 9.616000000000000000e+03
8.945000000000000000e+03 9.609000000000000000e+03
8.950000000000000000e+03 9.601000000000000000e+03
8.973000000000000000e+03 9.599000000000000000e+03
8.978000000000000000e+03 9.584000000000000000e+03
8.979000000000000000e+03 9.581000000000000000e+03
8.982000000000000000e+03 9.578000000000000000e+03
9.000000000000000000e+03 9.574000000000000000e+03
9.004000000000000000e+03 9.559000000000000000e+03
9.012000000000000000e+03 9.557000000000000000e+03
9.013000000000000000e+03 9.556000000000000000e+03
9.014000000000000000e+03 9.555000000000000000e+03
9.016000000000000000e+03 9.547000000000000000e+03
9.023000000000000000e+03 9.546000000000000000e+03
9.029000000000000000e+03 9.542000000000000000e+03
9.042000000000000000e+03 9.538000000000000000e+03
9.049000000000000000e+03 9.537000000000000000e+03
9.063000000000000000e+03 9.527000000000000000e+03
9.067000000000000000e+03 9.521000000000000000e+03
9.083000000000000000e+03 9.509000000000000000e+03
9.084000000000000000e+03 9.495000000000000000e+03
9.088000000000000000e+03 9.494000000000000000e+03
9.090000000000000000e+03 9.490000000000000000e+03
9.094000000000000000e+03 9.484000000000000000e+03
9.101000000000000000e+03 9.483000000000000000e+03
9.109000000000000000e+03 9.476000000000000000e+03
9.110000000000000000e+03 9.472000000000000000e+03
9.111000000000000000e+03 9.470000000000000000e+03
9.120000000000000000e+03 9.461000000000000000e+03
9.122000000000000000e+03 9.460000000000000000e+03
9.130000000000000000e+03 9.455000000000000000e+03
9.146000000000000000e+03 9.446000000000000000e+03
9.148000000000000000e+03 9.442000000000000000e+03
9.150000000000000000e+03 9.435000000000000000e+03
9.160000000000000000e+03 9.432000000000000000e+03
9.162000000000000000e+03 9.421000000000000000e+03
9.183000000000000000e+03 9.416000000000000000e+03
9.185000000000000000e+03 9.400000000000000000e+03
9.200000000000000000e+03 9.388000000000000000e+03
9.209000000000000000e+03 9.381000000000000000e+03
9.216000000000000000e+03 9.363000000000000000e+03
9.222000000000000000e+03 9.355000000000000000e+03
9.225000000000000000e+03 9.353000000000000000e+03
9.230000000000000000e+03 9.343000000000000000e+03
9.231000000000000000e+03 9.339000000000000000e+03
9.249000000000000000e+03 9.338000000000000000e+03
9.253000000000000000e+03 9.314000000000000000e+03
9.262000000000000000e+03 9.313000000000000000e+03
9.267000000000000000e+03 9.306000000000000000e+03
9.268000000000000000e+03 9.293000000000000000e+03
9.272000000000000000e+03 9.292000000000000000e+03
9.273000000000000000e+03 9.291000000000000000e+03
9.279000000000000000e+03 9.289000000000000000e+03
9.280000000000000000e+03 9.285000000000000000e+03
9.285000000000000000e+03 9.284000000000000000e+03
9.294000000000000000e+03 9.279000000000000000e+03
9.296000000000000000e+03 9.274000000000000000e+03
9.298000000000000000e+03 9.271000000000000000e+03
9.302000000000000000e+03 9.266000000000000000e+03
9.313000000000000000e+03 9.265000000000000000e+03
9.320000000000000000e+03 9.243000000000000000e+03
9.322000000000000000e+03 9.238000000000000000e+03
9.330000000000000000e+03 9.237000000000000000e+03
9.335000000000000000e+03 9.232000000000000000e+03
9.336000000000000000e+03 9.226000000000000000e+03
9.344000000000000000e+03 9.221000000000000000e+03
9.351000000000000000e+03 9.219000000000000000e+03
9.356000000000000000e+03 9.217000000000000000e+03
9.358000000000000000e+03 9.195000000000000000e+03
9.360000000000000000e+03 9.193000000000000000e+03
9.371000000000000000e+03 9.191000000000000000e+03
9.377000000000000000e+03 9.179000000000000000e+03
9.386000000000000000e+03 9.178000000000000000e+03
9.391000000000000000e+03 9.160000000000000000e+03
9.392000000000000000e+03 9.159000000000000000e+03
9.395000000000000000e+03 9.157000000000000000e+03
9.397000000000000000e+03 9.143000000000000000e+03
9.411000000000000000e+03 9.140000000000000000e+03
9.417000000000000000e+03 9.124000000000000000e+03
9.418000000000000000e+03 9.122000000000000000e+03
9.423000000000000000e+03 9.121000000000000000e+03
9.428000000000000000e+03 9.114000000000000000e+03
9.439000000000000000e+03 9.103000000000000000e+03
9.448000000000000000e+03 9.092000000000000000e+03
9.451000000000000000e+03 9.080000000000000000e+03
9.462000000000000000e+03 9.077000000000000000e+03
9.464000000000000000e+03 9.054000000000000000e+03
9.482000000000000000e+03 9.046000000000000000e+03
9.497000000000000000e+03 9.030000000000000000e+03
9.498000000000000000e+03 9.018000000000000000e+03
9.502000000000000000e+03 9.009000000000000000e+03
9.503000000000000000e+03 9.006000000000000000e+03
9.507000000000000000e+03 9.002000000000000000e+03
9.519000000000000000e+03 8.998000000000000000e+03
9.525000000000000000e+03 8.976000000000000000e+03
9.529000000000000000e+03 8.971000000000000000e+03
9.532000000000000000e+03 8.962000000000000000e+03
9.533000000000000000e+03 8.960000000000000000e+03
9.539000000000000000e+03 8.954000000000000000e+03
9.543000000000000000e+03 8.952000000000000000e+03
9.547000000000000000e+03 8.947000000000000000e+03
9.561000000000000000e+03 8.938000000000000000e+03
9.576000000000000000e+03 8.932000000000000000e+03
9.579000000000000000e+03 8.907000000000000000e+03
9.589000000000000000e+03 8.900000000000000000e+03
9.590000000000000000e+03 8.879000000000000000e+03
9.594000000000000000e+03 8.871000000000000000e+03
9.595000000000000000e+03 8.869000000000000000e+03
9.596000000000000000e+03 8.867000000000000000e+03
9.607000000000000000e+03 8.860000000000000000e+03
9.617000000000000000e+03 8.847000000000000000e+03
9.618000000000000000e+03 8.841000000000000000e+03
9.624000000000000000e+03 8.813000000000000000e+03
9.626000000000000000e+03 8.802000000000000000e+03
9.638000000000000000e+03 8.799000000000000000e+03
9.647000000000000000e+03 8.777000000000000000e+03
9.649000000000000000e+03 8.756000000000000000e+03
9.655000000000000000e+03 8.755000000000000000e+03
9.660000000000000000e+03 8.734000000000000000e+03
9.664000000000000000e+03 8.718000000000000000e+03
9.671000000000000000e+03 8.699000000000000000e+03
9.672000000000000000e+03 8.689000000000000000e+03
9.677000000000000000e+03 8.681000000000000000e+03
9.685000000000000000e+03 8.678000000000000000e+03
9.686000000000000000e+03 8.667000000000000000e+03
9.693000000000000000e+03 8.666000000000000000e+03
9.694000000000000000e+03 8.634000000000000000e+03
9.705000000000000000e+03 8.625000000000000000e+03
9.709000000000000000e+03 8.605000000000000000e+03
9.711000000000000000e+03 8.594000000000000000e+03
9.717000000000000000e+03 8.589000000000000000e+03
9.718000000000000000e+03 8.557000000000000000e+03
9.726000000000000000e+03 8.556000000000000000e+03
9.729000000000000000e+03 8.545000000000000000e+03
9.730000000000000000e+03 8.529000000000000000e+03
9.741000000000000000e+03 8.527000000000000000e+03
9.744000000000000000e+03 8.516000000000000000e+03
9.747000000000000000e+03 8.495000000000000000e+03
9.748000000000000000e+03 8.493000000000000000e+03
9.751000000000000000e+03 8.478000000000000000e+03
9.753000000000000000e+03 8.473000000000000000e+03
9.758000000000000000e+03 8.459000000000000000e+03
9.761000000000000000e+03 8.458000000000000000e+03
9.762000000000000000e+03 8.444000000000000000e+03
9.771000000000000000e+03 8.430000000000000000e+03
9.774000000000000000e+03 8.424000000000000000e+03
9.776000000000000000e+03 8.399000000000000000e+03
9.784000000000000000e+03 8.389000000000000000e+03
9.787000000000000000e+03 8.373000000000000000e+03
9.790000000000000000e+03 8.356000000000000000e+03
9.792000000000000000e+03 8.351000000000000000e+03
9.795000000000000000e+03 8.342000000000000000e+03
9.801000000000000000e+03 8.331000000000000000e+03
9.802000000000000000e+03 8.321000000000000000e+03
9.807000000000000000e+03 8.316000000000000000e+03
9.808000000000000000e+03 8.305000000000000000e+03
9.809000000000000000e+03 8.276000000000000000e+03
9.813000000000000000e+03 8.266000000000000000e+03
9.815000000000000000e+03 8.258000000000000000e+03
9.818000000000000000e+03 8.246000000000000000e+03
9.822000000000000000e+03 8.242000000000000000e+03
9.831000000000000000e+03 8.219000000000000000e+03
9.832000000000000000e+03 8.177000000000000000e+03
9.838000000000000000e+03 8.157000000000000000e+03
9.840000000000000000e+03 8.154000000000000000e+03
9.842000000000000000e+03 8.144000000000000000e+03
9.847000000000000000e+03 8.130000000000000000e+03
9.850000000000000000e+03 8.104000000000000000e+03
9.851000000000000000e+03 8.093000000000000000e+03
9.861000000000000000e+03 8.084000000000000000e+03
9.863000000000000000e+03 8.002000000000000000e+03
9.864000000000000000e+03 7.995000000000000000e+03
9.867000000000000000e+03 7.992000000000000000e+03
9.875000000000000000e+03 7.971000000000000000e+03
9.877000000000000000e+03 7.945000000000000000e+03
9.878000000000000000e+03 7.943000000000000000e+03
9.880000000000000000e+03 7.854000000000000000e+03
9.883000000000000000e+03 7.781000000000000000e+03
9.884000000000000000e+03 7.730000000000000000e+03
9.886000000000000000e+03 7.729000000000000000e+03
9.887000000000000000e+03 7.603000000000000000e+03
