1.798400000000000000e+04 1.852800000000000000e+04
1.800200000000000000e+04 1.852600000000000000e+04
1.806700000000000000e+04 1.849700000000000000e+04
1.822300000000000000e+04 1.844000000000000000e+04
1.808800000000000000e+04 1.844800000000000000e+04
1.796000000000000000e+04 1.853800000000000000e+04
1.797200000000000000e+04 1.853000000000000000e+04
1.795900000000000000e+04 1.859900000000000000e+04
1.801700000000000000e+04 1.852000000000000000e+04
1.796200000000000000e+04 1.853400000000000000e+04
1.804200000000000000e+04 1.850600000000000000e+04
1.807000000000000000e+04 1.848400000000000000e+04
1.767100000000000000e+04 1.917200000000000000e+04
1.790700000000000000e+04 1.862000000000000000e+04
1.753400000000000000e+04 1.917400000000000000e+04
1.780000000000000000e+04 1.902100000000000000e+04
1.778700000000000000e+04 1.904200000000000000e+04
1.778600000000000000e+04 1.906700000000000000e+04
1.787300000000000000e+04 1.902000000000000000e+04
1.771400000000000000e+04 1.911400000000000000e+04
1.775400000000000000e+04 1.909200000000000000e+04
1.855600000000000000e+04 1.836200000000000000e+04
1.855500000000000000e+04 1.837300000000000000e+04
1.854100000000000000e+04 1.839400000000000000e+04
1.854500000000000000e+04 1.838200000000000000e+04
1.868600000000000000e+04 1.828100000000000000e+04
1.849700000000000000e+04 1.842300000000000000e+04
1.864700000000000000e+04 1.831000000000000000e+04
1.861900000000000000e+04 1.834900000000000000e+04
1.865400000000000000e+04 1.830200000000000000e+04
1.889100000000000000e+04 1.814400000000000000e+04
1.864100000000000000e+04 1.832600000000000000e+04
1.885400000000000000e+04 1.817800000000000000e+04
1.910300000000000000e+04 1.792600000000000000e+04
1.889500000000000000e+04 1.813200000000000000e+04
1.910900000000000000e+04 1.791600000000000000e+04
1.909700000000000000e+04 1.797800000000000000e+04
1.905900000000000000e+04 1.802100000000000000e+04
1.911000000000000000e+04 1.789500000000000000e+04
1.872600000000000000e+04 1.822800000000000000e+04
1.913700000000000000e+04 1.787200000000000000e+04
1.910200000000000000e+04 1.795100000000000000e+04
1.882200000000000000e+04 1.818900000000000000e+04
1.870700000000000000e+04 1.825700000000000000e+04
1.901100000000000000e+04 1.802400000000000000e+04
1.880000000000000000e+04 1.820600000000000000e+04
1.899600000000000000e+04 1.808900000000000000e+04
1.894800000000000000e+04 1.810900000000000000e+04
1.894500000000000000e+04 1.811000000000000000e+04
1.874900000000000000e+04 1.822400000000000000e+04
1.885700000000000000e+04 1.815200000000000000e+04
1.892500000000000000e+04 1.812600000000000000e+04
1.888600000000000000e+04 1.814700000000000000e+04
1.823800000000000000e+04 1.884600000000000000e+04
1.816400000000000000e+04 1.886700000000000000e+04
1.827200000000000000e+04 1.882400000000000000e+04
1.872700000000000000e+04 1.865600000000000000e+04
1.871300000000000000e+04 1.865800000000000000e+04
1.867500000000000000e+04 1.869700000000000000e+04
1.866700000000000000e+04 1.872400000000000000e+04
1.885500000000000000e+04 1.849700000000000000e+04
1.877300000000000000e+04 1.865500000000000000e+04
1.870100000000000000e+04 1.868800000000000000e+04
1.879300000000000000e+04 1.861500000000000000e+04
1.864400000000000000e+04 1.873600000000000000e+04
1.860100000000000000e+04 1.876400000000000000e+04
1.877400000000000000e+04 1.864500000000000000e+04
1.891600000000000000e+04 1.838900000000000000e+04
1.888400000000000000e+04 1.844500000000000000e+04
1.884000000000000000e+04 1.859000000000000000e+04
1.885400000000000000e+04 1.851200000000000000e+04
1.892800000000000000e+04 1.838600000000000000e+04
1.870200000000000000e+04 1.868000000000000000e+04
1.891400000000000000e+04 1.842000000000000000e+04
1.895600000000000000e+04 1.832900000000000000e+04
1.885100000000000000e+04 1.852100000000000000e+04
1.893000000000000000e+04 1.837700000000000000e+04
1.879000000000000000e+04 1.864200000000000000e+04
1.887500000000000000e+04 1.847900000000000000e+04
1.896300000000000000e+04 1.824700000000000000e+04
1.902200000000000000e+04 1.814200000000000000e+04
1.830100000000000000e+04 1.882200000000000000e+04
1.826800000000000000e+04 1.886100000000000000e+04
1.808000000000000000e+04 1.895900000000000000e+04
1.809100000000000000e+04 1.893600000000000000e+04
1.820500000000000000e+04 1.888200000000000000e+04
1.829500000000000000e+04 1.882400000000000000e+04
1.796100000000000000e+04 1.917400000000000000e+04
1.786300000000000000e+04 1.922500000000000000e+04
1.803400000000000000e+04 1.901100000000000000e+04
1.806300000000000000e+04 1.896400000000000000e+04
1.786600000000000000e+04 1.922300000000000000e+04
1.792000000000000000e+04 1.919600000000000000e+04
1.793400000000000000e+04 1.919100000000000000e+04
1.785800000000000000e+04 1.922700000000000000e+04
1.788900000000000000e+04 1.921500000000000000e+04
1.784300000000000000e+04 1.923800000000000000e+04
1.800500000000000000e+04 1.914700000000000000e+04
1.810100000000000000e+04 1.889200000000000000e+04
1.826900000000000000e+04 1.882600000000000000e+04
1.803000000000000000e+04 1.910600000000000000e+04
1.783700000000000000e+04 1.926900000000000000e+04
1.856000000000000000e+04 1.874900000000000000e+04
1.855500000000000000e+04 1.875700000000000000e+04
1.851100000000000000e+04 1.881000000000000000e+04
1.854400000000000000e+04 1.877600000000000000e+04
1.852900000000000000e+04 1.877900000000000000e+04
1.882600000000000000e+04 1.865000000000000000e+04
1.867600000000000000e+04 1.872100000000000000e+04
1.896600000000000000e+04 1.851600000000000000e+04
1.888600000000000000e+04 1.857900000000000000e+04
1.888100000000000000e+04 1.858600000000000000e+04
1.896400000000000000e+04 1.852700000000000000e+04
1.900300000000000000e+04 1.850400000000000000e+04
1.902100000000000000e+04 1.849300000000000000e+04
1.883500000000000000e+04 1.863800000000000000e+04
1.884800000000000000e+04 1.858800000000000000e+04
1.880800000000000000e+04 1.866100000000000000e+04
1.880200000000000000e+04 1.866800000000000000e+04
1.908100000000000000e+04 1.839400000000000000e+04
1.901400000000000000e+04 1.849500000000000000e+04
1.902700000000000000e+04 1.847200000000000000e+04
1.879000000000000000e+04 1.868600000000000000e+04
1.906600000000000000e+04 1.840200000000000000e+04
1.894200000000000000e+04 1.856900000000000000e+04
1.895200000000000000e+04 1.853600000000000000e+04
1.890300000000000000e+04 1.857600000000000000e+04
1.897600000000000000e+04 1.851300000000000000e+04
1.830900000000000000e+04 1.863500000000000000e+04
1.842400000000000000e+04 1.857700000000000000e+04
1.835700000000000000e+04 1.858200000000000000e+04
1.771200000000000000e+04 1.921500000000000000e+04
1.771900000000000000e+04 1.920400000000000000e+04
1.777600000000000000e+04 1.918400000000000000e+04
1.781400000000000000e+04 1.913400000000000000e+04
1.772600000000000000e+04 1.920100000000000000e+04
1.827500000000000000e+04 1.869100000000000000e+04
1.834300000000000000e+04 1.863400000000000000e+04
1.830100000000000000e+04 1.865800000000000000e+04
1.820900000000000000e+04 1.883400000000000000e+04
1.814600000000000000e+04 1.895200000000000000e+04
1.816900000000000000e+04 1.892300000000000000e+04
1.822100000000000000e+04 1.880000000000000000e+04
1.813600000000000000e+04 1.899200000000000000e+04
1.827000000000000000e+04 1.879200000000000000e+04
1.819400000000000000e+04 1.886900000000000000e+04
1.817800000000000000e+04 1.888700000000000000e+04
1.871800000000000000e+04 1.853800000000000000e+04
1.868600000000000000e+04 1.856500000000000000e+04
1.888300000000000000e+04 1.842300000000000000e+04
1.879300000000000000e+04 1.848300000000000000e+04
1.888100000000000000e+04 1.844300000000000000e+04
1.900500000000000000e+04 1.823600000000000000e+04
1.901900000000000000e+04 1.819900000000000000e+04
1.890400000000000000e+04 1.841200000000000000e+04
1.902200000000000000e+04 1.817900000000000000e+04
1.884700000000000000e+04 1.847200000000000000e+04
1.899500000000000000e+04 1.832200000000000000e+04
1.891100000000000000e+04 1.838500000000000000e+04
1.900300000000000000e+04 1.828300000000000000e+04
1.903400000000000000e+04 1.816600000000000000e+04
1.911100000000000000e+04 1.805300000000000000e+04
1.916200000000000000e+04 1.799800000000000000e+04
1.895100000000000000e+04 1.836500000000000000e+04
1.910100000000000000e+04 1.813400000000000000e+04
1.904200000000000000e+04 1.815900000000000000e+04
1.878300000000000000e+04 1.850800000000000000e+04
1.878800000000000000e+04 1.848700000000000000e+04
1.896900000000000000e+04 1.836200000000000000e+04
1.912200000000000000e+04 1.802700000000000000e+04
1.906500000000000000e+04 1.813600000000000000e+04
1.786700000000000000e+04 1.878300000000000000e+04
1.788000000000000000e+04 1.876500000000000000e+04
1.789300000000000000e+04 1.876300000000000000e+04
1.785800000000000000e+04 1.880000000000000000e+04
1.776300000000000000e+04 1.885700000000000000e+04
1.781700000000000000e+04 1.882500000000000000e+04
1.743100000000000000e+04 1.904000000000000000e+04
1.763000000000000000e+04 1.893900000000000000e+04
1.759400000000000000e+04 1.896700000000000000e+04
1.752400000000000000e+04 1.898500000000000000e+04
1.745400000000000000e+04 1.901400000000000000e+04
1.750000000000000000e+04 1.899700000000000000e+04
1.782000000000000000e+04 1.881600000000000000e+04
1.794900000000000000e+04 1.874700000000000000e+04
1.800000000000000000e+04 1.873700000000000000e+04
1.822300000000000000e+04 1.870700000000000000e+04
1.819300000000000000e+04 1.870900000000000000e+04
1.841300000000000000e+04 1.869700000000000000e+04
1.847100000000000000e+04 1.865700000000000000e+04
1.868400000000000000e+04 1.850400000000000000e+04
1.853200000000000000e+04 1.864700000000000000e+04
1.851500000000000000e+04 1.865400000000000000e+04
1.855500000000000000e+04 1.860700000000000000e+04
1.866000000000000000e+04 1.855200000000000000e+04
1.866200000000000000e+04 1.851300000000000000e+04
1.869900000000000000e+04 1.848500000000000000e+04
1.893500000000000000e+04 1.796500000000000000e+04
1.874900000000000000e+04 1.842700000000000000e+04
1.898200000000000000e+04 1.792300000000000000e+04
1.877200000000000000e+04 1.841300000000000000e+04
1.890400000000000000e+04 1.809700000000000000e+04
1.882500000000000000e+04 1.816000000000000000e+04
1.888300000000000000e+04 1.812100000000000000e+04
1.864600000000000000e+04 1.856400000000000000e+04
1.872400000000000000e+04 1.845100000000000000e+04
1.887400000000000000e+04 1.812700000000000000e+04
1.893000000000000000e+04 1.809500000000000000e+04
1.846700000000000000e+04 1.868200000000000000e+04
1.844300000000000000e+04 1.868400000000000000e+04
1.885700000000000000e+04 1.814400000000000000e+04
1.809500000000000000e+04 1.890200000000000000e+04
1.787300000000000000e+04 1.912600000000000000e+04
1.787100000000000000e+04 1.914100000000000000e+04
1.795600000000000000e+04 1.908200000000000000e+04
1.799100000000000000e+04 1.902300000000000000e+04
1.862200000000000000e+04 1.847100000000000000e+04
1.800100000000000000e+04 1.901700000000000000e+04
1.856800000000000000e+04 1.849300000000000000e+04
1.875700000000000000e+04 1.836900000000000000e+04
1.874400000000000000e+04 1.839600000000000000e+04
1.811700000000000000e+04 1.886800000000000000e+04
1.815200000000000000e+04 1.877700000000000000e+04
1.877400000000000000e+04 1.831600000000000000e+04
1.849600000000000000e+04 1.852400000000000000e+04
1.809900000000000000e+04 1.887300000000000000e+04
1.804300000000000000e+04 1.894200000000000000e+04
1.880900000000000000e+04 1.829600000000000000e+04
1.868100000000000000e+04 1.845800000000000000e+04
1.905800000000000000e+04 1.811100000000000000e+04
1.904700000000000000e+04 1.817700000000000000e+04
1.907000000000000000e+04 1.806100000000000000e+04
1.909900000000000000e+04 1.801700000000000000e+04
1.878100000000000000e+04 1.830900000000000000e+04
1.869600000000000000e+04 1.840000000000000000e+04
1.896800000000000000e+04 1.828100000000000000e+04
1.922800000000000000e+04 1.775800000000000000e+04
1.911400000000000000e+04 1.796900000000000000e+04
1.903700000000000000e+04 1.818800000000000000e+04
1.909400000000000000e+04 1.805200000000000000e+04
1.897900000000000000e+04 1.825500000000000000e+04
1.918300000000000000e+04 1.793900000000000000e+04
1.899600000000000000e+04 1.820900000000000000e+04
1.918400000000000000e+04 1.787400000000000000e+04
1.911000000000000000e+04 1.797200000000000000e+04
1.915400000000000000e+04 1.794600000000000000e+04
1.919000000000000000e+04 1.787300000000000000e+04
1.914800000000000000e+04 1.794800000000000000e+04
1.913500000000000000e+04 1.796800000000000000e+04
1.920400000000000000e+04 1.787200000000000000e+04
1.921900000000000000e+04 1.783900000000000000e+04
1.910800000000000000e+04 1.797600000000000000e+04
1.914700000000000000e+04 1.796600000000000000e+04
1.773400000000000000e+04 1.905000000000000000e+04
1.802600000000000000e+04 1.860600000000000000e+04
1.770400000000000000e+04 1.906300000000000000e+04
1.805700000000000000e+04 1.858100000000000000e+04
1.802100000000000000e+04 1.899200000000000000e+04
1.798100000000000000e+04 1.902200000000000000e+04
1.802900000000000000e+04 1.859700000000000000e+04
1.854100000000000000e+04 1.838300000000000000e+04
1.808900000000000000e+04 1.857300000000000000e+04
1.860500000000000000e+04 1.835300000000000000e+04
1.844000000000000000e+04 1.847800000000000000e+04
1.910900000000000000e+04 1.804500000000000000e+04
1.908000000000000000e+04 1.810700000000000000e+04
1.897900000000000000e+04 1.825300000000000000e+04
1.842100000000000000e+04 1.852200000000000000e+04
1.903200000000000000e+04 1.820000000000000000e+04
1.843400000000000000e+04 1.848700000000000000e+04
1.813800000000000000e+04 1.855300000000000000e+04
1.850700000000000000e+04 1.846400000000000000e+04
1.908200000000000000e+04 1.809900000000000000e+04
1.913000000000000000e+04 1.803800000000000000e+04
1.910800000000000000e+04 1.804800000000000000e+04
1.921500000000000000e+04 1.791300000000000000e+04
1.917600000000000000e+04 1.798000000000000000e+04
1.913700000000000000e+04 1.802600000000000000e+04
1.908600000000000000e+04 1.806100000000000000e+04
1.902000000000000000e+04 1.821400000000000000e+04
1.918200000000000000e+04 1.794300000000000000e+04
1.905700000000000000e+04 1.812300000000000000e+04
1.916600000000000000e+04 1.799500000000000000e+04
1.895400000000000000e+04 1.829400000000000000e+04
1.891100000000000000e+04 1.831800000000000000e+04
1.886100000000000000e+04 1.834700000000000000e+04
1.915300000000000000e+04 1.800200000000000000e+04
1.903800000000000000e+04 1.814000000000000000e+04
1.908300000000000000e+04 1.808000000000000000e+04
1.827800000000000000e+04 1.883300000000000000e+04
1.826400000000000000e+04 1.887300000000000000e+04
1.818600000000000000e+04 1.898500000000000000e+04
1.890000000000000000e+04 1.859700000000000000e+04
1.827400000000000000e+04 1.884700000000000000e+04
1.826000000000000000e+04 1.887400000000000000e+04
1.814400000000000000e+04 1.898900000000000000e+04
1.824900000000000000e+04 1.892200000000000000e+04
1.892100000000000000e+04 1.856200000000000000e+04
1.829300000000000000e+04 1.879800000000000000e+04
1.882400000000000000e+04 1.866500000000000000e+04
1.900800000000000000e+04 1.834000000000000000e+04
1.900300000000000000e+04 1.840600000000000000e+04
1.863800000000000000e+04 1.878500000000000000e+04
1.883000000000000000e+04 1.865500000000000000e+04
1.879000000000000000e+04 1.869400000000000000e+04
1.869000000000000000e+04 1.876300000000000000e+04
1.896900000000000000e+04 1.850800000000000000e+04
1.864700000000000000e+04 1.877600000000000000e+04
1.890300000000000000e+04 1.859100000000000000e+04
1.870800000000000000e+04 1.876000000000000000e+04
1.891200000000000000e+04 1.856700000000000000e+04
1.898100000000000000e+04 1.842500000000000000e+04
1.898000000000000000e+04 1.847600000000000000e+04
1.892200000000000000e+04 1.853300000000000000e+04
1.892400000000000000e+04 1.851800000000000000e+04
1.878100000000000000e+04 1.874200000000000000e+04
1.896000000000000000e+04 1.851400000000000000e+04
1.886500000000000000e+04 1.863500000000000000e+04
1.839000000000000000e+04 1.877000000000000000e+04
1.829100000000000000e+04 1.884500000000000000e+04
1.824200000000000000e+04 1.886800000000000000e+04
1.824800000000000000e+04 1.884800000000000000e+04
1.830500000000000000e+04 1.883700000000000000e+04
1.822900000000000000e+04 1.893100000000000000e+04
1.823400000000000000e+04 1.888200000000000000e+04
1.832900000000000000e+04 1.882700000000000000e+04
1.835700000000000000e+04 1.880800000000000000e+04
1.838100000000000000e+04 1.878400000000000000e+04
1.838800000000000000e+04 1.878300000000000000e+04
1.836400000000000000e+04 1.878800000000000000e+04
1.841600000000000000e+04 1.876900000000000000e+04
1.845100000000000000e+04 1.875400000000000000e+04
1.842300000000000000e+04 1.875900000000000000e+04
1.863400000000000000e+04 1.869000000000000000e+04
1.868600000000000000e+04 1.860900000000000000e+04
1.873400000000000000e+04 1.857400000000000000e+04
1.858800000000000000e+04 1.873600000000000000e+04
1.875500000000000000e+04 1.857100000000000000e+04
1.869400000000000000e+04 1.858300000000000000e+04
1.894000000000000000e+04 1.831100000000000000e+04
1.898200000000000000e+04 1.807800000000000000e+04
1.893700000000000000e+04 1.833900000000000000e+04
1.886700000000000000e+04 1.853600000000000000e+04
1.890800000000000000e+04 1.850600000000000000e+04
1.898300000000000000e+04 1.806500000000000000e+04
1.894700000000000000e+04 1.827900000000000000e+04
1.900700000000000000e+04 1.805100000000000000e+04
1.896100000000000000e+04 1.821300000000000000e+04
1.896200000000000000e+04 1.813800000000000000e+04
1.889800000000000000e+04 1.851300000000000000e+04
1.893600000000000000e+04 1.835600000000000000e+04
1.892700000000000000e+04 1.842600000000000000e+04
1.895400000000000000e+04 1.825800000000000000e+04
1.902200000000000000e+04 1.800600000000000000e+04
1.895900000000000000e+04 1.824600000000000000e+04
1.904300000000000000e+04 1.799900000000000000e+04
1.905100000000000000e+04 1.784000000000000000e+04
1.907900000000000000e+04 1.783000000000000000e+04
1.782300000000000000e+04 1.878200000000000000e+04
1.786800000000000000e+04 1.874500000000000000e+04
1.718400000000000000e+04 1.922800000000000000e+04
1.778700000000000000e+04 1.879000000000000000e+04
1.732100000000000000e+04 1.919200000000000000e+04
1.783600000000000000e+04 1.876800000000000000e+04
1.768800000000000000e+04 1.904400000000000000e+04
1.758500000000000000e+04 1.913300000000000000e+04
1.758100000000000000e+04 1.917300000000000000e+04
1.750200000000000000e+04 1.917700000000000000e+04
1.774200000000000000e+04 1.884300000000000000e+04
1.765800000000000000e+04 1.906900000000000000e+04
1.855700000000000000e+04 1.871100000000000000e+04
1.870800000000000000e+04 1.860800000000000000e+04
1.868000000000000000e+04 1.862400000000000000e+04
1.874600000000000000e+04 1.860400000000000000e+04
1.889700000000000000e+04 1.837600000000000000e+04
1.884400000000000000e+04 1.841200000000000000e+04
1.859700000000000000e+04 1.870400000000000000e+04
1.886300000000000000e+04 1.840400000000000000e+04
1.895900000000000000e+04 1.833300000000000000e+04
1.889900000000000000e+04 1.835600000000000000e+04
1.853000000000000000e+04 1.874400000000000000e+04
1.853400000000000000e+04 1.871200000000000000e+04
1.867400000000000000e+04 1.867200000000000000e+04
1.863400000000000000e+04 1.869800000000000000e+04
1.887300000000000000e+04 1.838400000000000000e+04
1.900200000000000000e+04 1.825300000000000000e+04
1.902000000000000000e+04 1.799300000000000000e+04
1.898500000000000000e+04 1.826700000000000000e+04
1.911500000000000000e+04 1.779500000000000000e+04
1.894900000000000000e+04 1.833500000000000000e+04
1.907200000000000000e+04 1.793600000000000000e+04
1.906300000000000000e+04 1.795300000000000000e+04
1.902400000000000000e+04 1.796100000000000000e+04
1.912200000000000000e+04 1.768900000000000000e+04
1.891100000000000000e+04 1.834600000000000000e+04
1.880200000000000000e+04 1.847400000000000000e+04
1.911700000000000000e+04 1.774400000000000000e+04
1.907500000000000000e+04 1.789100000000000000e+04
1.912300000000000000e+04 1.767200000000000000e+04
1.893500000000000000e+04 1.834400000000000000e+04
1.901800000000000000e+04 1.818700000000000000e+04
1.910200000000000000e+04 1.786000000000000000e+04
1.890600000000000000e+04 1.835300000000000000e+04
