2.598900000000000000e+04 2.638600000000000000e+04
2.611500000000000000e+04 2.627200000000000000e+04
2.618000000000000000e+04 2.620900000000000000e+04
2.605900000000000000e+04 2.636200000000000000e+04
2.645300000000000000e+04 2.614900000000000000e+04
2.634700000000000000e+04 2.619800000000000000e+04
2.644700000000000000e+04 2.617800000000000000e+04
2.615600000000000000e+04 2.623000000000000000e+04
2.651300000000000000e+04 2.610900000000000000e+04
2.665400000000000000e+04 2.596900000000000000e+04
2.669600000000000000e+04 2.596500000000000000e+04
2.679200000000000000e+04 2.590800000000000000e+04
2.679700000000000000e+04 2.571400000000000000e+04
2.664500000000000000e+04 2.597200000000000000e+04
2.701600000000000000e+04 2.558900000000000000e+04
2.704900000000000000e+04 2.553700000000000000e+04
2.674000000000000000e+04 2.594700000000000000e+04
2.697200000000000000e+04 2.564300000000000000e+04
2.651900000000000000e+04 2.609000000000000000e+04
2.730000000000000000e+04 2.540600000000000000e+04
2.729300000000000000e+04 2.548700000000000000e+04
2.732800000000000000e+04 2.539500000000000000e+04
2.659500000000000000e+04 2.598200000000000000e+04
2.686300000000000000e+04 2.565300000000000000e+04
2.689700000000000000e+04 2.565200000000000000e+04
2.702800000000000000e+04 2.557000000000000000e+04
2.725900000000000000e+04 2.551100000000000000e+04
2.719100000000000000e+04 2.551800000000000000e+04
2.733500000000000000e+04 2.535000000000000000e+04
2.738300000000000000e+04 2.526900000000000000e+04
2.736400000000000000e+04 2.531600000000000000e+04
2.741400000000000000e+04 2.526700000000000000e+04
2.658600000000000000e+04 2.629700000000000000e+04
2.662500000000000000e+04 2.625300000000000000e+04
2.659800000000000000e+04 2.629300000000000000e+04
2.665600000000000000e+04 2.623800000000000000e+04
2.661800000000000000e+04 2.628700000000000000e+04
2.666400000000000000e+04 2.622600000000000000e+04
2.679900000000000000e+04 2.617500000000000000e+04
2.668700000000000000e+04 2.621000000000000000e+04
2.710400000000000000e+04 2.603400000000000000e+04
2.681900000000000000e+04 2.616100000000000000e+04
2.754000000000000000e+04 2.580000000000000000e+04
2.747500000000000000e+04 2.602700000000000000e+04
2.675200000000000000e+04 2.620300000000000000e+04
2.748300000000000000e+04 2.595700000000000000e+04
2.704000000000000000e+04 2.615500000000000000e+04
2.753300000000000000e+04 2.589400000000000000e+04
2.709800000000000000e+04 2.613400000000000000e+04
2.754500000000000000e+04 2.577300000000000000e+04
2.760800000000000000e+04 2.575900000000000000e+04
2.507300000000000000e+04 2.608900000000000000e+04
2.533800000000000000e+04 2.599500000000000000e+04
2.634000000000000000e+04 2.590800000000000000e+04
2.590600000000000000e+04 2.597400000000000000e+04
2.528600000000000000e+04 2.604500000000000000e+04
2.582300000000000000e+04 2.598900000000000000e+04
2.532200000000000000e+04 2.603800000000000000e+04
2.629100000000000000e+04 2.596500000000000000e+04
2.630000000000000000e+04 2.593400000000000000e+04
2.506200000000000000e+04 2.610900000000000000e+04
2.623400000000000000e+04 2.597100000000000000e+04
2.527200000000000000e+04 2.607200000000000000e+04
2.736700000000000000e+04 2.579600000000000000e+04
2.732400000000000000e+04 2.584600000000000000e+04
2.730300000000000000e+04 2.586900000000000000e+04
2.725000000000000000e+04 2.590200000000000000e+04
2.762200000000000000e+04 2.562200000000000000e+04
2.749700000000000000e+04 2.567700000000000000e+04
2.747300000000000000e+04 2.578800000000000000e+04
2.729400000000000000e+04 2.589200000000000000e+04
2.731000000000000000e+04 2.585100000000000000e+04
2.794000000000000000e+04 2.536100000000000000e+04
2.788300000000000000e+04 2.556600000000000000e+04
2.792000000000000000e+04 2.555000000000000000e+04
2.786300000000000000e+04 2.556800000000000000e+04
2.749600000000000000e+04 2.576300000000000000e+04
2.793000000000000000e+04 2.542200000000000000e+04
2.760900000000000000e+04 2.564300000000000000e+04
2.733700000000000000e+04 2.582200000000000000e+04
2.784500000000000000e+04 2.561100000000000000e+04
2.792600000000000000e+04 2.549100000000000000e+04
2.578000000000000000e+04 2.654100000000000000e+04
2.596600000000000000e+04 2.653700000000000000e+04
2.638600000000000000e+04 2.645200000000000000e+04
2.673500000000000000e+04 2.628500000000000000e+04
2.682900000000000000e+04 2.620500000000000000e+04
2.690300000000000000e+04 2.603600000000000000e+04
2.671900000000000000e+04 2.629900000000000000e+04
2.676100000000000000e+04 2.626500000000000000e+04
2.692100000000000000e+04 2.603500000000000000e+04
2.640600000000000000e+04 2.644300000000000000e+04
2.680500000000000000e+04 2.622700000000000000e+04
2.696200000000000000e+04 2.595200000000000000e+04
2.692500000000000000e+04 2.601600000000000000e+04
2.687800000000000000e+04 2.615300000000000000e+04
2.688300000000000000e+04 2.605500000000000000e+04
2.683600000000000000e+04 2.620400000000000000e+04
2.711800000000000000e+04 2.589600000000000000e+04
2.683800000000000000e+04 2.615600000000000000e+04
2.707700000000000000e+04 2.593100000000000000e+04
2.707900000000000000e+04 2.591600000000000000e+04
2.734500000000000000e+04 2.579100000000000000e+04
2.694700000000000000e+04 2.596800000000000000e+04
2.730500000000000000e+04 2.585000000000000000e+04
2.731600000000000000e+04 2.584600000000000000e+04
2.728800000000000000e+04 2.588200000000000000e+04
2.692600000000000000e+04 2.600500000000000000e+04
2.735600000000000000e+04 2.576400000000000000e+04
2.737100000000000000e+04 2.568500000000000000e+04
2.687900000000000000e+04 2.614500000000000000e+04
2.732300000000000000e+04 2.582300000000000000e+04
2.737800000000000000e+04 2.568100000000000000e+04
2.743000000000000000e+04 2.567000000000000000e+04
2.760500000000000000e+04 2.545900000000000000e+04
2.752500000000000000e+04 2.556000000000000000e+04
2.748300000000000000e+04 2.561800000000000000e+04
2.751300000000000000e+04 2.560300000000000000e+04
2.756900000000000000e+04 2.553400000000000000e+04
2.759800000000000000e+04 2.549300000000000000e+04
2.759900000000000000e+04 2.546500000000000000e+04
2.754700000000000000e+04 2.553600000000000000e+04
2.762000000000000000e+04 2.544900000000000000e+04
2.609900000000000000e+04 2.644700000000000000e+04
2.605600000000000000e+04 2.647500000000000000e+04
2.617400000000000000e+04 2.643700000000000000e+04
2.619300000000000000e+04 2.641000000000000000e+04
2.685900000000000000e+04 2.622700000000000000e+04
2.669700000000000000e+04 2.633400000000000000e+04
2.755000000000000000e+04 2.609700000000000000e+04
2.773600000000000000e+04 2.579100000000000000e+04
2.621500000000000000e+04 2.639700000000000000e+04
2.658800000000000000e+04 2.636100000000000000e+04
2.772800000000000000e+04 2.588600000000000000e+04
2.756800000000000000e+04 2.608300000000000000e+04
2.667000000000000000e+04 2.634100000000000000e+04
2.768300000000000000e+04 2.593700000000000000e+04
2.760800000000000000e+04 2.604700000000000000e+04
2.766500000000000000e+04 2.595300000000000000e+04
2.688000000000000000e+04 2.621900000000000000e+04
2.720100000000000000e+04 2.617400000000000000e+04
2.770000000000000000e+04 2.591900000000000000e+04
2.773100000000000000e+04 2.580300000000000000e+04
2.774000000000000000e+04 2.577800000000000000e+04
2.759400000000000000e+04 2.606400000000000000e+04
2.750100000000000000e+04 2.616200000000000000e+04
2.762800000000000000e+04 2.604500000000000000e+04
2.763800000000000000e+04 2.595600000000000000e+04
2.779200000000000000e+04 2.575500000000000000e+04
2.784200000000000000e+04 2.572500000000000000e+04
2.795200000000000000e+04 2.565100000000000000e+04
2.777400000000000000e+04 2.577400000000000000e+04
2.751800000000000000e+04 2.613000000000000000e+04
2.691700000000000000e+04 2.618500000000000000e+04
