1.784000000000000000e+04 1.860300000000000000e+04
1.782800000000000000e+04 1.863000000000000000e+04
1.773900000000000000e+04 1.865200000000000000e+04
1.781600000000000000e+04 1.864900000000000000e+04
1.787500000000000000e+04 1.858200000000000000e+04
1.802000000000000000e+04 1.856200000000000000e+04
1.803000000000000000e+04 1.853800000000000000e+04
1.755500000000000000e+04 1.865600000000000000e+04
1.823400000000000000e+04 1.847900000000000000e+04
1.814800000000000000e+04 1.850200000000000000e+04
1.754700000000000000e+04 1.870200000000000000e+04
1.819300000000000000e+04 1.848800000000000000e+04
1.848900000000000000e+04 1.842600000000000000e+04
1.788200000000000000e+04 1.857600000000000000e+04
1.864300000000000000e+04 1.835300000000000000e+04
1.874600000000000000e+04 1.817400000000000000e+04
1.870900000000000000e+04 1.829500000000000000e+04
1.861400000000000000e+04 1.839400000000000000e+04
1.816800000000000000e+04 1.849000000000000000e+04
1.784400000000000000e+04 1.858600000000000000e+04
1.813300000000000000e+04 1.853600000000000000e+04
1.853700000000000000e+04 1.840900000000000000e+04
1.868400000000000000e+04 1.831200000000000000e+04
1.872800000000000000e+04 1.826900000000000000e+04
1.837600000000000000e+04 1.828200000000000000e+04
1.814700000000000000e+04 1.847500000000000000e+04
1.811900000000000000e+04 1.855300000000000000e+04
1.814200000000000000e+04 1.850600000000000000e+04
1.806400000000000000e+04 1.858200000000000000e+04
1.839600000000000000e+04 1.826900000000000000e+04
1.818800000000000000e+04 1.845200000000000000e+04
1.825700000000000000e+04 1.842100000000000000e+04
1.831200000000000000e+04 1.839900000000000000e+04
1.819200000000000000e+04 1.845100000000000000e+04
1.834500000000000000e+04 1.829000000000000000e+04
1.857500000000000000e+04 1.811800000000000000e+04
1.854300000000000000e+04 1.817700000000000000e+04
1.858900000000000000e+04 1.809700000000000000e+04
1.857400000000000000e+04 1.813600000000000000e+04
1.856000000000000000e+04 1.815900000000000000e+04
1.852500000000000000e+04 1.819200000000000000e+04
1.854900000000000000e+04 1.816000000000000000e+04
1.878500000000000000e+04 1.809300000000000000e+04
1.880300000000000000e+04 1.804100000000000000e+04
1.803000000000000000e+04 1.838500000000000000e+04
1.803100000000000000e+04 1.838400000000000000e+04
1.839100000000000000e+04 1.828500000000000000e+04
1.795600000000000000e+04 1.840600000000000000e+04
1.841500000000000000e+04 1.821800000000000000e+04
1.808600000000000000e+04 1.835900000000000000e+04
1.843200000000000000e+04 1.813900000000000000e+04
1.803600000000000000e+04 1.836400000000000000e+04
1.836000000000000000e+04 1.832000000000000000e+04
1.854800000000000000e+04 1.812200000000000000e+04
1.849700000000000000e+04 1.812800000000000000e+04
1.863500000000000000e+04 1.807900000000000000e+04
1.866200000000000000e+04 1.807500000000000000e+04
1.860400000000000000e+04 1.812000000000000000e+04
1.863000000000000000e+04 1.810200000000000000e+04
1.717800000000000000e+04 1.854600000000000000e+04
1.725900000000000000e+04 1.845200000000000000e+04
1.839400000000000000e+04 1.825500000000000000e+04
1.721400000000000000e+04 1.846300000000000000e+04
1.725200000000000000e+04 1.845800000000000000e+04
1.838800000000000000e+04 1.825600000000000000e+04
1.832900000000000000e+04 1.838300000000000000e+04
1.873500000000000000e+04 1.820800000000000000e+04
1.834300000000000000e+04 1.833900000000000000e+04
1.721300000000000000e+04 1.852200000000000000e+04
1.828200000000000000e+04 1.839600000000000000e+04
1.837600000000000000e+04 1.825900000000000000e+04
1.871100000000000000e+04 1.821700000000000000e+04
1.867000000000000000e+04 1.823600000000000000e+04
1.882900000000000000e+04 1.792500000000000000e+04
1.880200000000000000e+04 1.819800000000000000e+04
1.881300000000000000e+04 1.812900000000000000e+04
1.723500000000000000e+04 1.870000000000000000e+04
1.791700000000000000e+04 1.856000000000000000e+04
1.775000000000000000e+04 1.866900000000000000e+04
1.815400000000000000e+04 1.842400000000000000e+04
1.768400000000000000e+04 1.867400000000000000e+04
1.786500000000000000e+04 1.866300000000000000e+04
1.717200000000000000e+04 1.875100000000000000e+04
1.823300000000000000e+04 1.836400000000000000e+04
1.797200000000000000e+04 1.855500000000000000e+04
1.819200000000000000e+04 1.837800000000000000e+04
1.722000000000000000e+04 1.872000000000000000e+04
1.720200000000000000e+04 1.874100000000000000e+04
1.809500000000000000e+04 1.849300000000000000e+04
1.823900000000000000e+04 1.835400000000000000e+04
1.788200000000000000e+04 1.862600000000000000e+04
1.790000000000000000e+04 1.857100000000000000e+04
1.825800000000000000e+04 1.834300000000000000e+04
1.812200000000000000e+04 1.846400000000000000e+04
1.855400000000000000e+04 1.819200000000000000e+04
1.848100000000000000e+04 1.826300000000000000e+04
1.826900000000000000e+04 1.832200000000000000e+04
1.808300000000000000e+04 1.852200000000000000e+04
1.859500000000000000e+04 1.819100000000000000e+04
1.854200000000000000e+04 1.820900000000000000e+04
1.854400000000000000e+04 1.820400000000000000e+04
1.865800000000000000e+04 1.805000000000000000e+04
1.863800000000000000e+04 1.806600000000000000e+04
1.864100000000000000e+04 1.805900000000000000e+04
1.852000000000000000e+04 1.823200000000000000e+04
1.852900000000000000e+04 1.822100000000000000e+04
1.863400000000000000e+04 1.815700000000000000e+04
1.860900000000000000e+04 1.817100000000000000e+04
1.866400000000000000e+04 1.804100000000000000e+04
1.878500000000000000e+04 1.795500000000000000e+04
1.876800000000000000e+04 1.803700000000000000e+04
1.887100000000000000e+04 1.788700000000000000e+04
1.845800000000000000e+04 1.830200000000000000e+04
1.861900000000000000e+04 1.816700000000000000e+04
1.860100000000000000e+04 1.817700000000000000e+04
