8.614000000000000000e+03 9.372000000000000000e+03
8.556000000000000000e+03 9.407000000000000000e+03
8.511000000000000000e+03 9.427000000000000000e+03
8.699000000000000000e+03 9.331000000000000000e+03
8.674000000000000000e+03 9.348000000000000000e+03
8.573000000000000000e+03 9.402000000000000000e+03
8.758000000000000000e+03 9.209000000000000000e+03
8.757000000000000000e+03 9.231000000000000000e+03
8.816000000000000000e+03 9.160000000000000000e+03
8.815000000000000000e+03 9.172000000000000000e+03
8.906000000000000000e+03 9.093000000000000000e+03
8.795000000000000000e+03 9.194000000000000000e+03
9.008000000000000000e+03 8.966000000000000000e+03
8.751000000000000000e+03 9.308000000000000000e+03
8.900000000000000000e+03 9.136000000000000000e+03
8.958000000000000000e+03 9.087000000000000000e+03
8.902000000000000000e+03 9.096000000000000000e+03
8.963000000000000000e+03 9.075000000000000000e+03
8.968000000000000000e+03 9.022000000000000000e+03
9.027000000000000000e+03 8.958000000000000000e+03
8.999000000000000000e+03 9.001000000000000000e+03
9.241000000000000000e+03 8.855000000000000000e+03
9.261000000000000000e+03 8.841000000000000000e+03
9.155000000000000000e+03 8.952000000000000000e+03
9.321000000000000000e+03 8.501000000000000000e+03
9.247000000000000000e+03 8.846000000000000000e+03
9.188000000000000000e+03 8.904000000000000000e+03
9.266000000000000000e+03 8.826000000000000000e+03
9.006000000000000000e+03 8.987000000000000000e+03
9.224000000000000000e+03 8.869000000000000000e+03
9.299000000000000000e+03 8.689000000000000000e+03
9.271000000000000000e+03 8.816000000000000000e+03
8.979000000000000000e+03 9.015000000000000000e+03
9.000000000000000000e+03 8.990000000000000000e+03
9.300000000000000000e+03 8.673000000000000000e+03
9.294000000000000000e+03 8.784000000000000000e+03
8.580000000000000000e+03 9.372000000000000000e+03
8.587000000000000000e+03 9.371000000000000000e+03
8.568000000000000000e+03 9.420000000000000000e+03
8.691000000000000000e+03 9.352000000000000000e+03
8.830000000000000000e+03 9.309000000000000000e+03
8.558000000000000000e+03 9.443000000000000000e+03
8.795000000000000000e+03 9.332000000000000000e+03
8.557000000000000000e+03 9.481000000000000000e+03
8.569000000000000000e+03 9.388000000000000000e+03
8.608000000000000000e+03 9.366000000000000000e+03
8.872000000000000000e+03 9.303000000000000000e+03
8.953000000000000000e+03 9.201000000000000000e+03
8.968000000000000000e+03 9.180000000000000000e+03
9.091000000000000000e+03 9.064000000000000000e+03
8.930000000000000000e+03 9.287000000000000000e+03
8.976000000000000000e+03 9.154000000000000000e+03
9.111000000000000000e+03 9.027000000000000000e+03
9.245000000000000000e+03 8.900000000000000000e+03
9.113000000000000000e+03 9.020000000000000000e+03
9.229000000000000000e+03 8.948000000000000000e+03
9.239000000000000000e+03 8.936000000000000000e+03
9.048000000000000000e+03 9.085000000000000000e+03
9.276000000000000000e+03 8.869000000000000000e+03
9.353000000000000000e+03 8.576000000000000000e+03
9.046000000000000000e+03 9.132000000000000000e+03
9.320000000000000000e+03 8.655000000000000000e+03
9.352000000000000000e+03 8.590000000000000000e+03
9.162000000000000000e+03 9.010000000000000000e+03
9.335000000000000000e+03 8.615000000000000000e+03
9.304000000000000000e+03 8.656000000000000000e+03
9.303000000000000000e+03 8.816000000000000000e+03
9.395000000000000000e+03 8.528000000000000000e+03
9.404000000000000000e+03 8.273000000000000000e+03
9.341000000000000000e+03 8.613000000000000000e+03
8.651000000000000000e+03 9.354000000000000000e+03
8.667000000000000000e+03 9.306000000000000000e+03
8.757000000000000000e+03 9.268000000000000000e+03
8.574000000000000000e+03 9.356000000000000000e+03
8.700000000000000000e+03 9.298000000000000000e+03
8.717000000000000000e+03 9.285000000000000000e+03
8.572000000000000000e+03 9.370000000000000000e+03
8.484000000000000000e+03 9.397000000000000000e+03
8.964000000000000000e+03 9.245000000000000000e+03
8.508000000000000000e+03 9.375000000000000000e+03
9.031000000000000000e+03 9.193000000000000000e+03
8.804000000000000000e+03 9.246000000000000000e+03
9.163000000000000000e+03 9.128000000000000000e+03
9.261000000000000000e+03 8.954000000000000000e+03
9.199000000000000000e+03 9.054000000000000000e+03
9.247000000000000000e+03 8.956000000000000000e+03
9.332000000000000000e+03 8.848000000000000000e+03
9.262000000000000000e+03 8.950000000000000000e+03
8.791000000000000000e+03 9.250000000000000000e+03
9.342000000000000000e+03 8.826000000000000000e+03
9.337000000000000000e+03 8.835000000000000000e+03
9.387000000000000000e+03 8.730000000000000000e+03
9.212000000000000000e+03 9.038000000000000000e+03
9.189000000000000000e+03 9.107000000000000000e+03
9.229000000000000000e+03 9.013000000000000000e+03
9.351000000000000000e+03 8.790000000000000000e+03
9.409000000000000000e+03 8.686000000000000000e+03
9.414000000000000000e+03 8.633000000000000000e+03
9.273000000000000000e+03 8.949000000000000000e+03
9.323000000000000000e+03 8.942000000000000000e+03
9.381000000000000000e+03 8.776000000000000000e+03
8.331000000000000000e+03 9.364000000000000000e+03
8.422000000000000000e+03 9.361000000000000000e+03
8.430000000000000000e+03 9.353000000000000000e+03
8.449000000000000000e+03 9.346000000000000000e+03
8.673000000000000000e+03 9.277000000000000000e+03
8.701000000000000000e+03 9.258000000000000000e+03
8.547000000000000000e+03 9.288000000000000000e+03
8.536000000000000000e+03 9.308000000000000000e+03
8.455000000000000000e+03 9.343000000000000000e+03
8.468000000000000000e+03 9.332000000000000000e+03
8.637000000000000000e+03 9.281000000000000000e+03
8.209000000000000000e+03 9.365000000000000000e+03
8.869000000000000000e+03 9.217000000000000000e+03
8.840000000000000000e+03 9.240000000000000000e+03
8.922000000000000000e+03 9.101000000000000000e+03
8.538000000000000000e+03 9.301000000000000000e+03
8.562000000000000000e+03 9.283000000000000000e+03
8.829000000000000000e+03 9.246000000000000000e+03
8.864000000000000000e+03 9.222000000000000000e+03
9.082000000000000000e+03 8.935000000000000000e+03
8.976000000000000000e+03 9.048000000000000000e+03
8.833000000000000000e+03 9.242000000000000000e+03
8.842000000000000000e+03 9.228000000000000000e+03
9.141000000000000000e+03 8.832000000000000000e+03
9.015000000000000000e+03 9.012000000000000000e+03
8.933000000000000000e+03 9.075000000000000000e+03
8.906000000000000000e+03 9.207000000000000000e+03
8.957000000000000000e+03 9.049000000000000000e+03
9.000000000000000000e+03 9.022000000000000000e+03
8.924000000000000000e+03 9.096000000000000000e+03
8.992000000000000000e+03 9.025000000000000000e+03
9.133000000000000000e+03 8.834000000000000000e+03
9.099000000000000000e+03 8.863000000000000000e+03
9.150000000000000000e+03 8.742000000000000000e+03
9.131000000000000000e+03 8.862000000000000000e+03
9.063000000000000000e+03 8.992000000000000000e+03
9.072000000000000000e+03 8.968000000000000000e+03
9.074000000000000000e+03 8.963000000000000000e+03
9.090000000000000000e+03 8.879000000000000000e+03
8.799000000000000000e+03 9.153000000000000000e+03
8.823000000000000000e+03 9.143000000000000000e+03
8.792000000000000000e+03 9.174000000000000000e+03
8.949000000000000000e+03 9.118000000000000000e+03
8.747000000000000000e+03 9.338000000000000000e+03
8.922000000000000000e+03 9.126000000000000000e+03
8.638000000000000000e+03 9.378000000000000000e+03
8.686000000000000000e+03 9.374000000000000000e+03
8.791000000000000000e+03 9.191000000000000000e+03
8.708000000000000000e+03 9.367000000000000000e+03
8.926000000000000000e+03 9.121000000000000000e+03
8.867000000000000000e+03 9.142000000000000000e+03
8.801000000000000000e+03 9.146000000000000000e+03
8.999000000000000000e+03 9.111000000000000000e+03
9.268000000000000000e+03 9.009000000000000000e+03
8.909000000000000000e+03 9.138000000000000000e+03
9.252000000000000000e+03 9.012000000000000000e+03
9.270000000000000000e+03 9.005000000000000000e+03
9.112000000000000000e+03 9.089000000000000000e+03
9.359000000000000000e+03 8.796000000000000000e+03
9.285000000000000000e+03 8.978000000000000000e+03
9.377000000000000000e+03 8.678000000000000000e+03
9.307000000000000000e+03 8.955000000000000000e+03
9.218000000000000000e+03 9.060000000000000000e+03
9.297000000000000000e+03 8.971000000000000000e+03
9.343000000000000000e+03 8.843000000000000000e+03
9.316000000000000000e+03 8.911000000000000000e+03
9.328000000000000000e+03 8.908000000000000000e+03
9.398000000000000000e+03 8.618000000000000000e+03
