7.395000000000000000e+03 1.005700000000000000e+04
8.108000000000000000e+03 9.947000000000000000e+03
8.088000000000000000e+03 9.957000000000000000e+03
8.135000000000000000e+03 9.938000000000000000e+03
8.129000000000000000e+03 9.946000000000000000e+03
8.153000000000000000e+03 9.931000000000000000e+03
8.167000000000000000e+03 9.925000000000000000e+03
8.216000000000000000e+03 9.912000000000000000e+03
8.184000000000000000e+03 9.918000000000000000e+03
8.164000000000000000e+03 9.926000000000000000e+03
8.270000000000000000e+03 9.894000000000000000e+03
8.256000000000000000e+03 9.908000000000000000e+03
8.306000000000000000e+03 9.892000000000000000e+03
8.361000000000000000e+03 9.889000000000000000e+03
8.364000000000000000e+03 9.877000000000000000e+03
8.376000000000000000e+03 9.876000000000000000e+03
8.406000000000000000e+03 9.875000000000000000e+03
8.424000000000000000e+03 9.867000000000000000e+03
8.422000000000000000e+03 9.870000000000000000e+03
8.441000000000000000e+03 9.854000000000000000e+03
8.457000000000000000e+03 9.852000000000000000e+03
8.434000000000000000e+03 9.856000000000000000e+03
8.504000000000000000e+03 9.833000000000000000e+03
8.425000000000000000e+03 9.863000000000000000e+03
8.484000000000000000e+03 9.836000000000000000e+03
8.477000000000000000e+03 9.842000000000000000e+03
8.516000000000000000e+03 9.820000000000000000e+03
8.536000000000000000e+03 9.818000000000000000e+03
8.520000000000000000e+03 9.819000000000000000e+03
8.557000000000000000e+03 9.810000000000000000e+03
8.600000000000000000e+03 9.777000000000000000e+03
8.598000000000000000e+03 9.794000000000000000e+03
8.636000000000000000e+03 9.773000000000000000e+03
8.689000000000000000e+03 9.728000000000000000e+03
8.667000000000000000e+03 9.736000000000000000e+03
8.646000000000000000e+03 9.757000000000000000e+03
8.677000000000000000e+03 9.735000000000000000e+03
8.654000000000000000e+03 9.745000000000000000e+03
8.655000000000000000e+03 9.740000000000000000e+03
8.696000000000000000e+03 9.726000000000000000e+03
8.700000000000000000e+03 9.716000000000000000e+03
8.717000000000000000e+03 9.711000000000000000e+03
8.761000000000000000e+03 9.689000000000000000e+03
8.728000000000000000e+03 9.709000000000000000e+03
8.755000000000000000e+03 9.706000000000000000e+03
8.746000000000000000e+03 9.707000000000000000e+03
8.760000000000000000e+03 9.699000000000000000e+03
8.770000000000000000e+03 9.686000000000000000e+03
8.816000000000000000e+03 9.656000000000000000e+03
8.800000000000000000e+03 9.676000000000000000e+03
8.847000000000000000e+03 9.642000000000000000e+03
8.880000000000000000e+03 9.623000000000000000e+03
8.861000000000000000e+03 9.634000000000000000e+03
8.848000000000000000e+03 9.637000000000000000e+03
8.849000000000000000e+03 9.635000000000000000e+03
8.876000000000000000e+03 9.631000000000000000e+03
8.870000000000000000e+03 9.633000000000000000e+03
8.937000000000000000e+03 9.590000000000000000e+03
8.921000000000000000e+03 9.617000000000000000e+03
8.978000000000000000e+03 9.546000000000000000e+03
8.966000000000000000e+03 9.573000000000000000e+03
8.944000000000000000e+03 9.587000000000000000e+03
9.017000000000000000e+03 9.525000000000000000e+03
8.996000000000000000e+03 9.540000000000000000e+03
9.023000000000000000e+03 9.521000000000000000e+03
9.032000000000000000e+03 9.511000000000000000e+03
9.043000000000000000e+03 9.498000000000000000e+03
9.035000000000000000e+03 9.501000000000000000e+03
9.045000000000000000e+03 9.496000000000000000e+03
9.052000000000000000e+03 9.489000000000000000e+03
9.092000000000000000e+03 9.464000000000000000e+03
9.064000000000000000e+03 9.477000000000000000e+03
9.077000000000000000e+03 9.469000000000000000e+03
9.130000000000000000e+03 9.431000000000000000e+03
9.100000000000000000e+03 9.451000000000000000e+03
9.140000000000000000e+03 9.419000000000000000e+03
9.119000000000000000e+03 9.433000000000000000e+03
9.143000000000000000e+03 9.409000000000000000e+03
9.118000000000000000e+03 9.450000000000000000e+03
9.203000000000000000e+03 9.361000000000000000e+03
9.165000000000000000e+03 9.402000000000000000e+03
9.187000000000000000e+03 9.388000000000000000e+03
9.211000000000000000e+03 9.344000000000000000e+03
9.210000000000000000e+03 9.348000000000000000e+03
9.234000000000000000e+03 9.326000000000000000e+03
9.217000000000000000e+03 9.338000000000000000e+03
9.241000000000000000e+03 9.303000000000000000e+03
9.243000000000000000e+03 9.290000000000000000e+03
9.263000000000000000e+03 9.288000000000000000e+03
9.291000000000000000e+03 9.254000000000000000e+03
9.279000000000000000e+03 9.261000000000000000e+03
9.280000000000000000e+03 9.257000000000000000e+03
9.276000000000000000e+03 9.270000000000000000e+03
9.330000000000000000e+03 9.221000000000000000e+03
9.339000000000000000e+03 9.206000000000000000e+03
9.327000000000000000e+03 9.243000000000000000e+03
9.350000000000000000e+03 9.202000000000000000e+03
9.358000000000000000e+03 9.181000000000000000e+03
9.365000000000000000e+03 9.177000000000000000e+03
9.381000000000000000e+03 9.170000000000000000e+03
9.400000000000000000e+03 9.124000000000000000e+03
9.383000000000000000e+03 9.151000000000000000e+03
9.403000000000000000e+03 9.112000000000000000e+03
9.439000000000000000e+03 9.058000000000000000e+03
9.406000000000000000e+03 9.099000000000000000e+03
9.425000000000000000e+03 9.094000000000000000e+03
9.431000000000000000e+03 9.074000000000000000e+03
9.459000000000000000e+03 9.028000000000000000e+03
9.440000000000000000e+03 9.045000000000000000e+03
9.561000000000000000e+03 8.857000000000000000e+03
9.553000000000000000e+03 8.867000000000000000e+03
9.542000000000000000e+03 8.880000000000000000e+03
9.450000000000000000e+03 9.031000000000000000e+03
9.465000000000000000e+03 9.017000000000000000e+03
9.504000000000000000e+03 8.985000000000000000e+03
9.481000000000000000e+03 9.009000000000000000e+03
9.494000000000000000e+03 9.008000000000000000e+03
9.539000000000000000e+03 8.917000000000000000e+03
9.509000000000000000e+03 8.973000000000000000e+03
9.531000000000000000e+03 8.934000000000000000e+03
9.541000000000000000e+03 8.911000000000000000e+03
9.528000000000000000e+03 8.947000000000000000e+03
9.518000000000000000e+03 8.960000000000000000e+03
9.576000000000000000e+03 8.841000000000000000e+03
9.587000000000000000e+03 8.827000000000000000e+03
9.603000000000000000e+03 8.784000000000000000e+03
9.594000000000000000e+03 8.806000000000000000e+03
9.596000000000000000e+03 8.796000000000000000e+03
9.604000000000000000e+03 8.782000000000000000e+03
9.628000000000000000e+03 8.781000000000000000e+03
9.633000000000000000e+03 8.744000000000000000e+03
9.652000000000000000e+03 8.706000000000000000e+03
9.647000000000000000e+03 8.728000000000000000e+03
9.631000000000000000e+03 8.770000000000000000e+03
9.648000000000000000e+03 8.712000000000000000e+03
9.679000000000000000e+03 8.696000000000000000e+03
9.699000000000000000e+03 8.615000000000000000e+03
9.681000000000000000e+03 8.660000000000000000e+03
9.695000000000000000e+03 8.627000000000000000e+03
9.690000000000000000e+03 8.643000000000000000e+03
9.705000000000000000e+03 8.576000000000000000e+03
9.737000000000000000e+03 8.525000000000000000e+03
9.713000000000000000e+03 8.565000000000000000e+03
9.717000000000000000e+03 8.563000000000000000e+03
9.730000000000000000e+03 8.535000000000000000e+03
9.751000000000000000e+03 8.456000000000000000e+03
9.740000000000000000e+03 8.496000000000000000e+03
9.742000000000000000e+03 8.490000000000000000e+03
9.755000000000000000e+03 8.449000000000000000e+03
9.766000000000000000e+03 8.394000000000000000e+03
9.756000000000000000e+03 8.419000000000000000e+03
9.772000000000000000e+03 8.354000000000000000e+03
9.780000000000000000e+03 8.323000000000000000e+03
9.773000000000000000e+03 8.324000000000000000e+03
9.803000000000000000e+03 8.264000000000000000e+03
9.819000000000000000e+03 8.225000000000000000e+03
9.810000000000000000e+03 8.235000000000000000e+03
9.812000000000000000e+03 8.230000000000000000e+03
9.798000000000000000e+03 8.299000000000000000e+03
9.821000000000000000e+03 8.203000000000000000e+03
9.827000000000000000e+03 8.143000000000000000e+03
9.839000000000000000e+03 8.119000000000000000e+03
9.843000000000000000e+03 8.026000000000000000e+03
9.840000000000000000e+03 8.029000000000000000e+03
9.842000000000000000e+03 8.027000000000000000e+03
9.852000000000000000e+03 8.019000000000000000e+03
9.863000000000000000e+03 7.932000000000000000e+03
9.860000000000000000e+03 7.957000000000000000e+03
9.871000000000000000e+03 7.857000000000000000e+03
9.868000000000000000e+03 7.914000000000000000e+03
9.859000000000000000e+03 8.015000000000000000e+03
9.875000000000000000e+03 7.771000000000000000e+03
7.720000000000000000e+03 1.004300000000000000e+04
7.673000000000000000e+03 1.004700000000000000e+04
7.598000000000000000e+03 1.005400000000000000e+04
7.854000000000000000e+03 1.002600000000000000e+04
7.839000000000000000e+03 1.003600000000000000e+04
7.863000000000000000e+03 1.002300000000000000e+04
7.848000000000000000e+03 1.002900000000000000e+04
7.878000000000000000e+03 1.002200000000000000e+04
7.973000000000000000e+03 1.002100000000000000e+04
8.032000000000000000e+03 1.000400000000000000e+04
7.975000000000000000e+03 1.000700000000000000e+04
7.338000000000000000e+03 1.007600000000000000e+04
7.623000000000000000e+03 1.006800000000000000e+04
7.651000000000000000e+03 1.005900000000000000e+04
7.586000000000000000e+03 1.007300000000000000e+04
7.760000000000000000e+03 1.005000000000000000e+04
7.725000000000000000e+03 1.005400000000000000e+04
7.812000000000000000e+03 1.003600000000000000e+04
7.813000000000000000e+03 1.003200000000000000e+04
7.802000000000000000e+03 1.004500000000000000e+04
7.873000000000000000e+03 1.003100000000000000e+04
7.932000000000000000e+03 1.002100000000000000e+04
7.915000000000000000e+03 1.002400000000000000e+04
7.970000000000000000e+03 1.001300000000000000e+04
7.962000000000000000e+03 1.001500000000000000e+04
7.943000000000000000e+03 1.001800000000000000e+04
8.008000000000000000e+03 1.000200000000000000e+04
8.034000000000000000e+03 1.000100000000000000e+04
8.006000000000000000e+03 1.000900000000000000e+04
8.048000000000000000e+03 9.996000000000000000e+03
8.154000000000000000e+03 9.974000000000000000e+03
8.123000000000000000e+03 9.986000000000000000e+03
8.130000000000000000e+03 9.983000000000000000e+03
8.159000000000000000e+03 9.966000000000000000e+03
8.239000000000000000e+03 9.957000000000000000e+03
8.198000000000000000e+03 9.961000000000000000e+03
8.176000000000000000e+03 9.965000000000000000e+03
8.261000000000000000e+03 9.935000000000000000e+03
8.331000000000000000e+03 9.919000000000000000e+03
8.317000000000000000e+03 9.928000000000000000e+03
8.356000000000000000e+03 9.907000000000000000e+03
8.351000000000000000e+03 9.915000000000000000e+03
8.390000000000000000e+03 9.902000000000000000e+03
8.440000000000000000e+03 9.889000000000000000e+03
8.482000000000000000e+03 9.877000000000000000e+03
8.511000000000000000e+03 9.857000000000000000e+03
8.513000000000000000e+03 9.846000000000000000e+03
8.571000000000000000e+03 9.829000000000000000e+03
8.520000000000000000e+03 9.841000000000000000e+03
8.533000000000000000e+03 9.831000000000000000e+03
8.530000000000000000e+03 9.832000000000000000e+03
8.641000000000000000e+03 9.778000000000000000e+03
8.597000000000000000e+03 9.790000000000000000e+03
8.582000000000000000e+03 9.794000000000000000e+03
8.616000000000000000e+03 9.787000000000000000e+03
8.656000000000000000e+03 9.764000000000000000e+03
8.632000000000000000e+03 9.786000000000000000e+03
8.650000000000000000e+03 9.777000000000000000e+03
8.659000000000000000e+03 9.761000000000000000e+03
8.669000000000000000e+03 9.756000000000000000e+03
8.676000000000000000e+03 9.754000000000000000e+03
8.651000000000000000e+03 9.775000000000000000e+03
8.732000000000000000e+03 9.725000000000000000e+03
8.759000000000000000e+03 9.724000000000000000e+03
8.716000000000000000e+03 9.744000000000000000e+03
8.711000000000000000e+03 9.751000000000000000e+03
8.722000000000000000e+03 9.742000000000000000e+03
8.769000000000000000e+03 9.711000000000000000e+03
8.760000000000000000e+03 9.713000000000000000e+03
8.780000000000000000e+03 9.708000000000000000e+03
8.790000000000000000e+03 9.706000000000000000e+03
8.808000000000000000e+03 9.691000000000000000e+03
8.820000000000000000e+03 9.686000000000000000e+03
8.847000000000000000e+03 9.679000000000000000e+03
8.858000000000000000e+03 9.665000000000000000e+03
8.871000000000000000e+03 9.654000000000000000e+03
8.867000000000000000e+03 9.664000000000000000e+03
8.895000000000000000e+03 9.645000000000000000e+03
8.900000000000000000e+03 9.631000000000000000e+03
8.929000000000000000e+03 9.609000000000000000e+03
8.933000000000000000e+03 9.604000000000000000e+03
8.930000000000000000e+03 9.608000000000000000e+03
8.912000000000000000e+03 9.630000000000000000e+03
8.969000000000000000e+03 9.588000000000000000e+03
8.951000000000000000e+03 9.599000000000000000e+03
8.970000000000000000e+03 9.584000000000000000e+03
8.994000000000000000e+03 9.571000000000000000e+03
9.011000000000000000e+03 9.558000000000000000e+03
9.010000000000000000e+03 9.562000000000000000e+03
8.988000000000000000e+03 9.576000000000000000e+03
9.025000000000000000e+03 9.554000000000000000e+03
9.057000000000000000e+03 9.523000000000000000e+03
9.028000000000000000e+03 9.551000000000000000e+03
9.050000000000000000e+03 9.537000000000000000e+03
9.078000000000000000e+03 9.497000000000000000e+03
9.103000000000000000e+03 9.454000000000000000e+03
9.101000000000000000e+03 9.464000000000000000e+03
9.139000000000000000e+03 9.446000000000000000e+03
9.094000000000000000e+03 9.482000000000000000e+03
9.118000000000000000e+03 9.449000000000000000e+03
9.146000000000000000e+03 9.425000000000000000e+03
9.117000000000000000e+03 9.451000000000000000e+03
9.193000000000000000e+03 9.391000000000000000e+03
9.209000000000000000e+03 9.369000000000000000e+03
9.217000000000000000e+03 9.360000000000000000e+03
9.236000000000000000e+03 9.327000000000000000e+03
9.224000000000000000e+03 9.344000000000000000e+03
9.226000000000000000e+03 9.340000000000000000e+03
9.284000000000000000e+03 9.279000000000000000e+03
9.267000000000000000e+03 9.298000000000000000e+03
9.277000000000000000e+03 9.285000000000000000e+03
9.239000000000000000e+03 9.315000000000000000e+03
9.247000000000000000e+03 9.305000000000000000e+03
9.240000000000000000e+03 9.312000000000000000e+03
9.243000000000000000e+03 9.309000000000000000e+03
9.309000000000000000e+03 9.219000000000000000e+03
9.285000000000000000e+03 9.248000000000000000e+03
9.299000000000000000e+03 9.228000000000000000e+03
9.289000000000000000e+03 9.239000000000000000e+03
9.359000000000000000e+03 9.174000000000000000e+03
9.327000000000000000e+03 9.211000000000000000e+03
9.381000000000000000e+03 9.144000000000000000e+03
9.350000000000000000e+03 9.199000000000000000e+03
9.379000000000000000e+03 9.148000000000000000e+03
9.372000000000000000e+03 9.152000000000000000e+03
9.365000000000000000e+03 9.173000000000000000e+03
9.392000000000000000e+03 9.123000000000000000e+03
9.391000000000000000e+03 9.131000000000000000e+03
9.398000000000000000e+03 9.113000000000000000e+03
9.373000000000000000e+03 9.151000000000000000e+03
9.397000000000000000e+03 9.117000000000000000e+03
9.395000000000000000e+03 9.119000000000000000e+03
9.407000000000000000e+03 9.105000000000000000e+03
9.409000000000000000e+03 9.104000000000000000e+03
9.418000000000000000e+03 9.098000000000000000e+03
9.427000000000000000e+03 9.088000000000000000e+03
9.434000000000000000e+03 9.070000000000000000e+03
9.421000000000000000e+03 9.090000000000000000e+03
9.437000000000000000e+03 9.068000000000000000e+03
9.455000000000000000e+03 9.060000000000000000e+03
9.468000000000000000e+03 9.038000000000000000e+03
9.456000000000000000e+03 9.052000000000000000e+03
9.473000000000000000e+03 9.020000000000000000e+03
9.496000000000000000e+03 8.976000000000000000e+03
9.461000000000000000e+03 9.042000000000000000e+03
9.469000000000000000e+03 9.030000000000000000e+03
9.494000000000000000e+03 8.979000000000000000e+03
9.475000000000000000e+03 9.014000000000000000e+03
9.482000000000000000e+03 8.998000000000000000e+03
9.525000000000000000e+03 8.951000000000000000e+03
9.513000000000000000e+03 8.953000000000000000e+03
9.508000000000000000e+03 8.965000000000000000e+03
9.527000000000000000e+03 8.940000000000000000e+03
9.549000000000000000e+03 8.915000000000000000e+03
9.539000000000000000e+03 8.928000000000000000e+03
9.559000000000000000e+03 8.911000000000000000e+03
9.576000000000000000e+03 8.864000000000000000e+03
9.565000000000000000e+03 8.886000000000000000e+03
9.575000000000000000e+03 8.866000000000000000e+03
9.584000000000000000e+03 8.855000000000000000e+03
9.579000000000000000e+03 8.858000000000000000e+03
9.564000000000000000e+03 8.888000000000000000e+03
9.569000000000000000e+03 8.869000000000000000e+03
9.596000000000000000e+03 8.827000000000000000e+03
9.610000000000000000e+03 8.816000000000000000e+03
9.586000000000000000e+03 8.847000000000000000e+03
9.590000000000000000e+03 8.835000000000000000e+03
9.637000000000000000e+03 8.740000000000000000e+03
9.613000000000000000e+03 8.796000000000000000e+03
9.639000000000000000e+03 8.735000000000000000e+03
9.634000000000000000e+03 8.747000000000000000e+03
9.627000000000000000e+03 8.772000000000000000e+03
9.631000000000000000e+03 8.749000000000000000e+03
9.645000000000000000e+03 8.722000000000000000e+03
9.642000000000000000e+03 8.729000000000000000e+03
9.697000000000000000e+03 8.619000000000000000e+03
9.667000000000000000e+03 8.671000000000000000e+03
9.666000000000000000e+03 8.701000000000000000e+03
9.671000000000000000e+03 8.666000000000000000e+03
9.680000000000000000e+03 8.646000000000000000e+03
9.677000000000000000e+03 8.658000000000000000e+03
9.687000000000000000e+03 8.632000000000000000e+03
9.686000000000000000e+03 8.633000000000000000e+03
9.700000000000000000e+03 8.610000000000000000e+03
9.693000000000000000e+03 8.620000000000000000e+03
9.683000000000000000e+03 8.641000000000000000e+03
9.703000000000000000e+03 8.587000000000000000e+03
9.714000000000000000e+03 8.551000000000000000e+03
9.712000000000000000e+03 8.562000000000000000e+03
9.719000000000000000e+03 8.531000000000000000e+03
9.721000000000000000e+03 8.528000000000000000e+03
9.704000000000000000e+03 8.570000000000000000e+03
9.734000000000000000e+03 8.487000000000000000e+03
9.746000000000000000e+03 8.442000000000000000e+03
9.736000000000000000e+03 8.455000000000000000e+03
9.767000000000000000e+03 8.384000000000000000e+03
9.776000000000000000e+03 8.348000000000000000e+03
9.759000000000000000e+03 8.415000000000000000e+03
9.765000000000000000e+03 8.402000000000000000e+03
9.772000000000000000e+03 8.373000000000000000e+03
9.775000000000000000e+03 8.364000000000000000e+03
9.784000000000000000e+03 8.329000000000000000e+03
9.786000000000000000e+03 8.246000000000000000e+03
9.788000000000000000e+03 8.244000000000000000e+03
9.785000000000000000e+03 8.270000000000000000e+03
9.798000000000000000e+03 8.242000000000000000e+03
9.803000000000000000e+03 8.222000000000000000e+03
9.806000000000000000e+03 8.211000000000000000e+03
9.804000000000000000e+03 8.216000000000000000e+03
9.815000000000000000e+03 8.171000000000000000e+03
9.811000000000000000e+03 8.205000000000000000e+03
9.813000000000000000e+03 8.181000000000000000e+03
9.818000000000000000e+03 8.136000000000000000e+03
9.833000000000000000e+03 8.131000000000000000e+03
9.839000000000000000e+03 8.042000000000000000e+03
9.835000000000000000e+03 8.090000000000000000e+03
9.856000000000000000e+03 7.902000000000000000e+03
9.851000000000000000e+03 7.944000000000000000e+03
9.847000000000000000e+03 7.968000000000000000e+03
9.841000000000000000e+03 8.039000000000000000e+03
9.863000000000000000e+03 7.881000000000000000e+03
9.854000000000000000e+03 7.922000000000000000e+03
9.842000000000000000e+03 7.990000000000000000e+03
9.852000000000000000e+03 7.940000000000000000e+03
9.845000000000000000e+03 7.985000000000000000e+03
9.870000000000000000e+03 7.781000000000000000e+03
7.502000000000000000e+03 1.007500000000000000e+04
7.689000000000000000e+03 1.006900000000000000e+04
7.637000000000000000e+03 1.007300000000000000e+04
7.785000000000000000e+03 1.004800000000000000e+04
7.758000000000000000e+03 1.005300000000000000e+04
7.827000000000000000e+03 1.003600000000000000e+04
7.792000000000000000e+03 1.003700000000000000e+04
7.751000000000000000e+03 1.006000000000000000e+04
7.887000000000000000e+03 1.002700000000000000e+04
7.877000000000000000e+03 1.003200000000000000e+04
7.889000000000000000e+03 1.001900000000000000e+04
7.941000000000000000e+03 1.001800000000000000e+04
7.989000000000000000e+03 1.000900000000000000e+04
8.053000000000000000e+03 9.992000000000000000e+03
8.108000000000000000e+03 9.982000000000000000e+03
8.078000000000000000e+03 9.986000000000000000e+03
8.139000000000000000e+03 9.972000000000000000e+03
8.161000000000000000e+03 9.970000000000000000e+03
8.121000000000000000e+03 9.980000000000000000e+03
8.278000000000000000e+03 9.937000000000000000e+03
8.227000000000000000e+03 9.959000000000000000e+03
8.264000000000000000e+03 9.946000000000000000e+03
8.296000000000000000e+03 9.930000000000000000e+03
8.324000000000000000e+03 9.925000000000000000e+03
8.325000000000000000e+03 9.910000000000000000e+03
8.376000000000000000e+03 9.889000000000000000e+03
8.364000000000000000e+03 9.894000000000000000e+03
8.406000000000000000e+03 9.882000000000000000e+03
8.331000000000000000e+03 9.908000000000000000e+03
8.351000000000000000e+03 9.907000000000000000e+03
8.355000000000000000e+03 9.896000000000000000e+03
8.369000000000000000e+03 9.892000000000000000e+03
8.403000000000000000e+03 9.888000000000000000e+03
8.437000000000000000e+03 9.873000000000000000e+03
8.460000000000000000e+03 9.859000000000000000e+03
8.453000000000000000e+03 9.864000000000000000e+03
8.452000000000000000e+03 9.872000000000000000e+03
8.484000000000000000e+03 9.853000000000000000e+03
8.566000000000000000e+03 9.816000000000000000e+03
8.549000000000000000e+03 9.830000000000000000e+03
8.520000000000000000e+03 9.834000000000000000e+03
8.576000000000000000e+03 9.803000000000000000e+03
8.707000000000000000e+03 9.745000000000000000e+03
8.712000000000000000e+03 9.731000000000000000e+03
8.722000000000000000e+03 9.721000000000000000e+03
8.744000000000000000e+03 9.711000000000000000e+03
8.583000000000000000e+03 9.799000000000000000e+03
8.622000000000000000e+03 9.792000000000000000e+03
8.631000000000000000e+03 9.782000000000000000e+03
8.641000000000000000e+03 9.779000000000000000e+03
8.808000000000000000e+03 9.701000000000000000e+03
8.846000000000000000e+03 9.680000000000000000e+03
8.853000000000000000e+03 9.672000000000000000e+03
8.869000000000000000e+03 9.666000000000000000e+03
8.863000000000000000e+03 9.671000000000000000e+03
8.906000000000000000e+03 9.663000000000000000e+03
8.954000000000000000e+03 9.603000000000000000e+03
8.967000000000000000e+03 9.592000000000000000e+03
8.993000000000000000e+03 9.571000000000000000e+03
8.970000000000000000e+03 9.590000000000000000e+03
9.001000000000000000e+03 9.565000000000000000e+03
8.977000000000000000e+03 9.573000000000000000e+03
9.004000000000000000e+03 9.550000000000000000e+03
9.010000000000000000e+03 9.547000000000000000e+03
9.019000000000000000e+03 9.539000000000000000e+03
9.052000000000000000e+03 9.502000000000000000e+03
9.041000000000000000e+03 9.524000000000000000e+03
9.034000000000000000e+03 9.525000000000000000e+03
9.073000000000000000e+03 9.498000000000000000e+03
9.096000000000000000e+03 9.474000000000000000e+03
9.074000000000000000e+03 9.489000000000000000e+03
9.101000000000000000e+03 9.451000000000000000e+03
9.107000000000000000e+03 9.450000000000000000e+03
9.108000000000000000e+03 9.449000000000000000e+03
9.098000000000000000e+03 9.460000000000000000e+03
9.134000000000000000e+03 9.428000000000000000e+03
9.123000000000000000e+03 9.443000000000000000e+03
9.166000000000000000e+03 9.386000000000000000e+03
9.141000000000000000e+03 9.404000000000000000e+03
9.160000000000000000e+03 9.391000000000000000e+03
9.182000000000000000e+03 9.383000000000000000e+03
9.213000000000000000e+03 9.375000000000000000e+03
9.214000000000000000e+03 9.353000000000000000e+03
9.225000000000000000e+03 9.350000000000000000e+03
9.261000000000000000e+03 9.305000000000000000e+03
9.252000000000000000e+03 9.315000000000000000e+03
9.245000000000000000e+03 9.334000000000000000e+03
9.268000000000000000e+03 9.299000000000000000e+03
9.236000000000000000e+03 9.336000000000000000e+03
9.284000000000000000e+03 9.286000000000000000e+03
9.275000000000000000e+03 9.290000000000000000e+03
9.313000000000000000e+03 9.250000000000000000e+03
9.300000000000000000e+03 9.266000000000000000e+03
9.321000000000000000e+03 9.232000000000000000e+03
9.309000000000000000e+03 9.252000000000000000e+03
9.335000000000000000e+03 9.217000000000000000e+03
9.315000000000000000e+03 9.236000000000000000e+03
9.341000000000000000e+03 9.196000000000000000e+03
9.355000000000000000e+03 9.183000000000000000e+03
9.323000000000000000e+03 9.225000000000000000e+03
9.324000000000000000e+03 9.219000000000000000e+03
9.359000000000000000e+03 9.172000000000000000e+03
9.404000000000000000e+03 9.126000000000000000e+03
9.386000000000000000e+03 9.131000000000000000e+03
9.382000000000000000e+03 9.166000000000000000e+03
9.409000000000000000e+03 9.112000000000000000e+03
9.428000000000000000e+03 9.083000000000000000e+03
9.466000000000000000e+03 9.015000000000000000e+03
9.487000000000000000e+03 8.987000000000000000e+03
9.497000000000000000e+03 8.968000000000000000e+03
9.535000000000000000e+03 8.936000000000000000e+03
9.545000000000000000e+03 8.889000000000000000e+03
9.454000000000000000e+03 9.057000000000000000e+03
9.480000000000000000e+03 9.013000000000000000e+03
9.459000000000000000e+03 9.032000000000000000e+03
9.485000000000000000e+03 8.991000000000000000e+03
9.464000000000000000e+03 9.029000000000000000e+03
9.514000000000000000e+03 8.943000000000000000e+03
9.536000000000000000e+03 8.919000000000000000e+03
9.504000000000000000e+03 8.963000000000000000e+03
9.563000000000000000e+03 8.878000000000000000e+03
9.573000000000000000e+03 8.865000000000000000e+03
9.613000000000000000e+03 8.806000000000000000e+03
9.603000000000000000e+03 8.834000000000000000e+03
9.628000000000000000e+03 8.783000000000000000e+03
9.615000000000000000e+03 8.805000000000000000e+03
9.629000000000000000e+03 8.753000000000000000e+03
9.610000000000000000e+03 8.811000000000000000e+03
9.645000000000000000e+03 8.732000000000000000e+03
9.631000000000000000e+03 8.747000000000000000e+03
9.648000000000000000e+03 8.713000000000000000e+03
9.647000000000000000e+03 8.714000000000000000e+03
9.636000000000000000e+03 8.736000000000000000e+03
9.653000000000000000e+03 8.689000000000000000e+03
9.640000000000000000e+03 8.735000000000000000e+03
9.651000000000000000e+03 8.690000000000000000e+03
9.650000000000000000e+03 8.703000000000000000e+03
9.659000000000000000e+03 8.679000000000000000e+03
9.672000000000000000e+03 8.626000000000000000e+03
9.670000000000000000e+03 8.654000000000000000e+03
9.661000000000000000e+03 8.656000000000000000e+03
9.685000000000000000e+03 8.581000000000000000e+03
9.689000000000000000e+03 8.568000000000000000e+03
9.679000000000000000e+03 8.590000000000000000e+03
9.675000000000000000e+03 8.597000000000000000e+03
9.673000000000000000e+03 8.619000000000000000e+03
9.715000000000000000e+03 8.519000000000000000e+03
9.705000000000000000e+03 8.532000000000000000e+03
9.695000000000000000e+03 8.555000000000000000e+03
9.696000000000000000e+03 8.542000000000000000e+03
9.718000000000000000e+03 8.468000000000000000e+03
9.723000000000000000e+03 8.451000000000000000e+03
9.725000000000000000e+03 8.438000000000000000e+03
9.734000000000000000e+03 8.430000000000000000e+03
9.729000000000000000e+03 8.435000000000000000e+03
9.760000000000000000e+03 8.347000000000000000e+03
9.738000000000000000e+03 8.373000000000000000e+03
9.735000000000000000e+03 8.390000000000000000e+03
9.765000000000000000e+03 8.338000000000000000e+03
9.754000000000000000e+03 8.368000000000000000e+03
9.758000000000000000e+03 8.348000000000000000e+03
9.749000000000000000e+03 8.369000000000000000e+03
9.755000000000000000e+03 8.360000000000000000e+03
9.748000000000000000e+03 8.371000000000000000e+03
9.773000000000000000e+03 8.318000000000000000e+03
9.775000000000000000e+03 8.280000000000000000e+03
9.805000000000000000e+03 8.189000000000000000e+03
9.819000000000000000e+03 8.131000000000000000e+03
9.790000000000000000e+03 8.275000000000000000e+03
9.815000000000000000e+03 8.184000000000000000e+03
9.791000000000000000e+03 8.257000000000000000e+03
9.802000000000000000e+03 8.238000000000000000e+03
9.848000000000000000e+03 8.021000000000000000e+03
9.841000000000000000e+03 8.049000000000000000e+03
9.836000000000000000e+03 8.098000000000000000e+03
9.838000000000000000e+03 8.079000000000000000e+03
9.845000000000000000e+03 8.048000000000000000e+03
9.849000000000000000e+03 7.955000000000000000e+03
9.851000000000000000e+03 7.947000000000000000e+03
9.852000000000000000e+03 7.915000000000000000e+03
9.853000000000000000e+03 7.909000000000000000e+03
8.672000000000000000e+03 9.763000000000000000e+03
8.674000000000000000e+03 9.756000000000000000e+03
8.681000000000000000e+03 9.754000000000000000e+03
8.656000000000000000e+03 9.771000000000000000e+03
9.488000000000000000e+03 8.977000000000000000e+03
7.492000000000000000e+03 1.007900000000000000e+04
7.489000000000000000e+03 1.008100000000000000e+04
7.569000000000000000e+03 1.007600000000000000e+04
7.653000000000000000e+03 1.006700000000000000e+04
7.700000000000000000e+03 1.006100000000000000e+04
7.685000000000000000e+03 1.006300000000000000e+04
7.647000000000000000e+03 1.006900000000000000e+04
7.702000000000000000e+03 1.005400000000000000e+04
7.754000000000000000e+03 1.005100000000000000e+04
7.785000000000000000e+03 1.004700000000000000e+04
7.875000000000000000e+03 1.003700000000000000e+04
7.914000000000000000e+03 1.002600000000000000e+04
7.873000000000000000e+03 1.004400000000000000e+04
7.947000000000000000e+03 1.002100000000000000e+04
7.894000000000000000e+03 1.003300000000000000e+04
7.973000000000000000e+03 1.000600000000000000e+04
7.984000000000000000e+03 1.000300000000000000e+04
7.985000000000000000e+03 1.000000000000000000e+04
7.960000000000000000e+03 1.001400000000000000e+04
7.962000000000000000e+03 1.000700000000000000e+04
8.047000000000000000e+03 9.976000000000000000e+03
8.107000000000000000e+03 9.959000000000000000e+03
8.082000000000000000e+03 9.967000000000000000e+03
8.125000000000000000e+03 9.953000000000000000e+03
8.166000000000000000e+03 9.950000000000000000e+03
8.228000000000000000e+03 9.940000000000000000e+03
8.314000000000000000e+03 9.912000000000000000e+03
8.397000000000000000e+03 9.877000000000000000e+03
8.416000000000000000e+03 9.857000000000000000e+03
8.399000000000000000e+03 9.859000000000000000e+03
8.457000000000000000e+03 9.855000000000000000e+03
8.659000000000000000e+03 9.768000000000000000e+03
8.704000000000000000e+03 9.743000000000000000e+03
8.664000000000000000e+03 9.763000000000000000e+03
8.674000000000000000e+03 9.757000000000000000e+03
8.695000000000000000e+03 9.744000000000000000e+03
8.686000000000000000e+03 9.746000000000000000e+03
8.734000000000000000e+03 9.716000000000000000e+03
8.723000000000000000e+03 9.717000000000000000e+03
8.751000000000000000e+03 9.710000000000000000e+03
8.720000000000000000e+03 9.730000000000000000e+03
8.805000000000000000e+03 9.685000000000000000e+03
8.743000000000000000e+03 9.715000000000000000e+03
8.770000000000000000e+03 9.695000000000000000e+03
8.836000000000000000e+03 9.673000000000000000e+03
8.851000000000000000e+03 9.666000000000000000e+03
8.908000000000000000e+03 9.628000000000000000e+03
8.878000000000000000e+03 9.645000000000000000e+03
8.867000000000000000e+03 9.648000000000000000e+03
8.876000000000000000e+03 9.647000000000000000e+03
8.918000000000000000e+03 9.615000000000000000e+03
8.897000000000000000e+03 9.629000000000000000e+03
8.887000000000000000e+03 9.634000000000000000e+03
8.921000000000000000e+03 9.606000000000000000e+03
8.932000000000000000e+03 9.602000000000000000e+03
8.940000000000000000e+03 9.595000000000000000e+03
8.951000000000000000e+03 9.592000000000000000e+03
8.949000000000000000e+03 9.594000000000000000e+03
8.959000000000000000e+03 9.583000000000000000e+03
8.978000000000000000e+03 9.563000000000000000e+03
9.007000000000000000e+03 9.558000000000000000e+03
8.973000000000000000e+03 9.566000000000000000e+03
9.034000000000000000e+03 9.524000000000000000e+03
9.018000000000000000e+03 9.529000000000000000e+03
9.016000000000000000e+03 9.545000000000000000e+03
9.065000000000000000e+03 9.507000000000000000e+03
9.051000000000000000e+03 9.511000000000000000e+03
9.113000000000000000e+03 9.464000000000000000e+03
9.110000000000000000e+03 9.473000000000000000e+03
9.090000000000000000e+03 9.490000000000000000e+03
9.120000000000000000e+03 9.457000000000000000e+03
9.151000000000000000e+03 9.437000000000000000e+03
9.158000000000000000e+03 9.425000000000000000e+03
9.133000000000000000e+03 9.442000000000000000e+03
9.126000000000000000e+03 9.448000000000000000e+03
9.168000000000000000e+03 9.412000000000000000e+03
9.204000000000000000e+03 9.361000000000000000e+03
9.175000000000000000e+03 9.393000000000000000e+03
9.186000000000000000e+03 9.387000000000000000e+03
9.194000000000000000e+03 9.380000000000000000e+03
9.224000000000000000e+03 9.354000000000000000e+03
9.202000000000000000e+03 9.378000000000000000e+03
9.213000000000000000e+03 9.356000000000000000e+03
9.230000000000000000e+03 9.347000000000000000e+03
9.235000000000000000e+03 9.334000000000000000e+03
9.242000000000000000e+03 9.327000000000000000e+03
9.260000000000000000e+03 9.312000000000000000e+03
9.264000000000000000e+03 9.292000000000000000e+03
9.284000000000000000e+03 9.261000000000000000e+03
9.268000000000000000e+03 9.277000000000000000e+03
9.301000000000000000e+03 9.259000000000000000e+03
9.275000000000000000e+03 9.271000000000000000e+03
9.315000000000000000e+03 9.249000000000000000e+03
9.327000000000000000e+03 9.229000000000000000e+03
9.349000000000000000e+03 9.214000000000000000e+03
9.332000000000000000e+03 9.218000000000000000e+03
9.368000000000000000e+03 9.178000000000000000e+03
9.350000000000000000e+03 9.185000000000000000e+03
9.403000000000000000e+03 9.117000000000000000e+03
9.375000000000000000e+03 9.168000000000000000e+03
9.382000000000000000e+03 9.141000000000000000e+03
9.400000000000000000e+03 9.122000000000000000e+03
9.383000000000000000e+03 9.134000000000000000e+03
9.395000000000000000e+03 9.131000000000000000e+03
9.378000000000000000e+03 9.145000000000000000e+03
9.437000000000000000e+03 9.102000000000000000e+03
9.440000000000000000e+03 9.073000000000000000e+03
9.465000000000000000e+03 9.063000000000000000e+03
9.497000000000000000e+03 8.989000000000000000e+03
9.482000000000000000e+03 8.996000000000000000e+03
9.468000000000000000e+03 9.026000000000000000e+03
9.475000000000000000e+03 9.008000000000000000e+03
9.531000000000000000e+03 8.962000000000000000e+03
9.477000000000000000e+03 9.001000000000000000e+03
9.534000000000000000e+03 8.933000000000000000e+03
9.553000000000000000e+03 8.929000000000000000e+03
9.563000000000000000e+03 8.907000000000000000e+03
9.584000000000000000e+03 8.845000000000000000e+03
9.568000000000000000e+03 8.872000000000000000e+03
9.581000000000000000e+03 8.850000000000000000e+03
9.567000000000000000e+03 8.883000000000000000e+03
9.572000000000000000e+03 8.856000000000000000e+03
9.605000000000000000e+03 8.841000000000000000e+03
9.616000000000000000e+03 8.822000000000000000e+03
9.599000000000000000e+03 8.843000000000000000e+03
9.631000000000000000e+03 8.770000000000000000e+03
9.626000000000000000e+03 8.786000000000000000e+03
9.623000000000000000e+03 8.804000000000000000e+03
9.648000000000000000e+03 8.713000000000000000e+03
9.643000000000000000e+03 8.734000000000000000e+03
9.657000000000000000e+03 8.704000000000000000e+03
9.644000000000000000e+03 8.721000000000000000e+03
9.649000000000000000e+03 8.711000000000000000e+03
9.642000000000000000e+03 8.747000000000000000e+03
9.659000000000000000e+03 8.653000000000000000e+03
9.666000000000000000e+03 8.635000000000000000e+03
9.664000000000000000e+03 8.652000000000000000e+03
9.705000000000000000e+03 8.595000000000000000e+03
9.684000000000000000e+03 8.624000000000000000e+03
9.700000000000000000e+03 8.607000000000000000e+03
9.717000000000000000e+03 8.517000000000000000e+03
9.727000000000000000e+03 8.509000000000000000e+03
9.706000000000000000e+03 8.533000000000000000e+03
9.720000000000000000e+03 8.510000000000000000e+03
9.734000000000000000e+03 8.476000000000000000e+03
9.753000000000000000e+03 8.402000000000000000e+03
9.762000000000000000e+03 8.388000000000000000e+03
9.767000000000000000e+03 8.366000000000000000e+03
9.760000000000000000e+03 8.389000000000000000e+03
9.751000000000000000e+03 8.439000000000000000e+03
9.792000000000000000e+03 8.264000000000000000e+03
9.774000000000000000e+03 8.351000000000000000e+03
9.782000000000000000e+03 8.341000000000000000e+03
9.763000000000000000e+03 8.381000000000000000e+03
9.789000000000000000e+03 8.274000000000000000e+03
9.795000000000000000e+03 8.213000000000000000e+03
9.796000000000000000e+03 8.202000000000000000e+03
9.799000000000000000e+03 8.197000000000000000e+03
9.818000000000000000e+03 8.097000000000000000e+03
9.826000000000000000e+03 8.092000000000000000e+03
9.817000000000000000e+03 8.119000000000000000e+03
9.816000000000000000e+03 8.180000000000000000e+03
9.848000000000000000e+03 7.807000000000000000e+03
9.830000000000000000e+03 8.036000000000000000e+03
9.844000000000000000e+03 7.903000000000000000e+03
9.829000000000000000e+03 8.056000000000000000e+03
9.838000000000000000e+03 7.980000000000000000e+03
9.834000000000000000e+03 8.028000000000000000e+03
9.843000000000000000e+03 7.968000000000000000e+03
9.837000000000000000e+03 7.989000000000000000e+03
8.277000000000000000e+03 9.932000000000000000e+03
8.211000000000000000e+03 9.944000000000000000e+03
8.587000000000000000e+03 9.819000000000000000e+03
8.544000000000000000e+03 9.843000000000000000e+03
8.569000000000000000e+03 9.834000000000000000e+03
8.560000000000000000e+03 9.836000000000000000e+03
8.642000000000000000e+03 9.790000000000000000e+03
8.640000000000000000e+03 9.791000000000000000e+03
8.603000000000000000e+03 9.812000000000000000e+03
8.632000000000000000e+03 9.803000000000000000e+03
8.639000000000000000e+03 9.802000000000000000e+03
8.619000000000000000e+03 9.806000000000000000e+03
8.608000000000000000e+03 9.809000000000000000e+03
8.337000000000000000e+03 9.900000000000000000e+03
8.367000000000000000e+03 9.894000000000000000e+03
8.326000000000000000e+03 9.906000000000000000e+03
8.389000000000000000e+03 9.893000000000000000e+03
8.361000000000000000e+03 9.898000000000000000e+03
7.886000000000000000e+03 1.003400000000000000e+04
7.869000000000000000e+03 1.005000000000000000e+04
7.885000000000000000e+03 1.004200000000000000e+04
7.894000000000000000e+03 1.003300000000000000e+04
7.805000000000000000e+03 1.005700000000000000e+04
7.912000000000000000e+03 1.002500000000000000e+04
7.970000000000000000e+03 1.002300000000000000e+04
8.049000000000000000e+03 1.001000000000000000e+04
8.067000000000000000e+03 9.991000000000000000e+03
8.113000000000000000e+03 9.986000000000000000e+03
8.125000000000000000e+03 9.976000000000000000e+03
8.126000000000000000e+03 9.974000000000000000e+03
8.145000000000000000e+03 9.960000000000000000e+03
8.141000000000000000e+03 9.964000000000000000e+03
8.135000000000000000e+03 9.971000000000000000e+03
8.161000000000000000e+03 9.959000000000000000e+03
8.209000000000000000e+03 9.943000000000000000e+03
8.194000000000000000e+03 9.957000000000000000e+03
8.218000000000000000e+03 9.942000000000000000e+03
8.225000000000000000e+03 9.937000000000000000e+03
8.348000000000000000e+03 9.912000000000000000e+03
8.376000000000000000e+03 9.905000000000000000e+03
8.308000000000000000e+03 9.931000000000000000e+03
8.339000000000000000e+03 9.913000000000000000e+03
8.377000000000000000e+03 9.897000000000000000e+03
8.332000000000000000e+03 9.921000000000000000e+03
8.350000000000000000e+03 9.907000000000000000e+03
8.379000000000000000e+03 9.887000000000000000e+03
8.388000000000000000e+03 9.886000000000000000e+03
8.398000000000000000e+03 9.884000000000000000e+03
8.412000000000000000e+03 9.880000000000000000e+03
8.416000000000000000e+03 9.875000000000000000e+03
8.454000000000000000e+03 9.871000000000000000e+03
8.501000000000000000e+03 9.832000000000000000e+03
8.460000000000000000e+03 9.853000000000000000e+03
8.472000000000000000e+03 9.852000000000000000e+03
8.526000000000000000e+03 9.830000000000000000e+03
8.499000000000000000e+03 9.841000000000000000e+03
8.475000000000000000e+03 9.843000000000000000e+03
8.546000000000000000e+03 9.828000000000000000e+03
8.692000000000000000e+03 9.741000000000000000e+03
8.725000000000000000e+03 9.732000000000000000e+03
8.682000000000000000e+03 9.751000000000000000e+03
8.772000000000000000e+03 9.715000000000000000e+03
8.684000000000000000e+03 9.743000000000000000e+03
8.700000000000000000e+03 9.740000000000000000e+03
8.723000000000000000e+03 9.734000000000000000e+03
8.724000000000000000e+03 9.733000000000000000e+03
8.734000000000000000e+03 9.727000000000000000e+03
8.774000000000000000e+03 9.679000000000000000e+03
8.818000000000000000e+03 9.674000000000000000e+03
8.890000000000000000e+03 9.624000000000000000e+03
8.880000000000000000e+03 9.634000000000000000e+03
8.889000000000000000e+03 9.631000000000000000e+03
8.871000000000000000e+03 9.655000000000000000e+03
8.898000000000000000e+03 9.622000000000000000e+03
8.919000000000000000e+03 9.618000000000000000e+03
8.928000000000000000e+03 9.610000000000000000e+03
8.913000000000000000e+03 9.620000000000000000e+03
8.942000000000000000e+03 9.601000000000000000e+03
8.922000000000000000e+03 9.615000000000000000e+03
8.967000000000000000e+03 9.598000000000000000e+03
8.987000000000000000e+03 9.592000000000000000e+03
9.005000000000000000e+03 9.564000000000000000e+03
8.991000000000000000e+03 9.572000000000000000e+03
9.065000000000000000e+03 9.513000000000000000e+03
9.070000000000000000e+03 9.508000000000000000e+03
9.082000000000000000e+03 9.483000000000000000e+03
9.081000000000000000e+03 9.498000000000000000e+03
9.102000000000000000e+03 9.476000000000000000e+03
9.097000000000000000e+03 9.479000000000000000e+03
9.073000000000000000e+03 9.506000000000000000e+03
9.130000000000000000e+03 9.432000000000000000e+03
9.107000000000000000e+03 9.456000000000000000e+03
9.119000000000000000e+03 9.454000000000000000e+03
9.122000000000000000e+03 9.440000000000000000e+03
9.123000000000000000e+03 9.435000000000000000e+03
9.120000000000000000e+03 9.444000000000000000e+03
9.132000000000000000e+03 9.419000000000000000e+03
9.111000000000000000e+03 9.455000000000000000e+03
9.150000000000000000e+03 9.418000000000000000e+03
9.121000000000000000e+03 9.441000000000000000e+03
9.131000000000000000e+03 9.422000000000000000e+03
9.171000000000000000e+03 9.386000000000000000e+03
9.158000000000000000e+03 9.416000000000000000e+03
9.175000000000000000e+03 9.382000000000000000e+03
9.182000000000000000e+03 9.364000000000000000e+03
9.161000000000000000e+03 9.389000000000000000e+03
9.190000000000000000e+03 9.362000000000000000e+03
9.177000000000000000e+03 9.366000000000000000e+03
9.226000000000000000e+03 9.316000000000000000e+03
9.251000000000000000e+03 9.304000000000000000e+03
9.220000000000000000e+03 9.331000000000000000e+03
9.224000000000000000e+03 9.325000000000000000e+03
9.201000000000000000e+03 9.348000000000000000e+03
9.219000000000000000e+03 9.340000000000000000e+03
9.256000000000000000e+03 9.287000000000000000e+03
9.265000000000000000e+03 9.276000000000000000e+03
9.296000000000000000e+03 9.251000000000000000e+03
9.276000000000000000e+03 9.269000000000000000e+03
9.268000000000000000e+03 9.270000000000000000e+03
9.284000000000000000e+03 9.268000000000000000e+03
9.287000000000000000e+03 9.262000000000000000e+03
9.307000000000000000e+03 9.239000000000000000e+03
9.297000000000000000e+03 9.243000000000000000e+03
9.317000000000000000e+03 9.228000000000000000e+03
9.330000000000000000e+03 9.216000000000000000e+03
9.335000000000000000e+03 9.184000000000000000e+03
9.374000000000000000e+03 9.153000000000000000e+03
9.359000000000000000e+03 9.181000000000000000e+03
9.381000000000000000e+03 9.140000000000000000e+03
9.390000000000000000e+03 9.126000000000000000e+03
9.392000000000000000e+03 9.118000000000000000e+03
9.366000000000000000e+03 9.164000000000000000e+03
9.376000000000000000e+03 9.141000000000000000e+03
9.394000000000000000e+03 9.108000000000000000e+03
9.443000000000000000e+03 9.060000000000000000e+03
9.408000000000000000e+03 9.089000000000000000e+03
9.403000000000000000e+03 9.098000000000000000e+03
9.401000000000000000e+03 9.101000000000000000e+03
9.424000000000000000e+03 9.080000000000000000e+03
9.434000000000000000e+03 9.077000000000000000e+03
9.448000000000000000e+03 9.048000000000000000e+03
9.455000000000000000e+03 9.041000000000000000e+03
9.466000000000000000e+03 9.014000000000000000e+03
9.459000000000000000e+03 9.028000000000000000e+03
9.465000000000000000e+03 9.023000000000000000e+03
9.480000000000000000e+03 9.013000000000000000e+03
9.493000000000000000e+03 8.991000000000000000e+03
9.509000000000000000e+03 8.982000000000000000e+03
9.483000000000000000e+03 8.992000000000000000e+03
9.512000000000000000e+03 8.977000000000000000e+03
9.520000000000000000e+03 8.957000000000000000e+03
9.528000000000000000e+03 8.924000000000000000e+03
9.525000000000000000e+03 8.943000000000000000e+03
9.533000000000000000e+03 8.911000000000000000e+03
9.544000000000000000e+03 8.901000000000000000e+03
9.540000000000000000e+03 8.910000000000000000e+03
9.543000000000000000e+03 8.908000000000000000e+03
9.561000000000000000e+03 8.881000000000000000e+03
9.578000000000000000e+03 8.851000000000000000e+03
9.574000000000000000e+03 8.856000000000000000e+03
9.560000000000000000e+03 8.894000000000000000e+03
9.571000000000000000e+03 8.869000000000000000e+03
9.582000000000000000e+03 8.827000000000000000e+03
9.564000000000000000e+03 8.870000000000000000e+03
9.593000000000000000e+03 8.797000000000000000e+03
9.586000000000000000e+03 8.823000000000000000e+03
9.604000000000000000e+03 8.769000000000000000e+03
9.591000000000000000e+03 8.810000000000000000e+03
9.608000000000000000e+03 8.756000000000000000e+03
9.614000000000000000e+03 8.754000000000000000e+03
9.633000000000000000e+03 8.746000000000000000e+03
9.645000000000000000e+03 8.707000000000000000e+03
9.639000000000000000e+03 8.736000000000000000e+03
9.657000000000000000e+03 8.675000000000000000e+03
9.680000000000000000e+03 8.669000000000000000e+03
9.655000000000000000e+03 8.691000000000000000e+03
9.648000000000000000e+03 8.692000000000000000e+03
9.682000000000000000e+03 8.639000000000000000e+03
9.686000000000000000e+03 8.629000000000000000e+03
9.664000000000000000e+03 8.672000000000000000e+03
9.685000000000000000e+03 8.634000000000000000e+03
9.701000000000000000e+03 8.599000000000000000e+03
9.705000000000000000e+03 8.575000000000000000e+03
9.690000000000000000e+03 8.621000000000000000e+03
9.694000000000000000e+03 8.617000000000000000e+03
9.716000000000000000e+03 8.545000000000000000e+03
9.708000000000000000e+03 8.551000000000000000e+03
9.727000000000000000e+03 8.494000000000000000e+03
9.722000000000000000e+03 8.508000000000000000e+03
9.741000000000000000e+03 8.446000000000000000e+03
9.764000000000000000e+03 8.436000000000000000e+03
9.740000000000000000e+03 8.492000000000000000e+03
9.747000000000000000e+03 8.441000000000000000e+03
9.767000000000000000e+03 8.382000000000000000e+03
9.777000000000000000e+03 8.379000000000000000e+03
9.792000000000000000e+03 8.279000000000000000e+03
9.789000000000000000e+03 8.359000000000000000e+03
9.791000000000000000e+03 8.325000000000000000e+03
9.811000000000000000e+03 8.174000000000000000e+03
9.800000000000000000e+03 8.246000000000000000e+03
9.794000000000000000e+03 8.270000000000000000e+03
9.812000000000000000e+03 8.169000000000000000e+03
9.798000000000000000e+03 8.264000000000000000e+03
9.832000000000000000e+03 8.091000000000000000e+03
9.818000000000000000e+03 8.151000000000000000e+03
9.823000000000000000e+03 8.101000000000000000e+03
9.841000000000000000e+03 8.073000000000000000e+03
9.814000000000000000e+03 8.166000000000000000e+03
9.809000000000000000e+03 8.236000000000000000e+03
9.822000000000000000e+03 8.123000000000000000e+03
9.849000000000000000e+03 7.890000000000000000e+03
9.857000000000000000e+03 7.874000000000000000e+03
9.868000000000000000e+03 7.804000000000000000e+03
9.846000000000000000e+03 8.016000000000000000e+03
8.653000000000000000e+03 9.753000000000000000e+03
8.570000000000000000e+03 9.821000000000000000e+03
8.650000000000000000e+03 9.790000000000000000e+03
8.608000000000000000e+03 9.800000000000000000e+03
8.625000000000000000e+03 9.795000000000000000e+03
8.606000000000000000e+03 9.811000000000000000e+03
8.582000000000000000e+03 9.816000000000000000e+03
7.506000000000000000e+03 1.005300000000000000e+04
7.635000000000000000e+03 1.004700000000000000e+04
7.625000000000000000e+03 1.005200000000000000e+04
8.229000000000000000e+03 9.944000000000000000e+03
8.227000000000000000e+03 9.948000000000000000e+03
8.295000000000000000e+03 9.927000000000000000e+03
8.278000000000000000e+03 9.934000000000000000e+03
8.263000000000000000e+03 9.942000000000000000e+03
8.288000000000000000e+03 9.929000000000000000e+03
8.319000000000000000e+03 9.925000000000000000e+03
8.336000000000000000e+03 9.914000000000000000e+03
8.391000000000000000e+03 9.891000000000000000e+03
8.380000000000000000e+03 9.903000000000000000e+03
8.370000000000000000e+03 9.911000000000000000e+03
8.388000000000000000e+03 9.896000000000000000e+03
8.408000000000000000e+03 9.890000000000000000e+03
8.351000000000000000e+03 9.913000000000000000e+03
8.519000000000000000e+03 9.850000000000000000e+03
8.550000000000000000e+03 9.833000000000000000e+03
8.499000000000000000e+03 9.859000000000000000e+03
8.578000000000000000e+03 9.816000000000000000e+03
8.583000000000000000e+03 9.813000000000000000e+03
8.594000000000000000e+03 9.804000000000000000e+03
8.541000000000000000e+03 9.840000000000000000e+03
8.565000000000000000e+03 9.824000000000000000e+03
8.560000000000000000e+03 9.828000000000000000e+03
8.643000000000000000e+03 9.788000000000000000e+03
8.666000000000000000e+03 9.760000000000000000e+03
8.648000000000000000e+03 9.766000000000000000e+03
8.685000000000000000e+03 9.754000000000000000e+03
8.662000000000000000e+03 9.761000000000000000e+03
8.706000000000000000e+03 9.751000000000000000e+03
8.626000000000000000e+03 9.801000000000000000e+03
8.644000000000000000e+03 9.776000000000000000e+03
8.675000000000000000e+03 9.759000000000000000e+03
8.708000000000000000e+03 9.749000000000000000e+03
8.715000000000000000e+03 9.743000000000000000e+03
8.697000000000000000e+03 9.752000000000000000e+03
8.746000000000000000e+03 9.728000000000000000e+03
8.731000000000000000e+03 9.733000000000000000e+03
8.771000000000000000e+03 9.720000000000000000e+03
8.789000000000000000e+03 9.705000000000000000e+03
8.802000000000000000e+03 9.703000000000000000e+03
8.809000000000000000e+03 9.699000000000000000e+03
8.831000000000000000e+03 9.680000000000000000e+03
8.864000000000000000e+03 9.666000000000000000e+03
8.974000000000000000e+03 9.558000000000000000e+03
8.972000000000000000e+03 9.577000000000000000e+03
8.913000000000000000e+03 9.638000000000000000e+03
8.887000000000000000e+03 9.653000000000000000e+03
8.892000000000000000e+03 9.652000000000000000e+03
8.954000000000000000e+03 9.595000000000000000e+03
8.970000000000000000e+03 9.589000000000000000e+03
8.937000000000000000e+03 9.620000000000000000e+03
8.945000000000000000e+03 9.599000000000000000e+03
8.999000000000000000e+03 9.527000000000000000e+03
8.981000000000000000e+03 9.542000000000000000e+03
8.979000000000000000e+03 9.544000000000000000e+03
9.022000000000000000e+03 9.519000000000000000e+03
8.997000000000000000e+03 9.536000000000000000e+03
9.034000000000000000e+03 9.501000000000000000e+03
9.050000000000000000e+03 9.488000000000000000e+03
9.071000000000000000e+03 9.464000000000000000e+03
9.112000000000000000e+03 9.416000000000000000e+03
9.087000000000000000e+03 9.443000000000000000e+03
9.073000000000000000e+03 9.462000000000000000e+03
9.074000000000000000e+03 9.445000000000000000e+03
9.108000000000000000e+03 9.417000000000000000e+03
9.123000000000000000e+03 9.415000000000000000e+03
9.179000000000000000e+03 9.374000000000000000e+03
9.173000000000000000e+03 9.375000000000000000e+03
9.143000000000000000e+03 9.397000000000000000e+03
9.188000000000000000e+03 9.349000000000000000e+03
9.158000000000000000e+03 9.386000000000000000e+03
9.209000000000000000e+03 9.340000000000000000e+03
9.216000000000000000e+03 9.329000000000000000e+03
9.237000000000000000e+03 9.322000000000000000e+03
9.250000000000000000e+03 9.308000000000000000e+03
9.241000000000000000e+03 9.319000000000000000e+03
9.232000000000000000e+03 9.323000000000000000e+03
9.245000000000000000e+03 9.317000000000000000e+03
9.290000000000000000e+03 9.273000000000000000e+03
9.300000000000000000e+03 9.260000000000000000e+03
9.268000000000000000e+03 9.297000000000000000e+03
9.279000000000000000e+03 9.275000000000000000e+03
9.306000000000000000e+03 9.240000000000000000e+03
9.311000000000000000e+03 9.239000000000000000e+03
9.334000000000000000e+03 9.222000000000000000e+03
9.386000000000000000e+03 9.145000000000000000e+03
9.393000000000000000e+03 9.139000000000000000e+03
9.428000000000000000e+03 9.090000000000000000e+03
9.401000000000000000e+03 9.120000000000000000e+03
9.440000000000000000e+03 9.073000000000000000e+03
9.359000000000000000e+03 9.180000000000000000e+03
9.343000000000000000e+03 9.209000000000000000e+03
9.348000000000000000e+03 9.188000000000000000e+03
9.380000000000000000e+03 9.157000000000000000e+03
9.378000000000000000e+03 9.160000000000000000e+03
9.397000000000000000e+03 9.134000000000000000e+03
9.405000000000000000e+03 9.119000000000000000e+03
9.425000000000000000e+03 9.115000000000000000e+03
9.439000000000000000e+03 9.081000000000000000e+03
9.466000000000000000e+03 9.040000000000000000e+03
9.472000000000000000e+03 9.027000000000000000e+03
9.446000000000000000e+03 9.059000000000000000e+03
9.474000000000000000e+03 9.026000000000000000e+03
9.494000000000000000e+03 9.009000000000000000e+03
9.476000000000000000e+03 9.020000000000000000e+03
9.492000000000000000e+03 9.011000000000000000e+03
9.483000000000000000e+03 9.012000000000000000e+03
9.479000000000000000e+03 9.019000000000000000e+03
9.510000000000000000e+03 8.992000000000000000e+03
9.535000000000000000e+03 8.938000000000000000e+03
9.520000000000000000e+03 8.974000000000000000e+03
9.523000000000000000e+03 8.961000000000000000e+03
9.537000000000000000e+03 8.926000000000000000e+03
9.541000000000000000e+03 8.919000000000000000e+03
9.532000000000000000e+03 8.949000000000000000e+03
9.530000000000000000e+03 8.951000000000000000e+03
9.550000000000000000e+03 8.905000000000000000e+03
9.545000000000000000e+03 8.915000000000000000e+03
9.558000000000000000e+03 8.901000000000000000e+03
9.549000000000000000e+03 8.909000000000000000e+03
9.582000000000000000e+03 8.871000000000000000e+03
9.559000000000000000e+03 8.888000000000000000e+03
9.565000000000000000e+03 8.883000000000000000e+03
9.616000000000000000e+03 8.811000000000000000e+03
9.602000000000000000e+03 8.838000000000000000e+03
9.644000000000000000e+03 8.746000000000000000e+03
9.624000000000000000e+03 8.806000000000000000e+03
9.635000000000000000e+03 8.796000000000000000e+03
9.655000000000000000e+03 8.680000000000000000e+03
9.653000000000000000e+03 8.681000000000000000e+03
9.649000000000000000e+03 8.693000000000000000e+03
9.647000000000000000e+03 8.717000000000000000e+03
9.682000000000000000e+03 8.672000000000000000e+03
9.706000000000000000e+03 8.616000000000000000e+03
9.711000000000000000e+03 8.557000000000000000e+03
9.718000000000000000e+03 8.549000000000000000e+03
9.684000000000000000e+03 8.633000000000000000e+03
9.708000000000000000e+03 8.559000000000000000e+03
9.733000000000000000e+03 8.504000000000000000e+03
9.751000000000000000e+03 8.428000000000000000e+03
9.728000000000000000e+03 8.520000000000000000e+03
9.725000000000000000e+03 8.527000000000000000e+03
9.734000000000000000e+03 8.488000000000000000e+03
9.746000000000000000e+03 8.478000000000000000e+03
9.749000000000000000e+03 8.453000000000000000e+03
9.787000000000000000e+03 8.303000000000000000e+03
9.755000000000000000e+03 8.412000000000000000e+03
9.762000000000000000e+03 8.388000000000000000e+03
9.776000000000000000e+03 8.333000000000000000e+03
9.780000000000000000e+03 8.313000000000000000e+03
9.773000000000000000e+03 8.358000000000000000e+03
9.777000000000000000e+03 8.316000000000000000e+03
9.781000000000000000e+03 8.312000000000000000e+03
9.795000000000000000e+03 8.260000000000000000e+03
9.809000000000000000e+03 8.256000000000000000e+03
9.833000000000000000e+03 8.136000000000000000e+03
9.811000000000000000e+03 8.193000000000000000e+03
9.815000000000000000e+03 8.191000000000000000e+03
9.838000000000000000e+03 8.123000000000000000e+03
9.828000000000000000e+03 8.171000000000000000e+03
9.823000000000000000e+03 8.188000000000000000e+03
9.853000000000000000e+03 7.965000000000000000e+03
9.860000000000000000e+03 7.947000000000000000e+03
9.852000000000000000e+03 8.046000000000000000e+03
9.855000000000000000e+03 7.961000000000000000e+03
9.871000000000000000e+03 7.863000000000000000e+03
9.870000000000000000e+03 7.881000000000000000e+03
8.072000000000000000e+03 9.980000000000000000e+03
7.922000000000000000e+03 1.000300000000000000e+04
7.902000000000000000e+03 1.001100000000000000e+04
7.973000000000000000e+03 1.000200000000000000e+04
7.731000000000000000e+03 1.003800000000000000e+04
7.694000000000000000e+03 1.004300000000000000e+04
7.769000000000000000e+03 1.003600000000000000e+04
7.673000000000000000e+03 1.004500000000000000e+04
7.867000000000000000e+03 1.003200000000000000e+04
8.121000000000000000e+03 9.974000000000000000e+03
8.122000000000000000e+03 9.970000000000000000e+03
7.999000000000000000e+03 9.997000000000000000e+03
7.987000000000000000e+03 1.000100000000000000e+04
8.053000000000000000e+03 9.986000000000000000e+03
8.027000000000000000e+03 9.994000000000000000e+03
8.212000000000000000e+03 9.960000000000000000e+03
8.167000000000000000e+03 9.968000000000000000e+03
