7.740000000000000000e+03 1.000700000000000000e+04
7.783000000000000000e+03 1.000400000000000000e+04
7.822000000000000000e+03 9.995000000000000000e+03
7.728000000000000000e+03 1.000900000000000000e+04
7.786000000000000000e+03 9.998000000000000000e+03
7.756000000000000000e+03 1.000600000000000000e+04
7.839000000000000000e+03 9.987000000000000000e+03
7.926000000000000000e+03 9.981000000000000000e+03
7.913000000000000000e+03 9.985000000000000000e+03
7.929000000000000000e+03 9.976000000000000000e+03
7.981000000000000000e+03 9.973000000000000000e+03
7.955000000000000000e+03 9.975000000000000000e+03
8.155000000000000000e+03 9.952000000000000000e+03
8.124000000000000000e+03 9.954000000000000000e+03
8.114000000000000000e+03 9.957000000000000000e+03
8.099000000000000000e+03 9.971000000000000000e+03
8.271000000000000000e+03 9.918000000000000000e+03
8.318000000000000000e+03 9.910000000000000000e+03
8.264000000000000000e+03 9.923000000000000000e+03
8.240000000000000000e+03 9.938000000000000000e+03
8.250000000000000000e+03 9.925000000000000000e+03
8.288000000000000000e+03 9.911000000000000000e+03
8.356000000000000000e+03 9.889000000000000000e+03
8.351000000000000000e+03 9.890000000000000000e+03
8.377000000000000000e+03 9.881000000000000000e+03
8.389000000000000000e+03 9.875000000000000000e+03
8.334000000000000000e+03 9.892000000000000000e+03
8.396000000000000000e+03 9.866000000000000000e+03
8.398000000000000000e+03 9.862000000000000000e+03
8.461000000000000000e+03 9.848000000000000000e+03
8.445000000000000000e+03 9.859000000000000000e+03
8.513000000000000000e+03 9.839000000000000000e+03
8.492000000000000000e+03 9.843000000000000000e+03
8.483000000000000000e+03 9.844000000000000000e+03
8.494000000000000000e+03 9.841000000000000000e+03
8.522000000000000000e+03 9.825000000000000000e+03
8.562000000000000000e+03 9.807000000000000000e+03
8.593000000000000000e+03 9.787000000000000000e+03
8.594000000000000000e+03 9.784000000000000000e+03
8.575000000000000000e+03 9.800000000000000000e+03
8.631000000000000000e+03 9.780000000000000000e+03
8.660000000000000000e+03 9.757000000000000000e+03
8.641000000000000000e+03 9.767000000000000000e+03
8.670000000000000000e+03 9.744000000000000000e+03
8.688000000000000000e+03 9.725000000000000000e+03
8.671000000000000000e+03 9.727000000000000000e+03
8.754000000000000000e+03 9.694000000000000000e+03
8.777000000000000000e+03 9.674000000000000000e+03
8.729000000000000000e+03 9.715000000000000000e+03
8.730000000000000000e+03 9.701000000000000000e+03
8.806000000000000000e+03 9.650000000000000000e+03
8.795000000000000000e+03 9.669000000000000000e+03
8.776000000000000000e+03 9.691000000000000000e+03
8.858000000000000000e+03 9.617000000000000000e+03
8.839000000000000000e+03 9.626000000000000000e+03
8.869000000000000000e+03 9.602000000000000000e+03
8.884000000000000000e+03 9.595000000000000000e+03
8.827000000000000000e+03 9.646000000000000000e+03
8.843000000000000000e+03 9.620000000000000000e+03
8.925000000000000000e+03 9.558000000000000000e+03
8.944000000000000000e+03 9.549000000000000000e+03
8.975000000000000000e+03 9.537000000000000000e+03
8.928000000000000000e+03 9.550000000000000000e+03
8.993000000000000000e+03 9.518000000000000000e+03
9.010000000000000000e+03 9.484000000000000000e+03
8.997000000000000000e+03 9.508000000000000000e+03
9.008000000000000000e+03 9.488000000000000000e+03
9.016000000000000000e+03 9.477000000000000000e+03
9.004000000000000000e+03 9.493000000000000000e+03
9.055000000000000000e+03 9.473000000000000000e+03
9.081000000000000000e+03 9.431000000000000000e+03
9.102000000000000000e+03 9.415000000000000000e+03
9.067000000000000000e+03 9.440000000000000000e+03
9.127000000000000000e+03 9.406000000000000000e+03
9.071000000000000000e+03 9.432000000000000000e+03
9.111000000000000000e+03 9.414000000000000000e+03
9.101000000000000000e+03 9.422000000000000000e+03
9.136000000000000000e+03 9.391000000000000000e+03
9.119000000000000000e+03 9.408000000000000000e+03
9.148000000000000000e+03 9.370000000000000000e+03
9.161000000000000000e+03 9.362000000000000000e+03
9.153000000000000000e+03 9.364000000000000000e+03
9.156000000000000000e+03 9.363000000000000000e+03
9.143000000000000000e+03 9.385000000000000000e+03
9.194000000000000000e+03 9.359000000000000000e+03
9.247000000000000000e+03 9.295000000000000000e+03
9.217000000000000000e+03 9.302000000000000000e+03
9.208000000000000000e+03 9.339000000000000000e+03
9.215000000000000000e+03 9.318000000000000000e+03
9.226000000000000000e+03 9.296000000000000000e+03
9.257000000000000000e+03 9.276000000000000000e+03
9.273000000000000000e+03 9.228000000000000000e+03
9.270000000000000000e+03 9.235000000000000000e+03
9.349000000000000000e+03 9.149000000000000000e+03
9.314000000000000000e+03 9.178000000000000000e+03
9.316000000000000000e+03 9.176000000000000000e+03
9.359000000000000000e+03 9.126000000000000000e+03
9.342000000000000000e+03 9.167000000000000000e+03
9.329000000000000000e+03 9.171000000000000000e+03
9.355000000000000000e+03 9.134000000000000000e+03
9.372000000000000000e+03 9.114000000000000000e+03
9.481000000000000000e+03 8.956000000000000000e+03
9.453000000000000000e+03 9.010000000000000000e+03
9.411000000000000000e+03 9.033000000000000000e+03
9.419000000000000000e+03 9.029000000000000000e+03
9.409000000000000000e+03 9.080000000000000000e+03
9.393000000000000000e+03 9.109000000000000000e+03
9.400000000000000000e+03 9.091000000000000000e+03
9.422000000000000000e+03 9.020000000000000000e+03
9.512000000000000000e+03 8.888000000000000000e+03
9.466000000000000000e+03 8.986000000000000000e+03
9.488000000000000000e+03 8.906000000000000000e+03
9.537000000000000000e+03 8.820000000000000000e+03
9.531000000000000000e+03 8.828000000000000000e+03
9.522000000000000000e+03 8.865000000000000000e+03
9.507000000000000000e+03 8.905000000000000000e+03
9.527000000000000000e+03 8.856000000000000000e+03
9.509000000000000000e+03 8.897000000000000000e+03
7.827000000000000000e+03 9.985000000000000000e+03
7.828000000000000000e+03 9.981000000000000000e+03
8.020000000000000000e+03 9.967000000000000000e+03
7.983000000000000000e+03 9.977000000000000000e+03
7.959000000000000000e+03 9.979000000000000000e+03
8.053000000000000000e+03 9.959000000000000000e+03
8.069000000000000000e+03 9.943000000000000000e+03
8.068000000000000000e+03 9.947000000000000000e+03
8.056000000000000000e+03 9.952000000000000000e+03
8.151000000000000000e+03 9.934000000000000000e+03
8.125000000000000000e+03 9.939000000000000000e+03
8.171000000000000000e+03 9.926000000000000000e+03
8.190000000000000000e+03 9.925000000000000000e+03
8.199000000000000000e+03 9.916000000000000000e+03
8.248000000000000000e+03 9.904000000000000000e+03
8.344000000000000000e+03 9.901000000000000000e+03
8.354000000000000000e+03 9.888000000000000000e+03
8.385000000000000000e+03 9.879000000000000000e+03
8.380000000000000000e+03 9.885000000000000000e+03
8.432000000000000000e+03 9.870000000000000000e+03
8.386000000000000000e+03 9.877000000000000000e+03
8.455000000000000000e+03 9.857000000000000000e+03
8.430000000000000000e+03 9.871000000000000000e+03
8.450000000000000000e+03 9.868000000000000000e+03
8.479000000000000000e+03 9.856000000000000000e+03
8.515000000000000000e+03 9.826000000000000000e+03
8.486000000000000000e+03 9.838000000000000000e+03
8.492000000000000000e+03 9.831000000000000000e+03
7.843000000000000000e+03 9.998000000000000000e+03
7.886000000000000000e+03 9.989000000000000000e+03
7.893000000000000000e+03 9.987000000000000000e+03
7.903000000000000000e+03 9.977000000000000000e+03
7.896000000000000000e+03 9.978000000000000000e+03
7.948000000000000000e+03 9.974000000000000000e+03
8.037000000000000000e+03 9.953000000000000000e+03
7.973000000000000000e+03 9.970000000000000000e+03
8.005000000000000000e+03 9.957000000000000000e+03
8.033000000000000000e+03 9.956000000000000000e+03
8.085000000000000000e+03 9.946000000000000000e+03
8.095000000000000000e+03 9.940000000000000000e+03
8.209000000000000000e+03 9.932000000000000000e+03
8.230000000000000000e+03 9.923000000000000000e+03
8.302000000000000000e+03 9.913000000000000000e+03
8.272000000000000000e+03 9.914000000000000000e+03
8.353000000000000000e+03 9.910000000000000000e+03
8.401000000000000000e+03 9.876000000000000000e+03
8.375000000000000000e+03 9.885000000000000000e+03
8.371000000000000000e+03 9.895000000000000000e+03
8.445000000000000000e+03 9.846000000000000000e+03
8.414000000000000000e+03 9.854000000000000000e+03
8.430000000000000000e+03 9.851000000000000000e+03
8.492000000000000000e+03 9.835000000000000000e+03
8.455000000000000000e+03 9.843000000000000000e+03
8.496000000000000000e+03 9.828000000000000000e+03
8.439000000000000000e+03 9.848000000000000000e+03
8.461000000000000000e+03 9.836000000000000000e+03
8.531000000000000000e+03 9.808000000000000000e+03
8.505000000000000000e+03 9.820000000000000000e+03
8.515000000000000000e+03 9.811000000000000000e+03
8.563000000000000000e+03 9.802000000000000000e+03
8.518000000000000000e+03 9.810000000000000000e+03
8.546000000000000000e+03 9.806000000000000000e+03
8.586000000000000000e+03 9.800000000000000000e+03
8.605000000000000000e+03 9.787000000000000000e+03
8.618000000000000000e+03 9.784000000000000000e+03
8.616000000000000000e+03 9.786000000000000000e+03
8.603000000000000000e+03 9.789000000000000000e+03
8.630000000000000000e+03 9.770000000000000000e+03
8.642000000000000000e+03 9.767000000000000000e+03
8.669000000000000000e+03 9.758000000000000000e+03
8.681000000000000000e+03 9.746000000000000000e+03
8.686000000000000000e+03 9.728000000000000000e+03
8.754000000000000000e+03 9.672000000000000000e+03
8.753000000000000000e+03 9.681000000000000000e+03
8.750000000000000000e+03 9.682000000000000000e+03
8.723000000000000000e+03 9.704000000000000000e+03
8.724000000000000000e+03 9.702000000000000000e+03
8.744000000000000000e+03 9.700000000000000000e+03
8.712000000000000000e+03 9.726000000000000000e+03
8.763000000000000000e+03 9.671000000000000000e+03
8.779000000000000000e+03 9.652000000000000000e+03
8.747000000000000000e+03 9.688000000000000000e+03
8.804000000000000000e+03 9.646000000000000000e+03
8.793000000000000000e+03 9.648000000000000000e+03
8.843000000000000000e+03 9.610000000000000000e+03
8.818000000000000000e+03 9.623000000000000000e+03
8.809000000000000000e+03 9.634000000000000000e+03
8.916000000000000000e+03 9.563000000000000000e+03
8.876000000000000000e+03 9.571000000000000000e+03
8.873000000000000000e+03 9.587000000000000000e+03
8.907000000000000000e+03 9.569000000000000000e+03
8.858000000000000000e+03 9.592000000000000000e+03
8.874000000000000000e+03 9.580000000000000000e+03
8.956000000000000000e+03 9.539000000000000000e+03
8.950000000000000000e+03 9.553000000000000000e+03
8.966000000000000000e+03 9.535000000000000000e+03
8.991000000000000000e+03 9.521000000000000000e+03
8.988000000000000000e+03 9.533000000000000000e+03
8.989000000000000000e+03 9.524000000000000000e+03
9.036000000000000000e+03 9.496000000000000000e+03
9.034000000000000000e+03 9.517000000000000000e+03
9.103000000000000000e+03 9.465000000000000000e+03
9.067000000000000000e+03 9.492000000000000000e+03
9.092000000000000000e+03 9.487000000000000000e+03
9.113000000000000000e+03 9.440000000000000000e+03
9.111000000000000000e+03 9.456000000000000000e+03
9.152000000000000000e+03 9.407000000000000000e+03
9.142000000000000000e+03 9.421000000000000000e+03
9.162000000000000000e+03 9.394000000000000000e+03
9.181000000000000000e+03 9.379000000000000000e+03
9.158000000000000000e+03 9.396000000000000000e+03
9.153000000000000000e+03 9.403000000000000000e+03
9.171000000000000000e+03 9.386000000000000000e+03
9.204000000000000000e+03 9.339000000000000000e+03
9.203000000000000000e+03 9.344000000000000000e+03
9.197000000000000000e+03 9.374000000000000000e+03
