1.842400000000000000e+04 1.821800000000000000e+04
1.814200000000000000e+04 1.844900000000000000e+04
1.842300000000000000e+04 1.823600000000000000e+04
1.833700000000000000e+04 1.833800000000000000e+04
1.839700000000000000e+04 1.828700000000000000e+04
1.848900000000000000e+04 1.821700000000000000e+04
1.835300000000000000e+04 1.829900000000000000e+04
1.824000000000000000e+04 1.844000000000000000e+04
1.824200000000000000e+04 1.837900000000000000e+04
1.838500000000000000e+04 1.828900000000000000e+04
1.870300000000000000e+04 1.808100000000000000e+04
1.873400000000000000e+04 1.795800000000000000e+04
1.872800000000000000e+04 1.804100000000000000e+04
1.881100000000000000e+04 1.793400000000000000e+04
1.883000000000000000e+04 1.775500000000000000e+04
1.890300000000000000e+04 1.771600000000000000e+04
1.893700000000000000e+04 1.766600000000000000e+04
1.890000000000000000e+04 1.772200000000000000e+04
1.894600000000000000e+04 1.758300000000000000e+04
1.888400000000000000e+04 1.775200000000000000e+04
1.888500000000000000e+04 1.774000000000000000e+04
1.888800000000000000e+04 1.772400000000000000e+04
1.840900000000000000e+04 1.827600000000000000e+04
1.891000000000000000e+04 1.771000000000000000e+04
1.784500000000000000e+04 1.863500000000000000e+04
1.788300000000000000e+04 1.861500000000000000e+04
1.802400000000000000e+04 1.849900000000000000e+04
1.808600000000000000e+04 1.846700000000000000e+04
1.795700000000000000e+04 1.854900000000000000e+04
1.794800000000000000e+04 1.856200000000000000e+04
1.863000000000000000e+04 1.811800000000000000e+04
1.823300000000000000e+04 1.834500000000000000e+04
1.787600000000000000e+04 1.861800000000000000e+04
1.825000000000000000e+04 1.831900000000000000e+04
1.812600000000000000e+04 1.840300000000000000e+04
1.801700000000000000e+04 1.850600000000000000e+04
1.821600000000000000e+04 1.837900000000000000e+04
1.829200000000000000e+04 1.827700000000000000e+04
1.861000000000000000e+04 1.812800000000000000e+04
1.860300000000000000e+04 1.818000000000000000e+04
1.858500000000000000e+04 1.819900000000000000e+04
1.864800000000000000e+04 1.808400000000000000e+04
1.863800000000000000e+04 1.808800000000000000e+04
1.872700000000000000e+04 1.795200000000000000e+04
1.857600000000000000e+04 1.823600000000000000e+04
1.819300000000000000e+04 1.838900000000000000e+04
1.868500000000000000e+04 1.804400000000000000e+04
1.830800000000000000e+04 1.824300000000000000e+04
1.791700000000000000e+04 1.867700000000000000e+04
1.775700000000000000e+04 1.868900000000000000e+04
1.775000000000000000e+04 1.870200000000000000e+04
1.839400000000000000e+04 1.843200000000000000e+04
1.795600000000000000e+04 1.864100000000000000e+04
1.843800000000000000e+04 1.835700000000000000e+04
1.785200000000000000e+04 1.867800000000000000e+04
1.796400000000000000e+04 1.863400000000000000e+04
1.766900000000000000e+04 1.874400000000000000e+04
1.840400000000000000e+04 1.838000000000000000e+04
1.833600000000000000e+04 1.854500000000000000e+04
1.804800000000000000e+04 1.859100000000000000e+04
1.836000000000000000e+04 1.849400000000000000e+04
1.854300000000000000e+04 1.831500000000000000e+04
1.860000000000000000e+04 1.827700000000000000e+04
1.838400000000000000e+04 1.846100000000000000e+04
1.797200000000000000e+04 1.859700000000000000e+04
1.856300000000000000e+04 1.828400000000000000e+04
1.840500000000000000e+04 1.836200000000000000e+04
1.848100000000000000e+04 1.833400000000000000e+04
1.856200000000000000e+04 1.830200000000000000e+04
1.866000000000000000e+04 1.814700000000000000e+04
1.804600000000000000e+04 1.859500000000000000e+04
1.825700000000000000e+04 1.857300000000000000e+04
1.863500000000000000e+04 1.823500000000000000e+04
1.861100000000000000e+04 1.823900000000000000e+04
1.865500000000000000e+04 1.815800000000000000e+04
1.870500000000000000e+04 1.805500000000000000e+04
1.865200000000000000e+04 1.820400000000000000e+04
1.871500000000000000e+04 1.802900000000000000e+04
1.873800000000000000e+04 1.800100000000000000e+04
1.869500000000000000e+04 1.813300000000000000e+04
1.810000000000000000e+04 1.854000000000000000e+04
1.782800000000000000e+04 1.856900000000000000e+04
1.818200000000000000e+04 1.845100000000000000e+04
1.812400000000000000e+04 1.851900000000000000e+04
1.815200000000000000e+04 1.847400000000000000e+04
1.842800000000000000e+04 1.814600000000000000e+04
1.845200000000000000e+04 1.812000000000000000e+04
1.805900000000000000e+04 1.855800000000000000e+04
1.831900000000000000e+04 1.834700000000000000e+04
1.818000000000000000e+04 1.846900000000000000e+04
1.842500000000000000e+04 1.821200000000000000e+04
1.844900000000000000e+04 1.812300000000000000e+04
1.846600000000000000e+04 1.808400000000000000e+04
1.832100000000000000e+04 1.827500000000000000e+04
1.851600000000000000e+04 1.807700000000000000e+04
1.829200000000000000e+04 1.839800000000000000e+04
1.866200000000000000e+04 1.788000000000000000e+04
1.870800000000000000e+04 1.779000000000000000e+04
1.874400000000000000e+04 1.744700000000000000e+04
1.695400000000000000e+04 1.842100000000000000e+04
1.810500000000000000e+04 1.825700000000000000e+04
1.817000000000000000e+04 1.822400000000000000e+04
1.700000000000000000e+04 1.840200000000000000e+04
1.745400000000000000e+04 1.837600000000000000e+04
1.806100000000000000e+04 1.832100000000000000e+04
1.755600000000000000e+04 1.833800000000000000e+04
1.815900000000000000e+04 1.822500000000000000e+04
1.815400000000000000e+04 1.824200000000000000e+04
1.828900000000000000e+04 1.820200000000000000e+04
1.832900000000000000e+04 1.816900000000000000e+04
1.834100000000000000e+04 1.814200000000000000e+04
1.838900000000000000e+04 1.811700000000000000e+04
1.872100000000000000e+04 1.787600000000000000e+04
1.876700000000000000e+04 1.787500000000000000e+04
1.840700000000000000e+04 1.809200000000000000e+04
1.886400000000000000e+04 1.774300000000000000e+04
1.861600000000000000e+04 1.800100000000000000e+04
1.828100000000000000e+04 1.821900000000000000e+04
1.878000000000000000e+04 1.774600000000000000e+04
1.849300000000000000e+04 1.805700000000000000e+04
1.867500000000000000e+04 1.792700000000000000e+04
1.868800000000000000e+04 1.792600000000000000e+04
1.876800000000000000e+04 1.785400000000000000e+04
1.870800000000000000e+04 1.790700000000000000e+04
1.833300000000000000e+04 1.816000000000000000e+04
1.862900000000000000e+04 1.793900000000000000e+04
1.871700000000000000e+04 1.789900000000000000e+04
