2.553300000000000000e+04 2.657300000000000000e+04
2.609100000000000000e+04 2.648000000000000000e+04
2.607000000000000000e+04 2.649200000000000000e+04
2.603900000000000000e+04 2.656100000000000000e+04
2.689100000000000000e+04 2.624300000000000000e+04
2.671100000000000000e+04 2.629100000000000000e+04
2.683500000000000000e+04 2.624900000000000000e+04
2.668400000000000000e+04 2.629200000000000000e+04
2.629500000000000000e+04 2.639000000000000000e+04
2.691100000000000000e+04 2.623900000000000000e+04
2.675600000000000000e+04 2.625400000000000000e+04
2.757400000000000000e+04 2.605700000000000000e+04
2.614600000000000000e+04 2.643300000000000000e+04
2.735400000000000000e+04 2.610900000000000000e+04
2.752600000000000000e+04 2.607800000000000000e+04
2.613600000000000000e+04 2.646000000000000000e+04
2.732700000000000000e+04 2.619800000000000000e+04
2.734300000000000000e+04 2.613200000000000000e+04
2.732000000000000000e+04 2.620800000000000000e+04
2.746400000000000000e+04 2.609800000000000000e+04
2.751800000000000000e+04 2.608600000000000000e+04
2.760400000000000000e+04 2.600900000000000000e+04
2.746800000000000000e+04 2.609100000000000000e+04
2.620300000000000000e+04 2.655300000000000000e+04
2.640900000000000000e+04 2.649100000000000000e+04
2.641500000000000000e+04 2.648800000000000000e+04
2.611200000000000000e+04 2.672200000000000000e+04
2.683300000000000000e+04 2.648000000000000000e+04
2.708900000000000000e+04 2.621000000000000000e+04
2.617000000000000000e+04 2.671300000000000000e+04
2.602500000000000000e+04 2.673000000000000000e+04
2.610600000000000000e+04 2.672600000000000000e+04
2.695400000000000000e+04 2.633700000000000000e+04
2.626200000000000000e+04 2.654100000000000000e+04
2.620200000000000000e+04 2.660400000000000000e+04
2.640400000000000000e+04 2.650300000000000000e+04
2.693900000000000000e+04 2.643100000000000000e+04
2.708800000000000000e+04 2.632500000000000000e+04
2.718200000000000000e+04 2.607900000000000000e+04
2.715700000000000000e+04 2.609400000000000000e+04
2.717000000000000000e+04 2.608800000000000000e+04
2.719700000000000000e+04 2.603900000000000000e+04
2.723500000000000000e+04 2.603700000000000000e+04
2.725400000000000000e+04 2.601500000000000000e+04
2.736800000000000000e+04 2.581800000000000000e+04
2.714400000000000000e+04 2.616300000000000000e+04
2.715000000000000000e+04 2.609900000000000000e+04
2.731600000000000000e+04 2.600900000000000000e+04
2.691100000000000000e+04 2.611700000000000000e+04
2.692600000000000000e+04 2.609900000000000000e+04
2.746600000000000000e+04 2.594400000000000000e+04
2.685100000000000000e+04 2.613800000000000000e+04
2.741000000000000000e+04 2.594600000000000000e+04
2.748100000000000000e+04 2.591500000000000000e+04
2.680300000000000000e+04 2.614200000000000000e+04
2.733000000000000000e+04 2.595000000000000000e+04
2.793600000000000000e+04 2.578700000000000000e+04
2.787000000000000000e+04 2.587900000000000000e+04
2.783500000000000000e+04 2.589300000000000000e+04
2.796200000000000000e+04 2.566900000000000000e+04
2.791000000000000000e+04 2.587000000000000000e+04
2.586400000000000000e+04 2.637400000000000000e+04
2.590000000000000000e+04 2.636200000000000000e+04
2.584000000000000000e+04 2.641400000000000000e+04
2.591300000000000000e+04 2.635400000000000000e+04
2.647900000000000000e+04 2.629900000000000000e+04
2.669400000000000000e+04 2.619100000000000000e+04
2.657800000000000000e+04 2.628200000000000000e+04
2.643700000000000000e+04 2.633900000000000000e+04
2.669100000000000000e+04 2.620000000000000000e+04
2.585900000000000000e+04 2.638300000000000000e+04
2.583200000000000000e+04 2.650900000000000000e+04
2.681900000000000000e+04 2.616600000000000000e+04
2.676500000000000000e+04 2.617500000000000000e+04
2.688400000000000000e+04 2.606000000000000000e+04
2.716900000000000000e+04 2.575800000000000000e+04
2.643900000000000000e+04 2.630900000000000000e+04
2.644100000000000000e+04 2.630700000000000000e+04
2.710500000000000000e+04 2.582200000000000000e+04
2.706100000000000000e+04 2.582300000000000000e+04
2.731200000000000000e+04 2.560100000000000000e+04
2.717800000000000000e+04 2.569600000000000000e+04
2.731600000000000000e+04 2.558700000000000000e+04
2.729700000000000000e+04 2.561300000000000000e+04
2.717300000000000000e+04 2.574900000000000000e+04
2.732400000000000000e+04 2.556300000000000000e+04
2.722800000000000000e+04 2.568300000000000000e+04
2.697400000000000000e+04 2.603400000000000000e+04
2.702500000000000000e+04 2.586000000000000000e+04
2.698000000000000000e+04 2.586400000000000000e+04
2.725200000000000000e+04 2.564000000000000000e+04
2.741500000000000000e+04 2.540600000000000000e+04
2.734800000000000000e+04 2.553400000000000000e+04
2.737800000000000000e+04 2.545800000000000000e+04
2.744600000000000000e+04 2.537300000000000000e+04
2.727800000000000000e+04 2.561400000000000000e+04
2.720600000000000000e+04 2.569500000000000000e+04
2.736900000000000000e+04 2.552700000000000000e+04
2.734700000000000000e+04 2.554600000000000000e+04
2.742300000000000000e+04 2.539400000000000000e+04
2.747000000000000000e+04 2.535800000000000000e+04
2.750300000000000000e+04 2.532600000000000000e+04
2.760300000000000000e+04 2.518100000000000000e+04
2.754700000000000000e+04 2.525700000000000000e+04
2.759100000000000000e+04 2.524800000000000000e+04
2.751100000000000000e+04 2.527400000000000000e+04
2.756800000000000000e+04 2.525000000000000000e+04
2.765800000000000000e+04 2.517600000000000000e+04
2.595900000000000000e+04 2.618700000000000000e+04
2.615200000000000000e+04 2.613600000000000000e+04
2.584200000000000000e+04 2.626600000000000000e+04
2.593000000000000000e+04 2.621300000000000000e+04
2.585700000000000000e+04 2.623500000000000000e+04
2.686200000000000000e+04 2.586500000000000000e+04
2.607700000000000000e+04 2.616100000000000000e+04
2.584600000000000000e+04 2.624900000000000000e+04
2.684700000000000000e+04 2.587200000000000000e+04
2.691300000000000000e+04 2.585600000000000000e+04
2.684300000000000000e+04 2.601600000000000000e+04
2.736800000000000000e+04 2.568300000000000000e+04
2.680000000000000000e+04 2.605600000000000000e+04
2.730900000000000000e+04 2.568500000000000000e+04
2.729100000000000000e+04 2.575600000000000000e+04
2.746600000000000000e+04 2.567000000000000000e+04
2.754100000000000000e+04 2.563500000000000000e+04
2.752000000000000000e+04 2.566900000000000000e+04
2.757000000000000000e+04 2.559800000000000000e+04
2.754200000000000000e+04 2.563300000000000000e+04
2.759500000000000000e+04 2.557200000000000000e+04
2.728900000000000000e+04 2.577600000000000000e+04
2.737100000000000000e+04 2.567500000000000000e+04
2.762300000000000000e+04 2.533600000000000000e+04
2.763800000000000000e+04 2.531100000000000000e+04
2.769400000000000000e+04 2.530500000000000000e+04
2.771800000000000000e+04 2.521600000000000000e+04
2.781200000000000000e+04 2.490600000000000000e+04
2.779200000000000000e+04 2.492700000000000000e+04
2.779500000000000000e+04 2.492200000000000000e+04
2.771700000000000000e+04 2.527800000000000000e+04
2.775200000000000000e+04 2.515300000000000000e+04
