8.835000000000000000e+03 9.292000000000000000e+03
9.089000000000000000e+03 9.129000000000000000e+03
8.949000000000000000e+03 9.230000000000000000e+03
9.050000000000000000e+03 9.160000000000000000e+03
8.709000000000000000e+03 9.367000000000000000e+03
8.921000000000000000e+03 9.256000000000000000e+03
9.022000000000000000e+03 9.207000000000000000e+03
9.100000000000000000e+03 9.066000000000000000e+03
9.128000000000000000e+03 9.043000000000000000e+03
8.723000000000000000e+03 9.327000000000000000e+03
8.885000000000000000e+03 9.268000000000000000e+03
8.683000000000000000e+03 9.414000000000000000e+03
9.093000000000000000e+03 9.077000000000000000e+03
8.765000000000000000e+03 9.206000000000000000e+03
8.853000000000000000e+03 9.113000000000000000e+03
8.596000000000000000e+03 9.323000000000000000e+03
8.613000000000000000e+03 9.287000000000000000e+03
8.491000000000000000e+03 9.359000000000000000e+03
8.816000000000000000e+03 9.154000000000000000e+03
8.547000000000000000e+03 9.338000000000000000e+03
8.523000000000000000e+03 9.344000000000000000e+03
8.471000000000000000e+03 9.360000000000000000e+03
8.630000000000000000e+03 9.281000000000000000e+03
8.718000000000000000e+03 9.244000000000000000e+03
8.982000000000000000e+03 8.860000000000000000e+03
8.976000000000000000e+03 8.909000000000000000e+03
8.968000000000000000e+03 8.983000000000000000e+03
8.940000000000000000e+03 9.108000000000000000e+03
9.171000000000000000e+03 8.716000000000000000e+03
9.147000000000000000e+03 8.785000000000000000e+03
9.164000000000000000e+03 8.750000000000000000e+03
9.076000000000000000e+03 8.818000000000000000e+03
9.223000000000000000e+03 8.688000000000000000e+03
9.127000000000000000e+03 8.795000000000000000e+03
9.194000000000000000e+03 8.701000000000000000e+03
9.198000000000000000e+03 8.691000000000000000e+03
9.045000000000000000e+03 8.835000000000000000e+03
9.354000000000000000e+03 8.632000000000000000e+03
9.345000000000000000e+03 8.642000000000000000e+03
9.469000000000000000e+03 8.261000000000000000e+03
9.339000000000000000e+03 8.686000000000000000e+03
9.408000000000000000e+03 8.480000000000000000e+03
9.373000000000000000e+03 8.589000000000000000e+03
9.363000000000000000e+03 8.591000000000000000e+03
9.459000000000000000e+03 8.407000000000000000e+03
9.388000000000000000e+03 8.507000000000000000e+03
9.452000000000000000e+03 8.417000000000000000e+03
9.418000000000000000e+03 8.454000000000000000e+03
8.380000000000000000e+03 9.327000000000000000e+03
8.499000000000000000e+03 9.286000000000000000e+03
8.959000000000000000e+03 9.170000000000000000e+03
8.822000000000000000e+03 9.205000000000000000e+03
8.410000000000000000e+03 9.302000000000000000e+03
8.477000000000000000e+03 9.296000000000000000e+03
9.031000000000000000e+03 9.163000000000000000e+03
9.047000000000000000e+03 9.059000000000000000e+03
9.208000000000000000e+03 8.836000000000000000e+03
8.753000000000000000e+03 9.274000000000000000e+03
9.110000000000000000e+03 8.946000000000000000e+03
9.215000000000000000e+03 8.775000000000000000e+03
9.016000000000000000e+03 9.165000000000000000e+03
9.152000000000000000e+03 8.886000000000000000e+03
8.818000000000000000e+03 9.210000000000000000e+03
9.135000000000000000e+03 8.921000000000000000e+03
8.800000000000000000e+03 9.251000000000000000e+03
8.896000000000000000e+03 9.190000000000000000e+03
9.169000000000000000e+03 8.883000000000000000e+03
9.210000000000000000e+03 8.783000000000000000e+03
9.060000000000000000e+03 9.022000000000000000e+03
9.084000000000000000e+03 8.988000000000000000e+03
9.078000000000000000e+03 9.021000000000000000e+03
9.261000000000000000e+03 8.719000000000000000e+03
9.186000000000000000e+03 8.858000000000000000e+03
7.982000000000000000e+03 9.425000000000000000e+03
8.206000000000000000e+03 9.421000000000000000e+03
8.860000000000000000e+03 9.201000000000000000e+03
8.279000000000000000e+03 9.419000000000000000e+03
8.907000000000000000e+03 9.178000000000000000e+03
8.801000000000000000e+03 9.251000000000000000e+03
8.300000000000000000e+03 9.415000000000000000e+03
8.639000000000000000e+03 9.335000000000000000e+03
8.712000000000000000e+03 9.331000000000000000e+03
8.600000000000000000e+03 9.349000000000000000e+03
8.820000000000000000e+03 9.242000000000000000e+03
8.323000000000000000e+03 9.366000000000000000e+03
8.785000000000000000e+03 9.259000000000000000e+03
8.826000000000000000e+03 9.217000000000000000e+03
8.715000000000000000e+03 9.308000000000000000e+03
8.862000000000000000e+03 9.193000000000000000e+03
8.788000000000000000e+03 9.255000000000000000e+03
9.119000000000000000e+03 8.916000000000000000e+03
8.765000000000000000e+03 9.293000000000000000e+03
8.889000000000000000e+03 9.191000000000000000e+03
8.857000000000000000e+03 9.211000000000000000e+03
8.914000000000000000e+03 9.164000000000000000e+03
8.916000000000000000e+03 9.149000000000000000e+03
9.007000000000000000e+03 9.117000000000000000e+03
8.899000000000000000e+03 9.184000000000000000e+03
9.084000000000000000e+03 8.981000000000000000e+03
9.087000000000000000e+03 8.953000000000000000e+03
9.101000000000000000e+03 8.938000000000000000e+03
9.088000000000000000e+03 8.952000000000000000e+03
8.976000000000000000e+03 9.147000000000000000e+03
9.078000000000000000e+03 9.000000000000000000e+03
9.059000000000000000e+03 9.048000000000000000e+03
9.107000000000000000e+03 8.920000000000000000e+03
9.182000000000000000e+03 8.566000000000000000e+03
9.147000000000000000e+03 8.855000000000000000e+03
9.157000000000000000e+03 8.847000000000000000e+03
9.166000000000000000e+03 8.805000000000000000e+03
9.172000000000000000e+03 8.601000000000000000e+03
9.039000000000000000e+03 9.107000000000000000e+03
8.747000000000000000e+03 9.203000000000000000e+03
8.632000000000000000e+03 9.245000000000000000e+03
8.852000000000000000e+03 9.159000000000000000e+03
8.637000000000000000e+03 9.207000000000000000e+03
8.373000000000000000e+03 9.297000000000000000e+03
8.614000000000000000e+03 9.260000000000000000e+03
8.379000000000000000e+03 9.264000000000000000e+03
9.045000000000000000e+03 9.070000000000000000e+03
9.009000000000000000e+03 9.142000000000000000e+03
9.051000000000000000e+03 9.055000000000000000e+03
9.036000000000000000e+03 9.118000000000000000e+03
9.298000000000000000e+03 8.881000000000000000e+03
9.245000000000000000e+03 8.909000000000000000e+03
8.938000000000000000e+03 9.145000000000000000e+03
9.123000000000000000e+03 9.015000000000000000e+03
9.112000000000000000e+03 9.023000000000000000e+03
9.068000000000000000e+03 9.036000000000000000e+03
9.089000000000000000e+03 9.025000000000000000e+03
9.170000000000000000e+03 8.996000000000000000e+03
9.281000000000000000e+03 8.905000000000000000e+03
9.207000000000000000e+03 8.975000000000000000e+03
9.240000000000000000e+03 8.921000000000000000e+03
9.234000000000000000e+03 8.929000000000000000e+03
9.362000000000000000e+03 8.832000000000000000e+03
9.309000000000000000e+03 8.855000000000000000e+03
8.929000000000000000e+03 9.156000000000000000e+03
9.284000000000000000e+03 8.897000000000000000e+03
9.052000000000000000e+03 9.050000000000000000e+03
9.299000000000000000e+03 8.866000000000000000e+03
9.212000000000000000e+03 8.931000000000000000e+03
9.199000000000000000e+03 8.989000000000000000e+03
9.237000000000000000e+03 8.926000000000000000e+03
