7.161000000000000000e+03 1.010000000000000000e+04
7.222000000000000000e+03 1.009600000000000000e+04
7.383000000000000000e+03 1.009300000000000000e+04
7.460000000000000000e+03 1.008600000000000000e+04
7.537000000000000000e+03 1.008300000000000000e+04
7.612000000000000000e+03 1.008000000000000000e+04
7.641000000000000000e+03 1.007400000000000000e+04
7.656000000000000000e+03 1.007200000000000000e+04
7.677000000000000000e+03 1.007100000000000000e+04
7.686000000000000000e+03 1.006900000000000000e+04
7.741000000000000000e+03 1.006400000000000000e+04
7.766000000000000000e+03 1.005600000000000000e+04
7.784000000000000000e+03 1.005400000000000000e+04
7.796000000000000000e+03 1.005300000000000000e+04
7.801000000000000000e+03 1.004900000000000000e+04
7.833000000000000000e+03 1.004700000000000000e+04
7.840000000000000000e+03 1.004200000000000000e+04
7.888000000000000000e+03 1.004000000000000000e+04
7.902000000000000000e+03 1.003600000000000000e+04
7.904000000000000000e+03 1.003200000000000000e+04
7.918000000000000000e+03 1.003100000000000000e+04
7.939000000000000000e+03 1.003000000000000000e+04
7.951000000000000000e+03 1.002500000000000000e+04
7.968000000000000000e+03 1.002000000000000000e+04
7.974000000000000000e+03 1.001900000000000000e+04
7.999000000000000000e+03 1.001400000000000000e+04
8.020000000000000000e+03 1.001200000000000000e+04
8.047000000000000000e+03 1.000900000000000000e+04
8.051000000000000000e+03 1.000600000000000000e+04
8.058000000000000000e+03 1.000200000000000000e+04
8.072000000000000000e+03 9.999000000000000000e+03
8.082000000000000000e+03 9.995000000000000000e+03
8.134000000000000000e+03 9.994000000000000000e+03
8.170000000000000000e+03 9.985000000000000000e+03
8.198000000000000000e+03 9.977000000000000000e+03
8.202000000000000000e+03 9.972000000000000000e+03
8.203000000000000000e+03 9.971000000000000000e+03
8.233000000000000000e+03 9.968000000000000000e+03
8.243000000000000000e+03 9.960000000000000000e+03
8.246000000000000000e+03 9.959000000000000000e+03
8.254000000000000000e+03 9.954000000000000000e+03
8.276000000000000000e+03 9.952000000000000000e+03
8.285000000000000000e+03 9.951000000000000000e+03
8.289000000000000000e+03 9.942000000000000000e+03
8.302000000000000000e+03 9.938000000000000000e+03
8.304000000000000000e+03 9.935000000000000000e+03
8.308000000000000000e+03 9.933000000000000000e+03
8.312000000000000000e+03 9.932000000000000000e+03
8.317000000000000000e+03 9.931000000000000000e+03
8.323000000000000000e+03 9.930000000000000000e+03
8.326000000000000000e+03 9.927000000000000000e+03
8.344000000000000000e+03 9.926000000000000000e+03
8.352000000000000000e+03 9.922000000000000000e+03
8.359000000000000000e+03 9.917000000000000000e+03
8.368000000000000000e+03 9.914000000000000000e+03
8.384000000000000000e+03 9.913000000000000000e+03
8.401000000000000000e+03 9.910000000000000000e+03
8.421000000000000000e+03 9.905000000000000000e+03
8.429000000000000000e+03 9.898000000000000000e+03
8.430000000000000000e+03 9.895000000000000000e+03
8.436000000000000000e+03 9.893000000000000000e+03
8.446000000000000000e+03 9.886000000000000000e+03
8.452000000000000000e+03 9.881000000000000000e+03
8.469000000000000000e+03 9.880000000000000000e+03
8.473000000000000000e+03 9.877000000000000000e+03
8.475000000000000000e+03 9.875000000000000000e+03
8.484000000000000000e+03 9.872000000000000000e+03
8.505000000000000000e+03 9.869000000000000000e+03
8.507000000000000000e+03 9.860000000000000000e+03
8.533000000000000000e+03 9.859000000000000000e+03
8.534000000000000000e+03 9.849000000000000000e+03
8.548000000000000000e+03 9.846000000000000000e+03
8.551000000000000000e+03 9.844000000000000000e+03
8.555000000000000000e+03 9.842000000000000000e+03
8.557000000000000000e+03 9.839000000000000000e+03
8.560000000000000000e+03 9.838000000000000000e+03
8.570000000000000000e+03 9.834000000000000000e+03
8.581000000000000000e+03 9.832000000000000000e+03
8.586000000000000000e+03 9.825000000000000000e+03
8.605000000000000000e+03 9.821000000000000000e+03
8.610000000000000000e+03 9.816000000000000000e+03
8.623000000000000000e+03 9.808000000000000000e+03
8.628000000000000000e+03 9.807000000000000000e+03
8.645000000000000000e+03 9.803000000000000000e+03
8.659000000000000000e+03 9.795000000000000000e+03
8.666000000000000000e+03 9.793000000000000000e+03
8.675000000000000000e+03 9.789000000000000000e+03
8.692000000000000000e+03 9.779000000000000000e+03
8.700000000000000000e+03 9.772000000000000000e+03
8.702000000000000000e+03 9.768000000000000000e+03
8.723000000000000000e+03 9.764000000000000000e+03
8.734000000000000000e+03 9.760000000000000000e+03
8.735000000000000000e+03 9.752000000000000000e+03
8.745000000000000000e+03 9.750000000000000000e+03
8.760000000000000000e+03 9.744000000000000000e+03
8.763000000000000000e+03 9.732000000000000000e+03
8.775000000000000000e+03 9.730000000000000000e+03
8.781000000000000000e+03 9.727000000000000000e+03
8.783000000000000000e+03 9.724000000000000000e+03
8.800000000000000000e+03 9.718000000000000000e+03
8.804000000000000000e+03 9.712000000000000000e+03
8.808000000000000000e+03 9.710000000000000000e+03
8.809000000000000000e+03 9.706000000000000000e+03
8.815000000000000000e+03 9.703000000000000000e+03
8.826000000000000000e+03 9.700000000000000000e+03
8.830000000000000000e+03 9.694000000000000000e+03
8.834000000000000000e+03 9.688000000000000000e+03
8.842000000000000000e+03 9.683000000000000000e+03
8.846000000000000000e+03 9.682000000000000000e+03
8.859000000000000000e+03 9.676000000000000000e+03
8.860000000000000000e+03 9.669000000000000000e+03
8.864000000000000000e+03 9.666000000000000000e+03
8.865000000000000000e+03 9.665000000000000000e+03
8.875000000000000000e+03 9.662000000000000000e+03
8.877000000000000000e+03 9.661000000000000000e+03
8.878000000000000000e+03 9.660000000000000000e+03
8.883000000000000000e+03 9.657000000000000000e+03
8.884000000000000000e+03 9.655000000000000000e+03
8.895000000000000000e+03 9.652000000000000000e+03
8.900000000000000000e+03 9.644000000000000000e+03
8.903000000000000000e+03 9.643000000000000000e+03
8.905000000000000000e+03 9.636000000000000000e+03
8.911000000000000000e+03 9.635000000000000000e+03
8.926000000000000000e+03 9.631000000000000000e+03
8.934000000000000000e+03 9.623000000000000000e+03
8.944000000000000000e+03 9.621000000000000000e+03
8.948000000000000000e+03 9.617000000000000000e+03
8.963000000000000000e+03 9.609000000000000000e+03
8.970000000000000000e+03 9.596000000000000000e+03
8.972000000000000000e+03 9.595000000000000000e+03
8.980000000000000000e+03 9.592000000000000000e+03
8.994000000000000000e+03 9.588000000000000000e+03
9.001000000000000000e+03 9.576000000000000000e+03
9.007000000000000000e+03 9.574000000000000000e+03
9.010000000000000000e+03 9.565000000000000000e+03
9.013000000000000000e+03 9.559000000000000000e+03
9.023000000000000000e+03 9.557000000000000000e+03
9.032000000000000000e+03 9.554000000000000000e+03
9.036000000000000000e+03 9.553000000000000000e+03
9.044000000000000000e+03 9.544000000000000000e+03
9.052000000000000000e+03 9.531000000000000000e+03
9.067000000000000000e+03 9.529000000000000000e+03
9.069000000000000000e+03 9.512000000000000000e+03
9.081000000000000000e+03 9.507000000000000000e+03
9.085000000000000000e+03 9.501000000000000000e+03
9.088000000000000000e+03 9.496000000000000000e+03
9.091000000000000000e+03 9.493000000000000000e+03
9.095000000000000000e+03 9.490000000000000000e+03
9.107000000000000000e+03 9.488000000000000000e+03
9.115000000000000000e+03 9.482000000000000000e+03
9.118000000000000000e+03 9.468000000000000000e+03
9.122000000000000000e+03 9.466000000000000000e+03
9.131000000000000000e+03 9.464000000000000000e+03
9.136000000000000000e+03 9.462000000000000000e+03
9.140000000000000000e+03 9.455000000000000000e+03
9.168000000000000000e+03 9.445000000000000000e+03
9.175000000000000000e+03 9.426000000000000000e+03
9.177000000000000000e+03 9.422000000000000000e+03
9.192000000000000000e+03 9.409000000000000000e+03
9.193000000000000000e+03 9.403000000000000000e+03
9.209000000000000000e+03 9.394000000000000000e+03
9.212000000000000000e+03 9.374000000000000000e+03
9.214000000000000000e+03 9.373000000000000000e+03
9.221000000000000000e+03 9.371000000000000000e+03
9.231000000000000000e+03 9.369000000000000000e+03
9.234000000000000000e+03 9.360000000000000000e+03
9.241000000000000000e+03 9.356000000000000000e+03
9.244000000000000000e+03 9.347000000000000000e+03
9.249000000000000000e+03 9.341000000000000000e+03
9.259000000000000000e+03 9.338000000000000000e+03
9.261000000000000000e+03 9.329000000000000000e+03
9.262000000000000000e+03 9.323000000000000000e+03
9.274000000000000000e+03 9.322000000000000000e+03
9.284000000000000000e+03 9.307000000000000000e+03
9.292000000000000000e+03 9.305000000000000000e+03
9.294000000000000000e+03 9.302000000000000000e+03
9.295000000000000000e+03 9.285000000000000000e+03
9.308000000000000000e+03 9.282000000000000000e+03
9.318000000000000000e+03 9.267000000000000000e+03
9.323000000000000000e+03 9.262000000000000000e+03
9.324000000000000000e+03 9.254000000000000000e+03
9.327000000000000000e+03 9.253000000000000000e+03
9.331000000000000000e+03 9.252000000000000000e+03
9.335000000000000000e+03 9.242000000000000000e+03
9.346000000000000000e+03 9.236000000000000000e+03
9.352000000000000000e+03 9.225000000000000000e+03
9.358000000000000000e+03 9.217000000000000000e+03
9.361000000000000000e+03 9.212000000000000000e+03
9.363000000000000000e+03 9.206000000000000000e+03
9.369000000000000000e+03 9.201000000000000000e+03
9.372000000000000000e+03 9.198000000000000000e+03
9.382000000000000000e+03 9.194000000000000000e+03
9.385000000000000000e+03 9.185000000000000000e+03
9.389000000000000000e+03 9.174000000000000000e+03
9.392000000000000000e+03 9.172000000000000000e+03
9.396000000000000000e+03 9.162000000000000000e+03
9.397000000000000000e+03 9.161000000000000000e+03
9.398000000000000000e+03 9.160000000000000000e+03
9.409000000000000000e+03 9.151000000000000000e+03
9.411000000000000000e+03 9.150000000000000000e+03
9.415000000000000000e+03 9.140000000000000000e+03
9.422000000000000000e+03 9.130000000000000000e+03
9.423000000000000000e+03 9.128000000000000000e+03
9.427000000000000000e+03 9.121000000000000000e+03
9.428000000000000000e+03 9.119000000000000000e+03
9.434000000000000000e+03 9.117000000000000000e+03
9.444000000000000000e+03 9.113000000000000000e+03
9.445000000000000000e+03 9.109000000000000000e+03
9.448000000000000000e+03 9.096000000000000000e+03
9.451000000000000000e+03 9.094000000000000000e+03
9.456000000000000000e+03 9.087000000000000000e+03
9.463000000000000000e+03 9.085000000000000000e+03
9.468000000000000000e+03 9.083000000000000000e+03
9.472000000000000000e+03 9.079000000000000000e+03
9.480000000000000000e+03 9.063000000000000000e+03
9.482000000000000000e+03 9.062000000000000000e+03
9.485000000000000000e+03 9.057000000000000000e+03
9.495000000000000000e+03 9.044000000000000000e+03
9.503000000000000000e+03 9.024000000000000000e+03
9.508000000000000000e+03 9.018000000000000000e+03
9.509000000000000000e+03 9.009000000000000000e+03
9.518000000000000000e+03 9.008000000000000000e+03
9.522000000000000000e+03 9.003000000000000000e+03
9.525000000000000000e+03 9.001000000000000000e+03
9.527000000000000000e+03 8.989000000000000000e+03
9.534000000000000000e+03 8.986000000000000000e+03
9.538000000000000000e+03 8.970000000000000000e+03
9.542000000000000000e+03 8.964000000000000000e+03
9.549000000000000000e+03 8.962000000000000000e+03
9.554000000000000000e+03 8.946000000000000000e+03
9.563000000000000000e+03 8.935000000000000000e+03
9.568000000000000000e+03 8.930000000000000000e+03
9.569000000000000000e+03 8.920000000000000000e+03
9.570000000000000000e+03 8.917000000000000000e+03
9.571000000000000000e+03 8.916000000000000000e+03
9.574000000000000000e+03 8.912000000000000000e+03
9.577000000000000000e+03 8.911000000000000000e+03
9.578000000000000000e+03 8.909000000000000000e+03
9.580000000000000000e+03 8.904000000000000000e+03
9.584000000000000000e+03 8.901000000000000000e+03
9.592000000000000000e+03 8.895000000000000000e+03
9.601000000000000000e+03 8.883000000000000000e+03
9.604000000000000000e+03 8.869000000000000000e+03
9.606000000000000000e+03 8.861000000000000000e+03
9.614000000000000000e+03 8.852000000000000000e+03
9.618000000000000000e+03 8.834000000000000000e+03
9.619000000000000000e+03 8.831000000000000000e+03
9.620000000000000000e+03 8.830000000000000000e+03
9.623000000000000000e+03 8.828000000000000000e+03
9.625000000000000000e+03 8.820000000000000000e+03
9.626000000000000000e+03 8.816000000000000000e+03
9.632000000000000000e+03 8.815000000000000000e+03
9.637000000000000000e+03 8.802000000000000000e+03
9.639000000000000000e+03 8.798000000000000000e+03
9.640000000000000000e+03 8.790000000000000000e+03
9.648000000000000000e+03 8.787000000000000000e+03
9.655000000000000000e+03 8.772000000000000000e+03
9.656000000000000000e+03 8.763000000000000000e+03
9.658000000000000000e+03 8.751000000000000000e+03
9.668000000000000000e+03 8.747000000000000000e+03
9.669000000000000000e+03 8.737000000000000000e+03
9.675000000000000000e+03 8.714000000000000000e+03
9.680000000000000000e+03 8.701000000000000000e+03
9.686000000000000000e+03 8.689000000000000000e+03
9.688000000000000000e+03 8.684000000000000000e+03
9.691000000000000000e+03 8.675000000000000000e+03
9.692000000000000000e+03 8.673000000000000000e+03
9.695000000000000000e+03 8.669000000000000000e+03
9.698000000000000000e+03 8.661000000000000000e+03
9.700000000000000000e+03 8.653000000000000000e+03
9.703000000000000000e+03 8.647000000000000000e+03
9.705000000000000000e+03 8.632000000000000000e+03
9.708000000000000000e+03 8.622000000000000000e+03
9.709000000000000000e+03 8.617000000000000000e+03
9.719000000000000000e+03 8.615000000000000000e+03
9.722000000000000000e+03 8.599000000000000000e+03
9.723000000000000000e+03 8.588000000000000000e+03
9.733000000000000000e+03 8.586000000000000000e+03
9.737000000000000000e+03 8.552000000000000000e+03
9.742000000000000000e+03 8.539000000000000000e+03
9.743000000000000000e+03 8.530000000000000000e+03
9.744000000000000000e+03 8.525000000000000000e+03
9.745000000000000000e+03 8.522000000000000000e+03
9.747000000000000000e+03 8.512000000000000000e+03
9.753000000000000000e+03 8.501000000000000000e+03
9.756000000000000000e+03 8.494000000000000000e+03
9.759000000000000000e+03 8.486000000000000000e+03
9.761000000000000000e+03 8.464000000000000000e+03
9.764000000000000000e+03 8.451000000000000000e+03
9.768000000000000000e+03 8.438000000000000000e+03
9.770000000000000000e+03 8.437000000000000000e+03
9.774000000000000000e+03 8.432000000000000000e+03
9.776000000000000000e+03 8.418000000000000000e+03
9.778000000000000000e+03 8.416000000000000000e+03
9.783000000000000000e+03 8.402000000000000000e+03
9.787000000000000000e+03 8.394000000000000000e+03
9.788000000000000000e+03 8.380000000000000000e+03
9.789000000000000000e+03 8.370000000000000000e+03
9.790000000000000000e+03 8.368000000000000000e+03
9.791000000000000000e+03 8.356000000000000000e+03
9.793000000000000000e+03 8.354000000000000000e+03
9.794000000000000000e+03 8.347000000000000000e+03
9.795000000000000000e+03 8.344000000000000000e+03
9.798000000000000000e+03 8.339000000000000000e+03
9.799000000000000000e+03 8.322000000000000000e+03
9.803000000000000000e+03 8.310000000000000000e+03
9.804000000000000000e+03 8.309000000000000000e+03
9.806000000000000000e+03 8.295000000000000000e+03
9.810000000000000000e+03 8.291000000000000000e+03
9.813000000000000000e+03 8.290000000000000000e+03
9.815000000000000000e+03 8.267000000000000000e+03
9.818000000000000000e+03 8.265000000000000000e+03
9.820000000000000000e+03 8.249000000000000000e+03
9.824000000000000000e+03 8.243000000000000000e+03
9.827000000000000000e+03 8.234000000000000000e+03
9.829000000000000000e+03 8.216000000000000000e+03
9.830000000000000000e+03 8.209000000000000000e+03
9.836000000000000000e+03 8.206000000000000000e+03
9.837000000000000000e+03 8.181000000000000000e+03
9.838000000000000000e+03 8.170000000000000000e+03
9.839000000000000000e+03 8.164000000000000000e+03
9.840000000000000000e+03 8.162000000000000000e+03
9.845000000000000000e+03 8.150000000000000000e+03
9.851000000000000000e+03 8.137000000000000000e+03
9.852000000000000000e+03 8.106000000000000000e+03
9.853000000000000000e+03 8.102000000000000000e+03
9.855000000000000000e+03 8.097000000000000000e+03
9.864000000000000000e+03 8.070000000000000000e+03
9.866000000000000000e+03 8.040000000000000000e+03
9.868000000000000000e+03 8.027000000000000000e+03
9.871000000000000000e+03 8.021000000000000000e+03
9.873000000000000000e+03 8.002000000000000000e+03
9.879000000000000000e+03 7.993000000000000000e+03
9.880000000000000000e+03 7.922000000000000000e+03
9.883000000000000000e+03 7.896000000000000000e+03
9.886000000000000000e+03 7.854000000000000000e+03
9.888000000000000000e+03 7.715000000000000000e+03
9.889000000000000000e+03 7.713000000000000000e+03
