1.737300000000000000e+04 1.831000000000000000e+04
1.736200000000000000e+04 1.833000000000000000e+04
1.730800000000000000e+04 1.834400000000000000e+04
1.791700000000000000e+04 1.830300000000000000e+04
1.794100000000000000e+04 1.827100000000000000e+04
1.806400000000000000e+04 1.821700000000000000e+04
1.793400000000000000e+04 1.830200000000000000e+04
1.798700000000000000e+04 1.824800000000000000e+04
1.796600000000000000e+04 1.826800000000000000e+04
1.700000000000000000e+04 1.860800000000000000e+04
1.709100000000000000e+04 1.854800000000000000e+04
1.710000000000000000e+04 1.853600000000000000e+04
1.729300000000000000e+04 1.846900000000000000e+04
1.725400000000000000e+04 1.850900000000000000e+04
1.727800000000000000e+04 1.849500000000000000e+04
1.728700000000000000e+04 1.848300000000000000e+04
1.721800000000000000e+04 1.851800000000000000e+04
1.707700000000000000e+04 1.858000000000000000e+04
1.710500000000000000e+04 1.852900000000000000e+04
1.766800000000000000e+04 1.841200000000000000e+04
1.762900000000000000e+04 1.842200000000000000e+04
1.762500000000000000e+04 1.846600000000000000e+04
1.763100000000000000e+04 1.842100000000000000e+04
1.774300000000000000e+04 1.838000000000000000e+04
1.781900000000000000e+04 1.828700000000000000e+04
1.790600000000000000e+04 1.825800000000000000e+04
1.789700000000000000e+04 1.826500000000000000e+04
1.792400000000000000e+04 1.825500000000000000e+04
1.807600000000000000e+04 1.823500000000000000e+04
1.810800000000000000e+04 1.820300000000000000e+04
1.701700000000000000e+04 1.855600000000000000e+04
1.694700000000000000e+04 1.856500000000000000e+04
1.705500000000000000e+04 1.851900000000000000e+04
1.783100000000000000e+04 1.832800000000000000e+04
1.772900000000000000e+04 1.841700000000000000e+04
1.780600000000000000e+04 1.839300000000000000e+04
1.702400000000000000e+04 1.853700000000000000e+04
1.785700000000000000e+04 1.828500000000000000e+04
1.806200000000000000e+04 1.824300000000000000e+04
1.815800000000000000e+04 1.805900000000000000e+04
1.810500000000000000e+04 1.820200000000000000e+04
1.812500000000000000e+04 1.809000000000000000e+04
1.708900000000000000e+04 1.849900000000000000e+04
1.815500000000000000e+04 1.806100000000000000e+04
1.811400000000000000e+04 1.809600000000000000e+04
1.828900000000000000e+04 1.798300000000000000e+04
1.830500000000000000e+04 1.792900000000000000e+04
1.824700000000000000e+04 1.804000000000000000e+04
1.815900000000000000e+04 1.805700000000000000e+04
1.830000000000000000e+04 1.796900000000000000e+04
