8.774000000000000000e+03 9.113000000000000000e+03
8.418000000000000000e+03 9.237000000000000000e+03
8.729000000000000000e+03 9.134000000000000000e+03
8.994000000000000000e+03 9.024000000000000000e+03
8.984000000000000000e+03 9.046000000000000000e+03
8.999000000000000000e+03 9.019000000000000000e+03
8.727000000000000000e+03 9.138000000000000000e+03
8.951000000000000000e+03 9.080000000000000000e+03
8.963000000000000000e+03 9.048000000000000000e+03
8.989000000000000000e+03 9.035000000000000000e+03
9.109000000000000000e+03 9.002000000000000000e+03
9.035000000000000000e+03 9.017000000000000000e+03
9.114000000000000000e+03 8.841000000000000000e+03
8.603000000000000000e+03 9.222000000000000000e+03
8.790000000000000000e+03 9.251000000000000000e+03
8.778000000000000000e+03 9.279000000000000000e+03
8.753000000000000000e+03 9.285000000000000000e+03
8.659000000000000000e+03 9.331000000000000000e+03
7.931000000000000000e+03 9.480000000000000000e+03
8.321000000000000000e+03 9.479000000000000000e+03
8.334000000000000000e+03 9.464000000000000000e+03
8.735000000000000000e+03 9.109000000000000000e+03
8.558000000000000000e+03 9.299000000000000000e+03
8.734000000000000000e+03 9.236000000000000000e+03
8.501000000000000000e+03 9.349000000000000000e+03
8.453000000000000000e+03 9.361000000000000000e+03
8.775000000000000000e+03 9.098000000000000000e+03
8.446000000000000000e+03 9.452000000000000000e+03
8.778000000000000000e+03 9.050000000000000000e+03
8.730000000000000000e+03 9.287000000000000000e+03
8.961000000000000000e+03 8.901000000000000000e+03
8.927000000000000000e+03 8.934000000000000000e+03
8.918000000000000000e+03 8.972000000000000000e+03
8.898000000000000000e+03 9.024000000000000000e+03
8.901000000000000000e+03 8.978000000000000000e+03
8.968000000000000000e+03 8.899000000000000000e+03
8.941000000000000000e+03 8.931000000000000000e+03
