2.627900000000000000e+04 2.626900000000000000e+04
2.608800000000000000e+04 2.642800000000000000e+04
2.606500000000000000e+04 2.645200000000000000e+04
2.614300000000000000e+04 2.638900000000000000e+04
2.622500000000000000e+04 2.634100000000000000e+04
2.615700000000000000e+04 2.636700000000000000e+04
2.627400000000000000e+04 2.629100000000000000e+04
2.627700000000000000e+04 2.627600000000000000e+04
2.637500000000000000e+04 2.625600000000000000e+04
2.625200000000000000e+04 2.630000000000000000e+04
2.631200000000000000e+04 2.626000000000000000e+04
2.624000000000000000e+04 2.633500000000000000e+04
2.666000000000000000e+04 2.616100000000000000e+04
2.667100000000000000e+04 2.615500000000000000e+04
2.663100000000000000e+04 2.621400000000000000e+04
2.672700000000000000e+04 2.610800000000000000e+04
2.599700000000000000e+04 2.614900000000000000e+04
2.578600000000000000e+04 2.619600000000000000e+04
2.583300000000000000e+04 2.619500000000000000e+04
2.593800000000000000e+04 2.619000000000000000e+04
2.647700000000000000e+04 2.612800000000000000e+04
2.645400000000000000e+04 2.613100000000000000e+04
2.653200000000000000e+04 2.594100000000000000e+04
2.652500000000000000e+04 2.598100000000000000e+04
2.650000000000000000e+04 2.608600000000000000e+04
2.643100000000000000e+04 2.613800000000000000e+04
2.650300000000000000e+04 2.602000000000000000e+04
2.509400000000000000e+04 2.651800000000000000e+04
2.522400000000000000e+04 2.633000000000000000e+04
2.529400000000000000e+04 2.628300000000000000e+04
2.515900000000000000e+04 2.647800000000000000e+04
2.525200000000000000e+04 2.632900000000000000e+04
2.520500000000000000e+04 2.643200000000000000e+04
2.612600000000000000e+04 2.607200000000000000e+04
2.581300000000000000e+04 2.621500000000000000e+04
2.588800000000000000e+04 2.617700000000000000e+04
2.502500000000000000e+04 2.653000000000000000e+04
2.575000000000000000e+04 2.623300000000000000e+04
2.576000000000000000e+04 2.622800000000000000e+04
2.604200000000000000e+04 2.608700000000000000e+04
2.608100000000000000e+04 2.607900000000000000e+04
2.621200000000000000e+04 2.606700000000000000e+04
2.625900000000000000e+04 2.596600000000000000e+04
2.624300000000000000e+04 2.601400000000000000e+04
2.626600000000000000e+04 2.595000000000000000e+04
2.635600000000000000e+04 2.586600000000000000e+04
2.631400000000000000e+04 2.590800000000000000e+04
2.635700000000000000e+04 2.582300000000000000e+04
2.631700000000000000e+04 2.587500000000000000e+04
2.627900000000000000e+04 2.594200000000000000e+04
2.624900000000000000e+04 2.599700000000000000e+04
2.630100000000000000e+04 2.593100000000000000e+04
2.638300000000000000e+04 2.580100000000000000e+04
