7.231000000000000000e+03 1.009800000000000000e+04
7.368000000000000000e+03 1.009500000000000000e+04
7.425000000000000000e+03 1.009100000000000000e+04
7.434000000000000000e+03 1.008900000000000000e+04
7.443000000000000000e+03 1.008500000000000000e+04
7.534000000000000000e+03 1.008500000000000000e+04
7.539000000000000000e+03 1.008100000000000000e+04
7.581000000000000000e+03 1.007500000000000000e+04
7.581000000000000000e+03 1.008100000000000000e+04
7.588000000000000000e+03 1.007200000000000000e+04
7.604000000000000000e+03 1.007200000000000000e+04
7.633000000000000000e+03 1.007200000000000000e+04
7.671000000000000000e+03 1.007000000000000000e+04
7.686000000000000000e+03 1.006300000000000000e+04
7.688000000000000000e+03 1.005900000000000000e+04
7.733000000000000000e+03 1.005900000000000000e+04
7.774000000000000000e+03 1.005600000000000000e+04
7.796000000000000000e+03 1.005500000000000000e+04
7.804000000000000000e+03 1.004900000000000000e+04
7.840000000000000000e+03 1.004900000000000000e+04
7.846000000000000000e+03 1.004300000000000000e+04
7.856000000000000000e+03 1.004300000000000000e+04
7.887000000000000000e+03 1.004200000000000000e+04
7.888000000000000000e+03 1.004100000000000000e+04
7.889000000000000000e+03 1.003000000000000000e+04
7.913000000000000000e+03 1.002900000000000000e+04
7.963000000000000000e+03 1.002600000000000000e+04
7.988000000000000000e+03 1.001800000000000000e+04
8.030000000000000000e+03 1.001000000000000000e+04
8.065000000000000000e+03 1.000500000000000000e+04
8.067000000000000000e+03 1.000500000000000000e+04
8.072000000000000000e+03 1.000000000000000000e+04
8.099000000000000000e+03 9.991000000000000000e+03
8.099000000000000000e+03 9.996000000000000000e+03
8.107000000000000000e+03 9.990000000000000000e+03
8.113000000000000000e+03 9.989000000000000000e+03
8.124000000000000000e+03 9.987000000000000000e+03
8.128000000000000000e+03 9.985000000000000000e+03
8.131000000000000000e+03 9.985000000000000000e+03
8.136000000000000000e+03 9.985000000000000000e+03
8.137000000000000000e+03 9.984000000000000000e+03
8.175000000000000000e+03 9.984000000000000000e+03
8.188000000000000000e+03 9.976000000000000000e+03
8.190000000000000000e+03 9.967000000000000000e+03
8.194000000000000000e+03 9.967000000000000000e+03
8.201000000000000000e+03 9.965000000000000000e+03
8.201000000000000000e+03 9.967000000000000000e+03
8.205000000000000000e+03 9.959000000000000000e+03
8.231000000000000000e+03 9.959000000000000000e+03
8.234000000000000000e+03 9.955000000000000000e+03
8.239000000000000000e+03 9.954000000000000000e+03
8.257000000000000000e+03 9.952000000000000000e+03
8.260000000000000000e+03 9.949000000000000000e+03
8.262000000000000000e+03 9.949000000000000000e+03
8.282000000000000000e+03 9.946000000000000000e+03
8.288000000000000000e+03 9.946000000000000000e+03
8.293000000000000000e+03 9.944000000000000000e+03
8.307000000000000000e+03 9.939000000000000000e+03
8.322000000000000000e+03 9.938000000000000000e+03
8.323000000000000000e+03 9.936000000000000000e+03
8.332000000000000000e+03 9.929000000000000000e+03
8.333000000000000000e+03 9.926000000000000000e+03
8.345000000000000000e+03 9.925000000000000000e+03
8.349000000000000000e+03 9.920000000000000000e+03
8.366000000000000000e+03 9.920000000000000000e+03
8.375000000000000000e+03 9.919000000000000000e+03
8.383000000000000000e+03 9.913000000000000000e+03
8.411000000000000000e+03 9.896000000000000000e+03
8.411000000000000000e+03 9.902000000000000000e+03
8.413000000000000000e+03 9.894000000000000000e+03
8.414000000000000000e+03 9.894000000000000000e+03
8.429000000000000000e+03 9.893000000000000000e+03
8.432000000000000000e+03 9.893000000000000000e+03
8.456000000000000000e+03 9.884000000000000000e+03
8.464000000000000000e+03 9.884000000000000000e+03
8.473000000000000000e+03 9.880000000000000000e+03
8.473000000000000000e+03 9.881000000000000000e+03
8.474000000000000000e+03 9.869000000000000000e+03
8.474000000000000000e+03 9.870000000000000000e+03
8.474000000000000000e+03 9.878000000000000000e+03
8.479000000000000000e+03 9.867000000000000000e+03
8.481000000000000000e+03 9.867000000000000000e+03
8.511000000000000000e+03 9.867000000000000000e+03
8.520000000000000000e+03 9.860000000000000000e+03
8.523000000000000000e+03 9.857000000000000000e+03
8.523000000000000000e+03 9.860000000000000000e+03
8.543000000000000000e+03 9.845000000000000000e+03
8.543000000000000000e+03 9.851000000000000000e+03
8.550000000000000000e+03 9.843000000000000000e+03
8.552000000000000000e+03 9.841000000000000000e+03
8.555000000000000000e+03 9.839000000000000000e+03
8.558000000000000000e+03 9.838000000000000000e+03
8.560000000000000000e+03 9.831000000000000000e+03
8.565000000000000000e+03 9.831000000000000000e+03
8.575000000000000000e+03 9.831000000000000000e+03
8.581000000000000000e+03 9.826000000000000000e+03
8.581000000000000000e+03 9.830000000000000000e+03
8.591000000000000000e+03 9.823000000000000000e+03
8.600000000000000000e+03 9.818000000000000000e+03
8.601000000000000000e+03 9.817000000000000000e+03
8.603000000000000000e+03 9.815000000000000000e+03
8.608000000000000000e+03 9.814000000000000000e+03
8.632000000000000000e+03 9.800000000000000000e+03
8.632000000000000000e+03 9.810000000000000000e+03
8.633000000000000000e+03 9.799000000000000000e+03
8.633000000000000000e+03 9.800000000000000000e+03
8.643000000000000000e+03 9.799000000000000000e+03
8.651000000000000000e+03 9.793000000000000000e+03
8.668000000000000000e+03 9.789000000000000000e+03
8.677000000000000000e+03 9.788000000000000000e+03
8.684000000000000000e+03 9.783000000000000000e+03
8.686000000000000000e+03 9.771000000000000000e+03
8.690000000000000000e+03 9.768000000000000000e+03
8.706000000000000000e+03 9.765000000000000000e+03
8.706000000000000000e+03 9.768000000000000000e+03
8.711000000000000000e+03 9.765000000000000000e+03
8.712000000000000000e+03 9.758000000000000000e+03
8.712000000000000000e+03 9.765000000000000000e+03
8.715000000000000000e+03 9.757000000000000000e+03
8.726000000000000000e+03 9.755000000000000000e+03
8.744000000000000000e+03 9.749000000000000000e+03
8.748000000000000000e+03 9.742000000000000000e+03
8.749000000000000000e+03 9.742000000000000000e+03
8.750000000000000000e+03 9.740000000000000000e+03
8.758000000000000000e+03 9.737000000000000000e+03
8.759000000000000000e+03 9.733000000000000000e+03
8.759000000000000000e+03 9.737000000000000000e+03
8.765000000000000000e+03 9.731000000000000000e+03
8.765000000000000000e+03 9.732000000000000000e+03
8.768000000000000000e+03 9.731000000000000000e+03
8.773000000000000000e+03 9.731000000000000000e+03
8.776000000000000000e+03 9.722000000000000000e+03
8.776000000000000000e+03 9.723000000000000000e+03
8.777000000000000000e+03 9.718000000000000000e+03
8.799000000000000000e+03 9.716000000000000000e+03
8.800000000000000000e+03 9.706000000000000000e+03
8.800000000000000000e+03 9.707000000000000000e+03
8.811000000000000000e+03 9.706000000000000000e+03
8.813000000000000000e+03 9.704000000000000000e+03
8.818000000000000000e+03 9.704000000000000000e+03
8.819000000000000000e+03 9.694000000000000000e+03
8.820000000000000000e+03 9.694000000000000000e+03
8.822000000000000000e+03 9.690000000000000000e+03
8.822000000000000000e+03 9.692000000000000000e+03
8.823000000000000000e+03 9.688000000000000000e+03
8.827000000000000000e+03 9.687000000000000000e+03
8.828000000000000000e+03 9.687000000000000000e+03
8.831000000000000000e+03 9.685000000000000000e+03
8.836000000000000000e+03 9.678000000000000000e+03
8.836000000000000000e+03 9.685000000000000000e+03
8.837000000000000000e+03 9.678000000000000000e+03
8.840000000000000000e+03 9.678000000000000000e+03
8.841000000000000000e+03 9.676000000000000000e+03
8.841000000000000000e+03 9.677000000000000000e+03
8.853000000000000000e+03 9.675000000000000000e+03
8.857000000000000000e+03 9.673000000000000000e+03
8.867000000000000000e+03 9.668000000000000000e+03
8.868000000000000000e+03 9.659000000000000000e+03
8.868000000000000000e+03 9.662000000000000000e+03
8.871000000000000000e+03 9.658000000000000000e+03
8.886000000000000000e+03 9.657000000000000000e+03
8.892000000000000000e+03 9.647000000000000000e+03
8.898000000000000000e+03 9.647000000000000000e+03
8.902000000000000000e+03 9.645000000000000000e+03
8.904000000000000000e+03 9.638000000000000000e+03
8.904000000000000000e+03 9.641000000000000000e+03
8.906000000000000000e+03 9.638000000000000000e+03
8.913000000000000000e+03 9.637000000000000000e+03
8.917000000000000000e+03 9.634000000000000000e+03
8.920000000000000000e+03 9.622000000000000000e+03
8.920000000000000000e+03 9.629000000000000000e+03
8.925000000000000000e+03 9.622000000000000000e+03
8.926000000000000000e+03 9.622000000000000000e+03
8.935000000000000000e+03 9.619000000000000000e+03
8.937000000000000000e+03 9.619000000000000000e+03
8.949000000000000000e+03 9.610000000000000000e+03
8.952000000000000000e+03 9.602000000000000000e+03
8.952000000000000000e+03 9.608000000000000000e+03
8.953000000000000000e+03 9.601000000000000000e+03
8.953000000000000000e+03 9.602000000000000000e+03
8.963000000000000000e+03 9.600000000000000000e+03
8.971000000000000000e+03 9.585000000000000000e+03
8.971000000000000000e+03 9.586000000000000000e+03
8.971000000000000000e+03 9.590000000000000000e+03
8.971000000000000000e+03 9.597000000000000000e+03
8.986000000000000000e+03 9.584000000000000000e+03
8.999000000000000000e+03 9.574000000000000000e+03
8.999000000000000000e+03 9.584000000000000000e+03
9.008000000000000000e+03 9.570000000000000000e+03
9.011000000000000000e+03 9.564000000000000000e+03
9.019000000000000000e+03 9.558000000000000000e+03
9.023000000000000000e+03 9.558000000000000000e+03
9.027000000000000000e+03 9.550000000000000000e+03
9.029000000000000000e+03 9.549000000000000000e+03
9.038000000000000000e+03 9.547000000000000000e+03
9.041000000000000000e+03 9.541000000000000000e+03
9.054000000000000000e+03 9.538000000000000000e+03
9.057000000000000000e+03 9.530000000000000000e+03
9.059000000000000000e+03 9.527000000000000000e+03
9.068000000000000000e+03 9.518000000000000000e+03
9.073000000000000000e+03 9.516000000000000000e+03
9.079000000000000000e+03 9.512000000000000000e+03
9.091000000000000000e+03 9.509000000000000000e+03
9.094000000000000000e+03 9.500000000000000000e+03
9.102000000000000000e+03 9.491000000000000000e+03
9.104000000000000000e+03 9.487000000000000000e+03
9.106000000000000000e+03 9.481000000000000000e+03
9.109000000000000000e+03 9.476000000000000000e+03
9.118000000000000000e+03 9.476000000000000000e+03
9.119000000000000000e+03 9.473000000000000000e+03
9.120000000000000000e+03 9.470000000000000000e+03
9.120000000000000000e+03 9.472000000000000000e+03
9.122000000000000000e+03 9.459000000000000000e+03
9.122000000000000000e+03 9.468000000000000000e+03
9.136000000000000000e+03 9.459000000000000000e+03
9.140000000000000000e+03 9.447000000000000000e+03
9.144000000000000000e+03 9.443000000000000000e+03
9.144000000000000000e+03 9.447000000000000000e+03
9.149000000000000000e+03 9.443000000000000000e+03
9.152000000000000000e+03 9.434000000000000000e+03
9.154000000000000000e+03 9.428000000000000000e+03
9.155000000000000000e+03 9.427000000000000000e+03
9.155000000000000000e+03 9.428000000000000000e+03
9.164000000000000000e+03 9.427000000000000000e+03
9.172000000000000000e+03 9.424000000000000000e+03
9.173000000000000000e+03 9.420000000000000000e+03
9.175000000000000000e+03 9.420000000000000000e+03
9.181000000000000000e+03 9.413000000000000000e+03
9.182000000000000000e+03 9.408000000000000000e+03
9.188000000000000000e+03 9.402000000000000000e+03
9.191000000000000000e+03 9.402000000000000000e+03
9.203000000000000000e+03 9.397000000000000000e+03
9.211000000000000000e+03 9.382000000000000000e+03
9.214000000000000000e+03 9.375000000000000000e+03
9.217000000000000000e+03 9.368000000000000000e+03
9.218000000000000000e+03 9.363000000000000000e+03
9.225000000000000000e+03 9.362000000000000000e+03
9.227000000000000000e+03 9.355000000000000000e+03
9.228000000000000000e+03 9.353000000000000000e+03
9.230000000000000000e+03 9.353000000000000000e+03
9.243000000000000000e+03 9.352000000000000000e+03
9.251000000000000000e+03 9.344000000000000000e+03
9.252000000000000000e+03 9.338000000000000000e+03
9.258000000000000000e+03 9.330000000000000000e+03
9.259000000000000000e+03 9.325000000000000000e+03
9.259000000000000000e+03 9.326000000000000000e+03
9.261000000000000000e+03 9.318000000000000000e+03
9.262000000000000000e+03 9.318000000000000000e+03
9.264000000000000000e+03 9.315000000000000000e+03
9.269000000000000000e+03 9.313000000000000000e+03
9.271000000000000000e+03 9.313000000000000000e+03
9.280000000000000000e+03 9.311000000000000000e+03
9.293000000000000000e+03 9.302000000000000000e+03
9.297000000000000000e+03 9.281000000000000000e+03
9.307000000000000000e+03 9.275000000000000000e+03
9.308000000000000000e+03 9.268000000000000000e+03
9.312000000000000000e+03 9.268000000000000000e+03
9.314000000000000000e+03 9.265000000000000000e+03
9.320000000000000000e+03 9.263000000000000000e+03
9.328000000000000000e+03 9.256000000000000000e+03
9.330000000000000000e+03 9.243000000000000000e+03
9.334000000000000000e+03 9.241000000000000000e+03
9.335000000000000000e+03 9.238000000000000000e+03
9.338000000000000000e+03 9.230000000000000000e+03
9.343000000000000000e+03 9.224000000000000000e+03
9.345000000000000000e+03 9.222000000000000000e+03
9.345000000000000000e+03 9.223000000000000000e+03
9.346000000000000000e+03 9.217000000000000000e+03
9.349000000000000000e+03 9.216000000000000000e+03
9.353000000000000000e+03 9.215000000000000000e+03
9.358000000000000000e+03 9.214000000000000000e+03
9.359000000000000000e+03 9.206000000000000000e+03
9.372000000000000000e+03 9.206000000000000000e+03
9.378000000000000000e+03 9.202000000000000000e+03
9.382000000000000000e+03 9.193000000000000000e+03
9.385000000000000000e+03 9.184000000000000000e+03
9.389000000000000000e+03 9.179000000000000000e+03
9.392000000000000000e+03 9.174000000000000000e+03
9.398000000000000000e+03 9.172000000000000000e+03
9.399000000000000000e+03 9.172000000000000000e+03
9.400000000000000000e+03 9.164000000000000000e+03
9.402000000000000000e+03 9.158000000000000000e+03
9.407000000000000000e+03 9.153000000000000000e+03
9.407000000000000000e+03 9.158000000000000000e+03
9.409000000000000000e+03 9.149000000000000000e+03
9.409000000000000000e+03 9.151000000000000000e+03
9.416000000000000000e+03 9.142000000000000000e+03
9.416000000000000000e+03 9.146000000000000000e+03
9.424000000000000000e+03 9.142000000000000000e+03
9.429000000000000000e+03 9.126000000000000000e+03
9.429000000000000000e+03 9.137000000000000000e+03
9.431000000000000000e+03 9.121000000000000000e+03
9.432000000000000000e+03 9.118000000000000000e+03
9.433000000000000000e+03 9.114000000000000000e+03
9.444000000000000000e+03 9.111000000000000000e+03
9.445000000000000000e+03 9.099000000000000000e+03
9.447000000000000000e+03 9.097000000000000000e+03
9.448000000000000000e+03 9.096000000000000000e+03
9.456000000000000000e+03 9.096000000000000000e+03
9.462000000000000000e+03 9.084000000000000000e+03
9.462000000000000000e+03 9.085000000000000000e+03
9.466000000000000000e+03 9.076000000000000000e+03
9.468000000000000000e+03 9.067000000000000000e+03
9.472000000000000000e+03 9.061000000000000000e+03
9.478000000000000000e+03 9.057000000000000000e+03
9.481000000000000000e+03 9.048000000000000000e+03
9.481000000000000000e+03 9.051000000000000000e+03
9.482000000000000000e+03 9.047000000000000000e+03
9.487000000000000000e+03 9.047000000000000000e+03
9.490000000000000000e+03 9.041000000000000000e+03
9.491000000000000000e+03 9.037000000000000000e+03
9.494000000000000000e+03 9.035000000000000000e+03
9.499000000000000000e+03 9.022000000000000000e+03
9.499000000000000000e+03 9.030000000000000000e+03
9.506000000000000000e+03 9.013000000000000000e+03
9.506000000000000000e+03 9.022000000000000000e+03
9.507000000000000000e+03 9.009000000000000000e+03
9.516000000000000000e+03 8.997000000000000000e+03
9.516000000000000000e+03 9.009000000000000000e+03
9.521000000000000000e+03 8.997000000000000000e+03
9.523000000000000000e+03 8.990000000000000000e+03
9.523000000000000000e+03 8.992000000000000000e+03
9.530000000000000000e+03 8.985000000000000000e+03
9.538000000000000000e+03 8.982000000000000000e+03
9.542000000000000000e+03 8.965000000000000000e+03
9.542000000000000000e+03 8.974000000000000000e+03
9.544000000000000000e+03 8.959000000000000000e+03
9.545000000000000000e+03 8.957000000000000000e+03
9.546000000000000000e+03 8.954000000000000000e+03
9.560000000000000000e+03 8.949000000000000000e+03
9.567000000000000000e+03 8.931000000000000000e+03
9.572000000000000000e+03 8.923000000000000000e+03
9.573000000000000000e+03 8.913000000000000000e+03
9.581000000000000000e+03 8.912000000000000000e+03
9.584000000000000000e+03 8.897000000000000000e+03
9.584000000000000000e+03 8.899000000000000000e+03
9.587000000000000000e+03 8.893000000000000000e+03
9.587000000000000000e+03 8.897000000000000000e+03
9.589000000000000000e+03 8.891000000000000000e+03
9.590000000000000000e+03 8.888000000000000000e+03
9.593000000000000000e+03 8.880000000000000000e+03
9.597000000000000000e+03 8.861000000000000000e+03
9.597000000000000000e+03 8.877000000000000000e+03
9.600000000000000000e+03 8.861000000000000000e+03
9.604000000000000000e+03 8.861000000000000000e+03
9.608000000000000000e+03 8.846000000000000000e+03
9.609000000000000000e+03 8.840000000000000000e+03
9.611000000000000000e+03 8.838000000000000000e+03
9.611000000000000000e+03 8.840000000000000000e+03
9.622000000000000000e+03 8.818000000000000000e+03
9.622000000000000000e+03 8.834000000000000000e+03
9.625000000000000000e+03 8.813000000000000000e+03
9.628000000000000000e+03 8.807000000000000000e+03
9.629000000000000000e+03 8.803000000000000000e+03
9.634000000000000000e+03 8.794000000000000000e+03
9.634000000000000000e+03 8.802000000000000000e+03
9.638000000000000000e+03 8.787000000000000000e+03
9.639000000000000000e+03 8.780000000000000000e+03
9.639000000000000000e+03 8.784000000000000000e+03
9.643000000000000000e+03 8.779000000000000000e+03
9.644000000000000000e+03 8.779000000000000000e+03
9.647000000000000000e+03 8.766000000000000000e+03
9.647000000000000000e+03 8.767000000000000000e+03
9.662000000000000000e+03 8.764000000000000000e+03
9.663000000000000000e+03 8.748000000000000000e+03
9.670000000000000000e+03 8.743000000000000000e+03
9.674000000000000000e+03 8.718000000000000000e+03
9.675000000000000000e+03 8.708000000000000000e+03
9.679000000000000000e+03 8.699000000000000000e+03
9.682000000000000000e+03 8.691000000000000000e+03
9.683000000000000000e+03 8.679000000000000000e+03
9.683000000000000000e+03 8.682000000000000000e+03
9.683000000000000000e+03 8.687000000000000000e+03
9.691000000000000000e+03 8.666000000000000000e+03
9.691000000000000000e+03 8.675000000000000000e+03
9.696000000000000000e+03 8.665000000000000000e+03
9.700000000000000000e+03 8.645000000000000000e+03
9.701000000000000000e+03 8.639000000000000000e+03
9.703000000000000000e+03 8.629000000000000000e+03
9.705000000000000000e+03 8.617000000000000000e+03
9.705000000000000000e+03 8.624000000000000000e+03
9.716000000000000000e+03 8.601000000000000000e+03
9.716000000000000000e+03 8.617000000000000000e+03
9.720000000000000000e+03 8.597000000000000000e+03
9.721000000000000000e+03 8.588000000000000000e+03
9.733000000000000000e+03 8.586000000000000000e+03
9.735000000000000000e+03 8.571000000000000000e+03
9.745000000000000000e+03 8.552000000000000000e+03
9.746000000000000000e+03 8.530000000000000000e+03
9.747000000000000000e+03 8.511000000000000000e+03
9.747000000000000000e+03 8.527000000000000000e+03
9.750000000000000000e+03 8.502000000000000000e+03
9.750000000000000000e+03 8.508000000000000000e+03
9.755000000000000000e+03 8.494000000000000000e+03
9.755000000000000000e+03 8.500000000000000000e+03
9.759000000000000000e+03 8.491000000000000000e+03
9.760000000000000000e+03 8.487000000000000000e+03
9.766000000000000000e+03 8.483000000000000000e+03
9.767000000000000000e+03 8.442000000000000000e+03
9.773000000000000000e+03 8.435000000000000000e+03
9.783000000000000000e+03 8.418000000000000000e+03
9.785000000000000000e+03 8.380000000000000000e+03
9.786000000000000000e+03 8.370000000000000000e+03
9.786000000000000000e+03 8.371000000000000000e+03
9.786000000000000000e+03 8.380000000000000000e+03
9.788000000000000000e+03 8.365000000000000000e+03
9.791000000000000000e+03 8.356000000000000000e+03
9.791000000000000000e+03 8.359000000000000000e+03
9.791000000000000000e+03 8.361000000000000000e+03
9.792000000000000000e+03 8.346000000000000000e+03
9.792000000000000000e+03 8.349000000000000000e+03
9.792000000000000000e+03 8.355000000000000000e+03
9.794000000000000000e+03 8.346000000000000000e+03
9.795000000000000000e+03 8.346000000000000000e+03
9.798000000000000000e+03 8.346000000000000000e+03
9.799000000000000000e+03 8.320000000000000000e+03
9.803000000000000000e+03 8.316000000000000000e+03
9.805000000000000000e+03 8.312000000000000000e+03
9.806000000000000000e+03 8.299000000000000000e+03
9.806000000000000000e+03 8.308000000000000000e+03
9.811000000000000000e+03 8.284000000000000000e+03
9.811000000000000000e+03 8.294000000000000000e+03
9.813000000000000000e+03 8.267000000000000000e+03
9.814000000000000000e+03 8.259000000000000000e+03
9.818000000000000000e+03 8.253000000000000000e+03
9.822000000000000000e+03 8.244000000000000000e+03
9.827000000000000000e+03 8.222000000000000000e+03
9.827000000000000000e+03 8.234000000000000000e+03
9.828000000000000000e+03 8.221000000000000000e+03
9.829000000000000000e+03 8.218000000000000000e+03
9.830000000000000000e+03 8.203000000000000000e+03
9.831000000000000000e+03 8.197000000000000000e+03
9.832000000000000000e+03 8.189000000000000000e+03
9.832000000000000000e+03 8.197000000000000000e+03
9.836000000000000000e+03 8.189000000000000000e+03
9.838000000000000000e+03 8.179000000000000000e+03
9.842000000000000000e+03 8.137000000000000000e+03
9.842000000000000000e+03 8.141000000000000000e+03
9.842000000000000000e+03 8.159000000000000000e+03
9.846000000000000000e+03 8.137000000000000000e+03
9.851000000000000000e+03 8.112000000000000000e+03
9.851000000000000000e+03 8.137000000000000000e+03
9.854000000000000000e+03 8.088000000000000000e+03
9.857000000000000000e+03 8.070000000000000000e+03
9.857000000000000000e+03 8.085000000000000000e+03
9.861000000000000000e+03 8.036000000000000000e+03
9.861000000000000000e+03 8.069000000000000000e+03
9.866000000000000000e+03 8.034000000000000000e+03
9.869000000000000000e+03 8.006000000000000000e+03
9.869000000000000000e+03 8.022000000000000000e+03
9.869000000000000000e+03 8.024000000000000000e+03
9.873000000000000000e+03 8.002000000000000000e+03
9.879000000000000000e+03 7.993000000000000000e+03
9.880000000000000000e+03 7.922000000000000000e+03
9.883000000000000000e+03 7.896000000000000000e+03
9.883000000000000000e+03 7.911000000000000000e+03
9.884000000000000000e+03 7.815000000000000000e+03
9.884000000000000000e+03 7.818000000000000000e+03
9.885000000000000000e+03 7.785000000000000000e+03
9.887000000000000000e+03 7.732000000000000000e+03
9.890000000000000000e+03 7.695000000000000000e+03
9.891000000000000000e+03 7.633000000000000000e+03
9.893000000000000000e+03 7.570000000000000000e+03
