9.022000000000000000e+03 8.938000000000000000e+03
9.397000000000000000e+03 9.196000000000000000e+03
9.170000000000000000e+03 9.210000000000000000e+03
9.609000000000000000e+03 9.336000000000000000e+03
8.955000000000000000e+03 9.167000000000000000e+03
8.980000000000000000e+03 9.019000000000000000e+03
8.836000000000000000e+03 9.298000000000000000e+03
8.976000000000000000e+03 9.220000000000000000e+03
8.768000000000000000e+03 9.213000000000000000e+03
8.753000000000000000e+03 9.231000000000000000e+03
8.848000000000000000e+03 9.206000000000000000e+03
8.711000000000000000e+03 9.255000000000000000e+03
8.960000000000000000e+03 9.191000000000000000e+03
8.757000000000000000e+03 9.215000000000000000e+03
9.285000000000000000e+03 9.152000000000000000e+03
9.160000000000000000e+03 9.250000000000000000e+03
9.286000000000000000e+03 9.083000000000000000e+03
9.522000000000000000e+03 9.057000000000000000e+03
