
6294.000000 7512.000000 
6772.000000 7459.000000 
7372.000000 7439.000000 
7665.000000 7357.000000 
7471.000000 7432.000000 

7211.000000 7399.000000 
6713.000000 7470.000000 
7375.000000 7367.000000 
7019.000000 7424.000000 
7573.000000 6939.000000 

7421.000000 7085.000000 
7375.000000 7469.000000 
7310.000000 7477.000000 
6670.000000 7808.000000 
7100.000000 7499.000000 
6986.000000 7513.000000 

6594.000000 7636.000000 
7416.000000 6932.000000 
7291.000000 7354.000000 
7151.000000 7426.000000 
7394.000000 7009.000000 
6971.000000 7505.000000 
7352.000000 7214.000000 

6623.000000 7569.000000 
7424.000000 7541.000000 
7493.000000 6489.000000 

7382.000000 6967.000000 
7241.000000 7421.000000 
7333.000000 7160.000000 
7300.000000 7375.000000 
7522.000000 6842.000000 
7009.000000 7605.000000 

7532.000000 6614.000000 
6744.000000 7558.000000 
7501.000000 7049.000000 
7112.000000 7481.000000 
7311.000000 7355.000000 
7318.000000 7182.000000 
7145.000000 7453.000000 
7176.000000 7376.000000 

7376.000000 7241.000000 
7274.000000 7602.000000 
7385.000000 7132.000000 
7359.000000 7352.000000 

7113.000000 7295.000000 
7106.000000 7380.000000 
7385.000000 7046.000000 
7382.000000 7268.000000 
7565.000000 6881.000000 
7049.000000 7665.000000 

7480.000000 7425.000000 
7465.000000 7456.000000 
7517.000000 6958.000000 
7227.000000 7568.000000 
6901.000000 7588.000000 
7490.000000 7145.000000 
