7.231000000000000000e+03 1.009800000000000000e+04
7.320000000000000000e+03 1.009500000000000000e+04
7.368000000000000000e+03 1.009200000000000000e+04
7.368000000000000000e+03 1.009500000000000000e+04
7.415000000000000000e+03 1.009100000000000000e+04
7.425000000000000000e+03 1.009100000000000000e+04
7.434000000000000000e+03 1.008900000000000000e+04
7.452000000000000000e+03 1.008900000000000000e+04
7.493000000000000000e+03 1.008500000000000000e+04
7.534000000000000000e+03 1.008500000000000000e+04
7.539000000000000000e+03 1.008100000000000000e+04
7.553000000000000000e+03 1.008000000000000000e+04
7.580000000000000000e+03 1.007900000000000000e+04
7.636000000000000000e+03 1.007500000000000000e+04
7.640000000000000000e+03 1.007400000000000000e+04
7.668000000000000000e+03 1.007100000000000000e+04
7.691000000000000000e+03 1.007100000000000000e+04
7.706000000000000000e+03 1.006400000000000000e+04
7.716000000000000000e+03 1.006200000000000000e+04
7.730000000000000000e+03 1.006100000000000000e+04
7.742000000000000000e+03 1.005700000000000000e+04
7.753000000000000000e+03 1.005600000000000000e+04
7.759000000000000000e+03 1.005400000000000000e+04
7.777000000000000000e+03 1.005000000000000000e+04
7.777000000000000000e+03 1.005200000000000000e+04
7.787000000000000000e+03 1.004900000000000000e+04
7.804000000000000000e+03 1.004900000000000000e+04
7.812000000000000000e+03 1.004600000000000000e+04
7.816000000000000000e+03 1.004400000000000000e+04
7.828000000000000000e+03 1.004300000000000000e+04
7.846000000000000000e+03 1.004300000000000000e+04
7.856000000000000000e+03 1.004300000000000000e+04
7.887000000000000000e+03 1.004200000000000000e+04
7.897000000000000000e+03 1.004100000000000000e+04
7.911000000000000000e+03 1.003700000000000000e+04
7.912000000000000000e+03 1.003300000000000000e+04
7.916000000000000000e+03 1.003200000000000000e+04
7.921000000000000000e+03 1.002900000000000000e+04
7.930000000000000000e+03 1.002800000000000000e+04
7.936000000000000000e+03 1.002600000000000000e+04
7.944000000000000000e+03 1.002600000000000000e+04
7.971000000000000000e+03 1.002400000000000000e+04
7.974000000000000000e+03 1.002000000000000000e+04
7.981000000000000000e+03 1.001800000000000000e+04
7.988000000000000000e+03 1.001800000000000000e+04
8.001000000000000000e+03 1.001500000000000000e+04
8.023000000000000000e+03 1.001200000000000000e+04
8.030000000000000000e+03 1.001000000000000000e+04
8.041000000000000000e+03 1.000800000000000000e+04
8.042000000000000000e+03 1.000600000000000000e+04
8.066000000000000000e+03 1.000000000000000000e+04
8.072000000000000000e+03 1.000000000000000000e+04
8.081000000000000000e+03 1.000000000000000000e+04
8.083000000000000000e+03 9.998000000000000000e+03
8.095000000000000000e+03 9.996000000000000000e+03
8.099000000000000000e+03 9.991000000000000000e+03
8.113000000000000000e+03 9.987000000000000000e+03
8.113000000000000000e+03 9.989000000000000000e+03
8.114000000000000000e+03 9.987000000000000000e+03
8.144000000000000000e+03 9.986000000000000000e+03
8.155000000000000000e+03 9.986000000000000000e+03
8.161000000000000000e+03 9.980000000000000000e+03
8.163000000000000000e+03 9.977000000000000000e+03
8.164000000000000000e+03 9.976000000000000000e+03
8.188000000000000000e+03 9.976000000000000000e+03
8.197000000000000000e+03 9.971000000000000000e+03
8.201000000000000000e+03 9.967000000000000000e+03
8.209000000000000000e+03 9.964000000000000000e+03
8.225000000000000000e+03 9.962000000000000000e+03
8.230000000000000000e+03 9.962000000000000000e+03
8.232000000000000000e+03 9.958000000000000000e+03
8.248000000000000000e+03 9.957000000000000000e+03
8.257000000000000000e+03 9.946000000000000000e+03
8.257000000000000000e+03 9.948000000000000000e+03
8.288000000000000000e+03 9.946000000000000000e+03
8.293000000000000000e+03 9.944000000000000000e+03
8.331000000000000000e+03 9.943000000000000000e+03
8.332000000000000000e+03 9.932000000000000000e+03
8.333000000000000000e+03 9.931000000000000000e+03
8.351000000000000000e+03 9.928000000000000000e+03
8.355000000000000000e+03 9.923000000000000000e+03
8.357000000000000000e+03 9.922000000000000000e+03
8.366000000000000000e+03 9.920000000000000000e+03
8.375000000000000000e+03 9.913000000000000000e+03
8.375000000000000000e+03 9.919000000000000000e+03
8.383000000000000000e+03 9.913000000000000000e+03
8.388000000000000000e+03 9.910000000000000000e+03
8.404000000000000000e+03 9.907000000000000000e+03
8.410000000000000000e+03 9.905000000000000000e+03
8.411000000000000000e+03 9.896000000000000000e+03
8.414000000000000000e+03 9.894000000000000000e+03
8.418000000000000000e+03 9.893000000000000000e+03
8.429000000000000000e+03 9.893000000000000000e+03
8.432000000000000000e+03 9.893000000000000000e+03
8.435000000000000000e+03 9.886000000000000000e+03
8.442000000000000000e+03 9.886000000000000000e+03
8.446000000000000000e+03 9.886000000000000000e+03
8.464000000000000000e+03 9.884000000000000000e+03
8.477000000000000000e+03 9.878000000000000000e+03
8.481000000000000000e+03 9.873000000000000000e+03
8.484000000000000000e+03 9.870000000000000000e+03
8.511000000000000000e+03 9.867000000000000000e+03
8.520000000000000000e+03 9.857000000000000000e+03
8.534000000000000000e+03 9.856000000000000000e+03
8.536000000000000000e+03 9.848000000000000000e+03
8.538000000000000000e+03 9.845000000000000000e+03
8.541000000000000000e+03 9.844000000000000000e+03
8.544000000000000000e+03 9.843000000000000000e+03
8.552000000000000000e+03 9.843000000000000000e+03
8.557000000000000000e+03 9.843000000000000000e+03
8.564000000000000000e+03 9.839000000000000000e+03
8.565000000000000000e+03 9.835000000000000000e+03
8.579000000000000000e+03 9.835000000000000000e+03
8.590000000000000000e+03 9.831000000000000000e+03
8.591000000000000000e+03 9.830000000000000000e+03
8.599000000000000000e+03 9.827000000000000000e+03
8.612000000000000000e+03 9.817000000000000000e+03
8.628000000000000000e+03 9.815000000000000000e+03
8.632000000000000000e+03 9.810000000000000000e+03
8.633000000000000000e+03 9.804000000000000000e+03
8.645000000000000000e+03 9.796000000000000000e+03
8.645000000000000000e+03 9.801000000000000000e+03
8.651000000000000000e+03 9.793000000000000000e+03
8.656000000000000000e+03 9.793000000000000000e+03
8.668000000000000000e+03 9.789000000000000000e+03
8.677000000000000000e+03 9.788000000000000000e+03
8.684000000000000000e+03 9.783000000000000000e+03
8.685000000000000000e+03 9.781000000000000000e+03
8.687000000000000000e+03 9.769000000000000000e+03
8.687000000000000000e+03 9.776000000000000000e+03
8.690000000000000000e+03 9.768000000000000000e+03
8.706000000000000000e+03 9.768000000000000000e+03
8.716000000000000000e+03 9.755000000000000000e+03
8.716000000000000000e+03 9.766000000000000000e+03
8.725000000000000000e+03 9.755000000000000000e+03
8.726000000000000000e+03 9.755000000000000000e+03
8.728000000000000000e+03 9.753000000000000000e+03
8.733000000000000000e+03 9.752000000000000000e+03
8.735000000000000000e+03 9.750000000000000000e+03
8.737000000000000000e+03 9.746000000000000000e+03
8.741000000000000000e+03 9.744000000000000000e+03
8.743000000000000000e+03 9.744000000000000000e+03
8.776000000000000000e+03 9.744000000000000000e+03
8.807000000000000000e+03 9.727000000000000000e+03
8.825000000000000000e+03 9.708000000000000000e+03
8.828000000000000000e+03 9.705000000000000000e+03
8.834000000000000000e+03 9.693000000000000000e+03
8.839000000000000000e+03 9.689000000000000000e+03
8.850000000000000000e+03 9.682000000000000000e+03
8.850000000000000000e+03 9.688000000000000000e+03
8.853000000000000000e+03 9.679000000000000000e+03
8.856000000000000000e+03 9.677000000000000000e+03
8.863000000000000000e+03 9.672000000000000000e+03
8.875000000000000000e+03 9.671000000000000000e+03
8.877000000000000000e+03 9.661000000000000000e+03
8.883000000000000000e+03 9.659000000000000000e+03
8.885000000000000000e+03 9.658000000000000000e+03
8.886000000000000000e+03 9.656000000000000000e+03
8.889000000000000000e+03 9.655000000000000000e+03
8.901000000000000000e+03 9.646000000000000000e+03
8.901000000000000000e+03 9.649000000000000000e+03
8.903000000000000000e+03 9.643000000000000000e+03
8.913000000000000000e+03 9.637000000000000000e+03
8.913000000000000000e+03 9.643000000000000000e+03
8.914000000000000000e+03 9.631000000000000000e+03
8.917000000000000000e+03 9.631000000000000000e+03
8.920000000000000000e+03 9.629000000000000000e+03
8.923000000000000000e+03 9.628000000000000000e+03
8.932000000000000000e+03 9.619000000000000000e+03
8.932000000000000000e+03 9.627000000000000000e+03
8.933000000000000000e+03 9.619000000000000000e+03
8.937000000000000000e+03 9.619000000000000000e+03
8.939000000000000000e+03 9.614000000000000000e+03
8.943000000000000000e+03 9.613000000000000000e+03
8.947000000000000000e+03 9.611000000000000000e+03
8.948000000000000000e+03 9.607000000000000000e+03
8.955000000000000000e+03 9.607000000000000000e+03
8.959000000000000000e+03 9.601000000000000000e+03
8.968000000000000000e+03 9.596000000000000000e+03
8.971000000000000000e+03 9.590000000000000000e+03
8.980000000000000000e+03 9.585000000000000000e+03
8.980000000000000000e+03 9.589000000000000000e+03
8.986000000000000000e+03 9.582000000000000000e+03
8.988000000000000000e+03 9.578000000000000000e+03
8.989000000000000000e+03 9.577000000000000000e+03
8.991000000000000000e+03 9.575000000000000000e+03
9.009000000000000000e+03 9.571000000000000000e+03
9.026000000000000000e+03 9.560000000000000000e+03
9.027000000000000000e+03 9.547000000000000000e+03
9.027000000000000000e+03 9.550000000000000000e+03
9.027000000000000000e+03 9.556000000000000000e+03
9.038000000000000000e+03 9.547000000000000000e+03
9.040000000000000000e+03 9.543000000000000000e+03
9.041000000000000000e+03 9.537000000000000000e+03
9.055000000000000000e+03 9.529000000000000000e+03
9.055000000000000000e+03 9.537000000000000000e+03
9.056000000000000000e+03 9.522000000000000000e+03
9.056000000000000000e+03 9.524000000000000000e+03
9.060000000000000000e+03 9.522000000000000000e+03
9.062000000000000000e+03 9.519000000000000000e+03
9.073000000000000000e+03 9.516000000000000000e+03
9.073000000000000000e+03 9.519000000000000000e+03
9.079000000000000000e+03 9.512000000000000000e+03
9.086000000000000000e+03 9.512000000000000000e+03
9.091000000000000000e+03 9.505000000000000000e+03
9.091000000000000000e+03 9.509000000000000000e+03
9.100000000000000000e+03 9.500000000000000000e+03
9.102000000000000000e+03 9.491000000000000000e+03
9.110000000000000000e+03 9.490000000000000000e+03
9.111000000000000000e+03 9.481000000000000000e+03
9.114000000000000000e+03 9.474000000000000000e+03
9.115000000000000000e+03 9.473000000000000000e+03
9.120000000000000000e+03 9.470000000000000000e+03
9.120000000000000000e+03 9.472000000000000000e+03
9.120000000000000000e+03 9.473000000000000000e+03
9.123000000000000000e+03 9.470000000000000000e+03
9.129000000000000000e+03 9.466000000000000000e+03
9.138000000000000000e+03 9.462000000000000000e+03
9.151000000000000000e+03 9.456000000000000000e+03
9.163000000000000000e+03 9.437000000000000000e+03
9.164000000000000000e+03 9.429000000000000000e+03
9.175000000000000000e+03 9.428000000000000000e+03
9.179000000000000000e+03 9.415000000000000000e+03
9.184000000000000000e+03 9.414000000000000000e+03
9.185000000000000000e+03 9.411000000000000000e+03
9.187000000000000000e+03 9.411000000000000000e+03
9.188000000000000000e+03 9.402000000000000000e+03
9.190000000000000000e+03 9.398000000000000000e+03
9.197000000000000000e+03 9.398000000000000000e+03
9.198000000000000000e+03 9.389000000000000000e+03
9.198000000000000000e+03 9.390000000000000000e+03
9.203000000000000000e+03 9.389000000000000000e+03
9.210000000000000000e+03 9.386000000000000000e+03
9.220000000000000000e+03 9.366000000000000000e+03
9.220000000000000000e+03 9.373000000000000000e+03
9.220000000000000000e+03 9.378000000000000000e+03
9.224000000000000000e+03 9.366000000000000000e+03
9.230000000000000000e+03 9.362000000000000000e+03
9.235000000000000000e+03 9.347000000000000000e+03
9.235000000000000000e+03 9.349000000000000000e+03
9.235000000000000000e+03 9.351000000000000000e+03
9.235000000000000000e+03 9.352000000000000000e+03
9.239000000000000000e+03 9.342000000000000000e+03
9.239000000000000000e+03 9.343000000000000000e+03
9.239000000000000000e+03 9.346000000000000000e+03
9.241000000000000000e+03 9.339000000000000000e+03
9.243000000000000000e+03 9.338000000000000000e+03
9.245000000000000000e+03 9.338000000000000000e+03
9.256000000000000000e+03 9.335000000000000000e+03
9.256000000000000000e+03 9.337000000000000000e+03
9.263000000000000000e+03 9.325000000000000000e+03
9.264000000000000000e+03 9.314000000000000000e+03
9.266000000000000000e+03 9.310000000000000000e+03
9.267000000000000000e+03 9.309000000000000000e+03
9.269000000000000000e+03 9.309000000000000000e+03
9.276000000000000000e+03 9.303000000000000000e+03
9.276000000000000000e+03 9.309000000000000000e+03
9.282000000000000000e+03 9.302000000000000000e+03
9.288000000000000000e+03 9.294000000000000000e+03
9.288000000000000000e+03 9.297000000000000000e+03
9.288000000000000000e+03 9.301000000000000000e+03
9.292000000000000000e+03 9.288000000000000000e+03
9.294000000000000000e+03 9.286000000000000000e+03
9.307000000000000000e+03 9.275000000000000000e+03
9.307000000000000000e+03 9.285000000000000000e+03
9.309000000000000000e+03 9.270000000000000000e+03
9.312000000000000000e+03 9.268000000000000000e+03
9.314000000000000000e+03 9.265000000000000000e+03
9.316000000000000000e+03 9.263000000000000000e+03
9.320000000000000000e+03 9.263000000000000000e+03
9.324000000000000000e+03 9.258000000000000000e+03
9.328000000000000000e+03 9.256000000000000000e+03
9.333000000000000000e+03 9.247000000000000000e+03
9.334000000000000000e+03 9.241000000000000000e+03
9.335000000000000000e+03 9.227000000000000000e+03
9.335000000000000000e+03 9.238000000000000000e+03
9.336000000000000000e+03 9.227000000000000000e+03
9.345000000000000000e+03 9.226000000000000000e+03
9.347000000000000000e+03 9.226000000000000000e+03
9.351000000000000000e+03 9.224000000000000000e+03
9.353000000000000000e+03 9.215000000000000000e+03
9.358000000000000000e+03 9.211000000000000000e+03
9.366000000000000000e+03 9.209000000000000000e+03
9.372000000000000000e+03 9.206000000000000000e+03
9.375000000000000000e+03 9.194000000000000000e+03
9.382000000000000000e+03 9.193000000000000000e+03
9.384000000000000000e+03 9.181000000000000000e+03
9.393000000000000000e+03 9.177000000000000000e+03
9.399000000000000000e+03 9.162000000000000000e+03
9.399000000000000000e+03 9.169000000000000000e+03
9.399000000000000000e+03 9.172000000000000000e+03
9.400000000000000000e+03 9.162000000000000000e+03
9.404000000000000000e+03 9.162000000000000000e+03
9.406000000000000000e+03 9.150000000000000000e+03
9.406000000000000000e+03 9.152000000000000000e+03
9.406000000000000000e+03 9.156000000000000000e+03
9.409000000000000000e+03 9.149000000000000000e+03
9.416000000000000000e+03 9.140000000000000000e+03
9.416000000000000000e+03 9.142000000000000000e+03
9.416000000000000000e+03 9.146000000000000000e+03
9.420000000000000000e+03 9.137000000000000000e+03
9.422000000000000000e+03 9.135000000000000000e+03
9.425000000000000000e+03 9.126000000000000000e+03
9.425000000000000000e+03 9.130000000000000000e+03
9.426000000000000000e+03 9.126000000000000000e+03
9.429000000000000000e+03 9.126000000000000000e+03
9.431000000000000000e+03 9.124000000000000000e+03
9.432000000000000000e+03 9.117000000000000000e+03
9.432000000000000000e+03 9.121000000000000000e+03
9.435000000000000000e+03 9.116000000000000000e+03
9.436000000000000000e+03 9.114000000000000000e+03
9.444000000000000000e+03 9.111000000000000000e+03
9.450000000000000000e+03 9.100000000000000000e+03
9.456000000000000000e+03 9.096000000000000000e+03
9.462000000000000000e+03 9.085000000000000000e+03
9.467000000000000000e+03 9.084000000000000000e+03
9.472000000000000000e+03 9.080000000000000000e+03
9.474000000000000000e+03 9.066000000000000000e+03
9.475000000000000000e+03 9.064000000000000000e+03
9.478000000000000000e+03 9.057000000000000000e+03
9.481000000000000000e+03 9.055000000000000000e+03
9.483000000000000000e+03 9.052000000000000000e+03
9.487000000000000000e+03 9.047000000000000000e+03
9.492000000000000000e+03 9.037000000000000000e+03
9.492000000000000000e+03 9.047000000000000000e+03
9.494000000000000000e+03 9.035000000000000000e+03
9.496000000000000000e+03 9.035000000000000000e+03
9.499000000000000000e+03 9.032000000000000000e+03
9.500000000000000000e+03 9.023000000000000000e+03
9.504000000000000000e+03 9.019000000000000000e+03
9.511000000000000000e+03 9.012000000000000000e+03
9.517000000000000000e+03 9.011000000000000000e+03
9.519000000000000000e+03 9.004000000000000000e+03
9.525000000000000000e+03 8.986000000000000000e+03
9.525000000000000000e+03 8.989000000000000000e+03
9.525000000000000000e+03 9.000000000000000000e+03
9.529000000000000000e+03 8.983000000000000000e+03
9.529000000000000000e+03 8.984000000000000000e+03
9.531000000000000000e+03 8.983000000000000000e+03
9.533000000000000000e+03 8.982000000000000000e+03
9.534000000000000000e+03 8.974000000000000000e+03
9.535000000000000000e+03 8.973000000000000000e+03
9.538000000000000000e+03 8.972000000000000000e+03
9.541000000000000000e+03 8.965000000000000000e+03
9.547000000000000000e+03 8.952000000000000000e+03
9.547000000000000000e+03 8.960000000000000000e+03
9.547000000000000000e+03 8.964000000000000000e+03
9.549000000000000000e+03 8.951000000000000000e+03
9.556000000000000000e+03 8.947000000000000000e+03
9.556000000000000000e+03 8.951000000000000000e+03
9.558000000000000000e+03 8.942000000000000000e+03
9.564000000000000000e+03 8.939000000000000000e+03
9.567000000000000000e+03 8.931000000000000000e+03
9.568000000000000000e+03 8.929000000000000000e+03
9.571000000000000000e+03 8.921000000000000000e+03
9.574000000000000000e+03 8.917000000000000000e+03
9.578000000000000000e+03 8.915000000000000000e+03
9.580000000000000000e+03 8.910000000000000000e+03
9.584000000000000000e+03 8.900000000000000000e+03
9.587000000000000000e+03 8.895000000000000000e+03
9.594000000000000000e+03 8.875000000000000000e+03
9.594000000000000000e+03 8.895000000000000000e+03
9.596000000000000000e+03 8.875000000000000000e+03
9.597000000000000000e+03 8.869000000000000000e+03
9.604000000000000000e+03 8.852000000000000000e+03
9.604000000000000000e+03 8.864000000000000000e+03
9.607000000000000000e+03 8.847000000000000000e+03
9.609000000000000000e+03 8.845000000000000000e+03
9.611000000000000000e+03 8.840000000000000000e+03
9.611000000000000000e+03 8.844000000000000000e+03
9.612000000000000000e+03 8.840000000000000000e+03
9.613000000000000000e+03 8.838000000000000000e+03
9.614000000000000000e+03 8.838000000000000000e+03
9.616000000000000000e+03 8.831000000000000000e+03
9.616000000000000000e+03 8.832000000000000000e+03
9.616000000000000000e+03 8.834000000000000000e+03
9.618000000000000000e+03 8.831000000000000000e+03
9.619000000000000000e+03 8.830000000000000000e+03
9.620000000000000000e+03 8.823000000000000000e+03
9.622000000000000000e+03 8.819000000000000000e+03
9.624000000000000000e+03 8.813000000000000000e+03
9.624000000000000000e+03 8.819000000000000000e+03
9.626000000000000000e+03 8.811000000000000000e+03
9.629000000000000000e+03 8.809000000000000000e+03
9.630000000000000000e+03 8.808000000000000000e+03
9.632000000000000000e+03 8.806000000000000000e+03
9.634000000000000000e+03 8.803000000000000000e+03
9.635000000000000000e+03 8.801000000000000000e+03
9.642000000000000000e+03 8.800000000000000000e+03
9.643000000000000000e+03 8.779000000000000000e+03
9.643000000000000000e+03 8.787000000000000000e+03
9.649000000000000000e+03 8.776000000000000000e+03
9.651000000000000000e+03 8.772000000000000000e+03
9.653000000000000000e+03 8.757000000000000000e+03
9.653000000000000000e+03 8.764000000000000000e+03
9.656000000000000000e+03 8.756000000000000000e+03
9.658000000000000000e+03 8.756000000000000000e+03
9.660000000000000000e+03 8.756000000000000000e+03
9.663000000000000000e+03 8.748000000000000000e+03
9.669000000000000000e+03 8.746000000000000000e+03
9.670000000000000000e+03 8.734000000000000000e+03
9.679000000000000000e+03 8.733000000000000000e+03
9.680000000000000000e+03 8.705000000000000000e+03
9.681000000000000000e+03 8.701000000000000000e+03
9.681000000000000000e+03 8.702000000000000000e+03
9.684000000000000000e+03 8.687000000000000000e+03
9.684000000000000000e+03 8.698000000000000000e+03
9.685000000000000000e+03 8.682000000000000000e+03
9.687000000000000000e+03 8.678000000000000000e+03
9.687000000000000000e+03 8.679000000000000000e+03
9.690000000000000000e+03 8.672000000000000000e+03
9.691000000000000000e+03 8.664000000000000000e+03
9.691000000000000000e+03 8.672000000000000000e+03
9.695000000000000000e+03 8.659000000000000000e+03
9.695000000000000000e+03 8.662000000000000000e+03
9.699000000000000000e+03 8.658000000000000000e+03
9.701000000000000000e+03 8.653000000000000000e+03
9.702000000000000000e+03 8.644000000000000000e+03
9.703000000000000000e+03 8.638000000000000000e+03
9.712000000000000000e+03 8.631000000000000000e+03
9.713000000000000000e+03 8.616000000000000000e+03
9.717000000000000000e+03 8.609000000000000000e+03
9.721000000000000000e+03 8.599000000000000000e+03
9.724000000000000000e+03 8.587000000000000000e+03
9.724000000000000000e+03 8.589000000000000000e+03
9.725000000000000000e+03 8.584000000000000000e+03
9.726000000000000000e+03 8.573000000000000000e+03
9.726000000000000000e+03 8.578000000000000000e+03
9.726000000000000000e+03 8.581000000000000000e+03
9.727000000000000000e+03 8.573000000000000000e+03
9.730000000000000000e+03 8.568000000000000000e+03
9.733000000000000000e+03 8.559000000000000000e+03
9.735000000000000000e+03 8.555000000000000000e+03
9.743000000000000000e+03 8.550000000000000000e+03
9.744000000000000000e+03 8.529000000000000000e+03
9.744000000000000000e+03 8.534000000000000000e+03
9.747000000000000000e+03 8.527000000000000000e+03
9.754000000000000000e+03 8.493000000000000000e+03
9.754000000000000000e+03 8.499000000000000000e+03
9.754000000000000000e+03 8.525000000000000000e+03
9.755000000000000000e+03 8.492000000000000000e+03
9.758000000000000000e+03 8.491000000000000000e+03
9.759000000000000000e+03 8.491000000000000000e+03
9.760000000000000000e+03 8.475000000000000000e+03
9.760000000000000000e+03 8.477000000000000000e+03
9.760000000000000000e+03 8.487000000000000000e+03
9.762000000000000000e+03 8.472000000000000000e+03
9.763000000000000000e+03 8.461000000000000000e+03
9.767000000000000000e+03 8.457000000000000000e+03
9.768000000000000000e+03 8.447000000000000000e+03
9.771000000000000000e+03 8.446000000000000000e+03
9.774000000000000000e+03 8.424000000000000000e+03
9.774000000000000000e+03 8.428000000000000000e+03
9.774000000000000000e+03 8.432000000000000000e+03
9.783000000000000000e+03 8.393000000000000000e+03
9.783000000000000000e+03 8.418000000000000000e+03
9.784000000000000000e+03 8.391000000000000000e+03
9.789000000000000000e+03 8.387000000000000000e+03
9.794000000000000000e+03 8.364000000000000000e+03
9.795000000000000000e+03 8.346000000000000000e+03
9.800000000000000000e+03 8.331000000000000000e+03
9.800000000000000000e+03 8.340000000000000000e+03
9.800000000000000000e+03 8.345000000000000000e+03
9.801000000000000000e+03 8.327000000000000000e+03
9.801000000000000000e+03 8.330000000000000000e+03
9.803000000000000000e+03 8.316000000000000000e+03
9.803000000000000000e+03 8.320000000000000000e+03
9.804000000000000000e+03 8.315000000000000000e+03
9.806000000000000000e+03 8.313000000000000000e+03
9.812000000000000000e+03 8.301000000000000000e+03
9.814000000000000000e+03 8.280000000000000000e+03
9.815000000000000000e+03 8.263000000000000000e+03
9.815000000000000000e+03 8.273000000000000000e+03
9.820000000000000000e+03 8.263000000000000000e+03
9.821000000000000000e+03 8.246000000000000000e+03
9.825000000000000000e+03 8.240000000000000000e+03
9.827000000000000000e+03 8.222000000000000000e+03
9.827000000000000000e+03 8.224000000000000000e+03
9.827000000000000000e+03 8.234000000000000000e+03
9.828000000000000000e+03 8.221000000000000000e+03
9.831000000000000000e+03 8.219000000000000000e+03
9.833000000000000000e+03 8.207000000000000000e+03
9.834000000000000000e+03 8.181000000000000000e+03
9.834000000000000000e+03 8.187000000000000000e+03
9.834000000000000000e+03 8.200000000000000000e+03
9.837000000000000000e+03 8.181000000000000000e+03
9.838000000000000000e+03 8.170000000000000000e+03
9.838000000000000000e+03 8.179000000000000000e+03
9.838000000000000000e+03 8.181000000000000000e+03
9.842000000000000000e+03 8.159000000000000000e+03
9.842000000000000000e+03 8.163000000000000000e+03
9.843000000000000000e+03 8.152000000000000000e+03
9.845000000000000000e+03 8.150000000000000000e+03
9.846000000000000000e+03 8.137000000000000000e+03
9.851000000000000000e+03 8.137000000000000000e+03
9.852000000000000000e+03 8.105000000000000000e+03
9.853000000000000000e+03 8.097000000000000000e+03
9.853000000000000000e+03 8.100000000000000000e+03
9.853000000000000000e+03 8.102000000000000000e+03
9.854000000000000000e+03 8.094000000000000000e+03
9.857000000000000000e+03 8.085000000000000000e+03
9.857000000000000000e+03 8.090000000000000000e+03
9.861000000000000000e+03 8.072000000000000000e+03
9.861000000000000000e+03 8.084000000000000000e+03
9.864000000000000000e+03 8.070000000000000000e+03
9.866000000000000000e+03 8.034000000000000000e+03
9.866000000000000000e+03 8.040000000000000000e+03
9.867000000000000000e+03 8.026000000000000000e+03
9.868000000000000000e+03 8.015000000000000000e+03
9.869000000000000000e+03 8.006000000000000000e+03
9.869000000000000000e+03 8.008000000000000000e+03
9.873000000000000000e+03 8.002000000000000000e+03
9.879000000000000000e+03 7.993000000000000000e+03
9.880000000000000000e+03 7.922000000000000000e+03
9.883000000000000000e+03 7.896000000000000000e+03
9.883000000000000000e+03 7.911000000000000000e+03
9.884000000000000000e+03 7.795000000000000000e+03
9.884000000000000000e+03 7.807000000000000000e+03
9.884000000000000000e+03 7.815000000000000000e+03
9.884000000000000000e+03 7.818000000000000000e+03
9.885000000000000000e+03 7.785000000000000000e+03
9.885000000000000000e+03 7.795000000000000000e+03
9.888000000000000000e+03 7.756000000000000000e+03
9.890000000000000000e+03 7.695000000000000000e+03
