9.832000000000000000e+03 7.827000000000000000e+03
9.830000000000000000e+03 7.916000000000000000e+03
9.826000000000000000e+03 7.976000000000000000e+03
9.824000000000000000e+03 8.033000000000000000e+03
9.823000000000000000e+03 8.090000000000000000e+03
9.821000000000000000e+03 8.095000000000000000e+03
9.818000000000000000e+03 8.146000000000000000e+03
9.808000000000000000e+03 8.177000000000000000e+03
9.807000000000000000e+03 8.197000000000000000e+03
9.798000000000000000e+03 8.231000000000000000e+03
9.788000000000000000e+03 8.248000000000000000e+03
9.788000000000000000e+03 8.243000000000000000e+03
9.775000000000000000e+03 8.345000000000000000e+03
9.762000000000000000e+03 8.372000000000000000e+03
9.749000000000000000e+03 8.385000000000000000e+03
9.746000000000000000e+03 8.386000000000000000e+03
9.745000000000000000e+03 8.397000000000000000e+03
9.744000000000000000e+03 8.430000000000000000e+03
9.737000000000000000e+03 8.446000000000000000e+03
9.734000000000000000e+03 8.460000000000000000e+03
9.730000000000000000e+03 8.463000000000000000e+03
9.729000000000000000e+03 8.464000000000000000e+03
9.727000000000000000e+03 8.474000000000000000e+03
9.724000000000000000e+03 8.503000000000000000e+03
9.722000000000000000e+03 8.516000000000000000e+03
9.711000000000000000e+03 8.559000000000000000e+03
9.704000000000000000e+03 8.569000000000000000e+03
9.700000000000000000e+03 8.572000000000000000e+03
9.694000000000000000e+03 8.574000000000000000e+03
9.693000000000000000e+03 8.584000000000000000e+03
9.687000000000000000e+03 8.612000000000000000e+03
9.680000000000000000e+03 8.624000000000000000e+03
9.676000000000000000e+03 8.625000000000000000e+03
9.675000000000000000e+03 8.631000000000000000e+03
9.672000000000000000e+03 8.642000000000000000e+03
9.670000000000000000e+03 8.648000000000000000e+03
9.669000000000000000e+03 8.657000000000000000e+03
9.667000000000000000e+03 8.671000000000000000e+03
9.667000000000000000e+03 8.660000000000000000e+03
9.665000000000000000e+03 8.687000000000000000e+03
9.660000000000000000e+03 8.697000000000000000e+03
9.654000000000000000e+03 8.701000000000000000e+03
9.643000000000000000e+03 8.708000000000000000e+03
9.637000000000000000e+03 8.723000000000000000e+03
9.635000000000000000e+03 8.732000000000000000e+03
9.632000000000000000e+03 8.732000000000000000e+03
9.627000000000000000e+03 8.756000000000000000e+03
9.620000000000000000e+03 8.782000000000000000e+03
9.616000000000000000e+03 8.792000000000000000e+03
9.606000000000000000e+03 8.796000000000000000e+03
7.486000000000000000e+03 1.004400000000000000e+04
7.494000000000000000e+03 1.003200000000000000e+04
7.518000000000000000e+03 1.002700000000000000e+04
7.568000000000000000e+03 1.002500000000000000e+04
7.578000000000000000e+03 1.001700000000000000e+04
7.692000000000000000e+03 1.001600000000000000e+04
7.754000000000000000e+03 1.001400000000000000e+04
7.880000000000000000e+03 1.000700000000000000e+04
7.926000000000000000e+03 1.000200000000000000e+04
7.955000000000000000e+03 9.994000000000000000e+03
7.975000000000000000e+03 9.990000000000000000e+03
7.982000000000000000e+03 9.988000000000000000e+03
7.983000000000000000e+03 9.984000000000000000e+03
8.041000000000000000e+03 9.983000000000000000e+03
8.041000000000000000e+03 9.972000000000000000e+03
8.088000000000000000e+03 9.969000000000000000e+03
8.062000000000000000e+03 9.969000000000000000e+03
8.095000000000000000e+03 9.967000000000000000e+03
8.099000000000000000e+03 9.964000000000000000e+03
8.100000000000000000e+03 9.960000000000000000e+03
8.122000000000000000e+03 9.954000000000000000e+03
8.141000000000000000e+03 9.954000000000000000e+03
8.153000000000000000e+03 9.949000000000000000e+03
8.167000000000000000e+03 9.945000000000000000e+03
8.192000000000000000e+03 9.942000000000000000e+03
8.224000000000000000e+03 9.928000000000000000e+03
8.226000000000000000e+03 9.927000000000000000e+03
8.252000000000000000e+03 9.920000000000000000e+03
8.254000000000000000e+03 9.920000000000000000e+03
8.263000000000000000e+03 9.915000000000000000e+03
8.272000000000000000e+03 9.913000000000000000e+03
8.320000000000000000e+03 9.909000000000000000e+03
8.383000000000000000e+03 9.883000000000000000e+03
8.384000000000000000e+03 9.863000000000000000e+03
8.396000000000000000e+03 9.861000000000000000e+03
8.401000000000000000e+03 9.861000000000000000e+03
8.440000000000000000e+03 9.861000000000000000e+03
8.444000000000000000e+03 9.855000000000000000e+03
8.453000000000000000e+03 9.843000000000000000e+03
8.457000000000000000e+03 9.836000000000000000e+03
8.469000000000000000e+03 9.835000000000000000e+03
8.493000000000000000e+03 9.830000000000000000e+03
8.574000000000000000e+03 9.823000000000000000e+03
8.595000000000000000e+03 9.807000000000000000e+03
8.605000000000000000e+03 9.806000000000000000e+03
8.628000000000000000e+03 9.788000000000000000e+03
8.629000000000000000e+03 9.776000000000000000e+03
8.643000000000000000e+03 9.774000000000000000e+03
8.645000000000000000e+03 9.770000000000000000e+03
8.652000000000000000e+03 9.764000000000000000e+03
7.283000000000000000e+03 7.495000000000000000e+03
8.176000000000000000e+03 8.521000000000000000e+03
8.892000000000000000e+03 7.925000000000000000e+03
7.342000000000000000e+03 8.488000000000000000e+03
6.577000000000000000e+03 7.723000000000000000e+03
7.609000000000000000e+03 6.849000000000000000e+03
9.201000000000000000e+03 9.354000000000000000e+03
8.561000000000000000e+03 8.903000000000000000e+03
7.859000000000000000e+03 8.945000000000000000e+03
8.683000000000000000e+03 8.400000000000000000e+03
9.016000000000000000e+03 7.505000000000000000e+03
7.633000000000000000e+03 7.273000000000000000e+03
7.619000000000000000e+03 7.733000000000000000e+03
8.358000000000000000e+03 8.149000000000000000e+03
6.999000000000000000e+03 7.776000000000000000e+03
9.080000000000000000e+03 8.223000000000000000e+03
9.430000000000000000e+03 9.100000000000000000e+03
8.936000000000000000e+03 9.579000000000000000e+03
8.226000000000000000e+03 8.877000000000000000e+03
8.652000000000000000e+03 8.085000000000000000e+03
8.485000000000000000e+03 8.645000000000000000e+03
7.988000000000000000e+03 8.694000000000000000e+03
8.134000000000000000e+03 8.274000000000000000e+03
7.523000000000000000e+03 7.482000000000000000e+03
9.127000000000000000e+03 7.934000000000000000e+03
7.740000000000000000e+03 7.066000000000000000e+03
8.900000000000000000e+03 8.351000000000000000e+03
9.018000000000000000e+03 7.722000000000000000e+03
7.419000000000000000e+03 7.303000000000000000e+03
7.265000000000000000e+03 7.695000000000000000e+03
6.810000000000000000e+03 7.709000000000000000e+03
7.541000000000000000e+03 7.048000000000000000e+03
7.050000000000000000e+03 7.588000000000000000e+03
8.299000000000000000e+03 8.679000000000000000e+03
8.337000000000000000e+03 9.028000000000000000e+03
8.001000000000000000e+03 8.465000000000000000e+03
8.837000000000000000e+03 8.100000000000000000e+03
8.138000000000000000e+03 9.031000000000000000e+03
6.706000000000000000e+03 7.850000000000000000e+03
9.528000000000000000e+03 8.951000000000000000e+03
9.013000000000000000e+03 8.064000000000000000e+03
9.083000000000000000e+03 9.479000000000000000e+03
9.313000000000000000e+03 9.229000000000000000e+03
8.787000000000000000e+03 9.666000000000000000e+03
8.287000000000000000e+03 8.336000000000000000e+03
8.640000000000000000e+03 8.698000000000000000e+03
8.433000000000000000e+03 8.490000000000000000e+03
7.850000000000000000e+03 8.788000000000000000e+03
7.431000000000000000e+03 7.605000000000000000e+03
8.777000000000000000e+03 8.241000000000000000e+03
8.513000000000000000e+03 8.141000000000000000e+03
8.089000000000000000e+03 8.824000000000000000e+03
8.150000000000000000e+03 8.664000000000000000e+03
9.157000000000000000e+03 8.081000000000000000e+03
8.364000000000000000e+03 8.807000000000000000e+03
8.569000000000000000e+03 8.491000000000000000e+03
7.660000000000000000e+03 7.397000000000000000e+03
8.103000000000000000e+03 8.399000000000000000e+03
7.157000000000000000e+03 7.641000000000000000e+03
8.890000000000000000e+03 8.207000000000000000e+03
8.955000000000000000e+03 7.821000000000000000e+03
8.461000000000000000e+03 8.964000000000000000e+03
8.795000000000000000e+03 8.398000000000000000e+03
7.673000000000000000e+03 7.153000000000000000e+03
7.557000000000000000e+03 7.195000000000000000e+03
8.982000000000000000e+03 8.270000000000000000e+03
7.391000000000000000e+03 7.408000000000000000e+03
8.458000000000000000e+03 8.757000000000000000e+03
8.193000000000000000e+03 8.190000000000000000e+03
7.530000000000000000e+03 7.380000000000000000e+03
8.266000000000000000e+03 8.569000000000000000e+03
7.977000000000000000e+03 8.795000000000000000e+03
8.807000000000000000e+03 8.004000000000000000e+03
8.364000000000000000e+03 8.604000000000000000e+03
6.973000000000000000e+03 7.649000000000000000e+03
8.915000000000000000e+03 8.020000000000000000e+03
7.234000000000000000e+03 7.584000000000000000e+03
6.910000000000000000e+03 7.741000000000000000e+03
8.613000000000000000e+03 8.574000000000000000e+03
8.083000000000000000e+03 8.731000000000000000e+03
8.181000000000000000e+03 8.750000000000000000e+03
8.978000000000000000e+03 8.148000000000000000e+03
6.692000000000000000e+03 7.761000000000000000e+03
9.485000000000000000e+03 9.029000000000000000e+03
8.673000000000000000e+03 8.312000000000000000e+03
7.336000000000000000e+03 7.643000000000000000e+03
8.984000000000000000e+03 7.904000000000000000e+03
9.004000000000000000e+03 7.592000000000000000e+03
9.008000000000000000e+03 9.530000000000000000e+03
9.372000000000000000e+03 9.165000000000000000e+03
8.573000000000000000e+03 8.817000000000000000e+03
8.242000000000000000e+03 8.409000000000000000e+03
7.904000000000000000e+03 8.854000000000000000e+03
9.136000000000000000e+03 9.409000000000000000e+03
7.539000000000000000e+03 7.278000000000000000e+03
9.566000000000000000e+03 8.869000000000000000e+03
8.865000000000000000e+03 9.622000000000000000e+03
8.051000000000000000e+03 8.640000000000000000e+03
9.264000000000000000e+03 9.294000000000000000e+03
8.819000000000000000e+03 8.309000000000000000e+03
8.596000000000000000e+03 8.142000000000000000e+03
8.681000000000000000e+03 8.479000000000000000e+03
8.727000000000000000e+03 9.717000000000000000e+03
7.456000000000000000e+03 7.531000000000000000e+03
8.762000000000000000e+03 8.079000000000000000e+03
7.063000000000000000e+03 7.732000000000000000e+03
8.270000000000000000e+03 8.186000000000000000e+03
8.133000000000000000e+03 8.589000000000000000e+03
8.330000000000000000e+03 8.274000000000000000e+03
8.212000000000000000e+03 8.614000000000000000e+03
7.110000000000000000e+03 7.555000000000000000e+03
8.626000000000000000e+03 8.440000000000000000e+03
8.465000000000000000e+03 8.549000000000000000e+03
9.192000000000000000e+03 8.025000000000000000e+03
6.643000000000000000e+03 7.869000000000000000e+03
8.543000000000000000e+03 8.614000000000000000e+03
6.843000000000000000e+03 7.656000000000000000e+03
9.092000000000000000e+03 7.985000000000000000e+03
8.508000000000000000e+03 8.505000000000000000e+03
8.942000000000000000e+03 7.965000000000000000e+03
7.921000000000000000e+03 8.775000000000000000e+03
8.248000000000000000e+03 8.708000000000000000e+03
8.581000000000000000e+03 8.759000000000000000e+03
8.856000000000000000e+03 7.970000000000000000e+03
8.312000000000000000e+03 8.831000000000000000e+03
9.105000000000000000e+03 8.105000000000000000e+03
7.482000000000000000e+03 7.277000000000000000e+03
8.866000000000000000e+03 8.051000000000000000e+03
8.914000000000000000e+03 7.873000000000000000e+03
8.851000000000000000e+03 8.391000000000000000e+03
8.405000000000000000e+03 8.566000000000000000e+03
8.730000000000000000e+03 8.430000000000000000e+03
8.842000000000000000e+03 8.180000000000000000e+03
9.013000000000000000e+03 8.225000000000000000e+03
8.126000000000000000e+03 8.350000000000000000e+03
8.389000000000000000e+03 8.759000000000000000e+03
8.768000000000000000e+03 8.295000000000000000e+03
8.931000000000000000e+03 8.257000000000000000e+03
8.994000000000000000e+03 7.786000000000000000e+03
8.509000000000000000e+03 8.907000000000000000e+03
7.505000000000000000e+03 7.548000000000000000e+03
8.016000000000000000e+03 8.761000000000000000e+03
8.757000000000000000e+03 8.363000000000000000e+03
7.605000000000000000e+03 7.176000000000000000e+03
9.024000000000000000e+03 8.171000000000000000e+03
7.224000000000000000e+03 7.664000000000000000e+03
9.041000000000000000e+03 8.021000000000000000e+03
7.869000000000000000e+03 8.890000000000000000e+03
6.765000000000000000e+03 7.687000000000000000e+03
8.132000000000000000e+03 8.801000000000000000e+03
8.097000000000000000e+03 8.625000000000000000e+03
8.932000000000000000e+03 8.162000000000000000e+03
8.048000000000000000e+03 8.460000000000000000e+03
8.860000000000000000e+03 8.286000000000000000e+03
8.252000000000000000e+03 8.838000000000000000e+03
8.503000000000000000e+03 8.186000000000000000e+03
8.117000000000000000e+03 8.696000000000000000e+03
9.089000000000000000e+03 8.178000000000000000e+03
9.557000000000000000e+03 8.914000000000000000e+03
9.046000000000000000e+03 9.504000000000000000e+03
8.061000000000000000e+03 8.414000000000000000e+03
9.502000000000000000e+03 8.988000000000000000e+03
7.229000000000000000e+03 7.540000000000000000e+03
8.690000000000000000e+03 9.741000000000000000e+03
7.017000000000000000e+03 7.651000000000000000e+03
9.239000000000000000e+03 9.332000000000000000e+03
8.317000000000000000e+03 8.163000000000000000e+03
8.828000000000000000e+03 9.653000000000000000e+03
9.457000000000000000e+03 9.061000000000000000e+03
7.932000000000000000e+03 8.816000000000000000e+03
8.970000000000000000e+03 9.554000000000000000e+03
9.581000000000000000e+03 8.830000000000000000e+03
8.570000000000000000e+03 8.174000000000000000e+03
8.591000000000000000e+03 8.719000000000000000e+03
8.667000000000000000e+03 8.438000000000000000e+03
7.574000000000000000e+03 7.257000000000000000e+03
8.259000000000000000e+03 8.372000000000000000e+03
8.791000000000000000e+03 8.338000000000000000e+03
9.292000000000000000e+03 9.263000000000000000e+03
8.640000000000000000e+03 8.477000000000000000e+03
9.336000000000000000e+03 9.197000000000000000e+03
8.968000000000000000e+03 7.858000000000000000e+03
8.974000000000000000e+03 8.066000000000000000e+03
8.429000000000000000e+03 8.534000000000000000e+03
9.170000000000000000e+03 9.390000000000000000e+03
8.469000000000000000e+03 8.926000000000000000e+03
9.397000000000000000e+03 9.120000000000000000e+03
9.106000000000000000e+03 9.449000000000000000e+03
8.761000000000000000e+03 9.693000000000000000e+03
8.154000000000000000e+03 8.627000000000000000e+03
8.807000000000000000e+03 8.274000000000000000e+03
7.045000000000000000e+03 7.627000000000000000e+03
8.167000000000000000e+03 8.790000000000000000e+03
8.725000000000000000e+03 8.394000000000000000e+03
8.973000000000000000e+03 8.112000000000000000e+03
7.984000000000000000e+03 8.746000000000000000e+03
8.201000000000000000e+03 8.721000000000000000e+03
8.198000000000000000e+03 8.582000000000000000e+03
8.945000000000000000e+03 7.889000000000000000e+03
8.323000000000000000e+03 8.654000000000000000e+03
7.398000000000000000e+03 7.330000000000000000e+03
8.432000000000000000e+03 8.982000000000000000e+03
7.299000000000000000e+03 7.525000000000000000e+03
7.007000000000000000e+03 7.743000000000000000e+03
7.257000000000000000e+03 7.559000000000000000e+03
8.894000000000000000e+03 9.605000000000000000e+03
7.361000000000000000e+03 7.423000000000000000e+03
7.449000000000000000e+03 7.280000000000000000e+03
8.161000000000000000e+03 8.572000000000000000e+03
8.637000000000000000e+03 8.113000000000000000e+03
8.281000000000000000e+03 8.705000000000000000e+03
8.918000000000000000e+03 7.907000000000000000e+03
7.485000000000000000e+03 7.519000000000000000e+03
8.865000000000000000e+03 8.082000000000000000e+03
8.873000000000000000e+03 8.180000000000000000e+03
8.871000000000000000e+03 8.231000000000000000e+03
8.909000000000000000e+03 8.182000000000000000e+03
8.964000000000000000e+03 7.927000000000000000e+03
8.701000000000000000e+03 8.439000000000000000e+03
8.788000000000000000e+03 8.213000000000000000e+03
9.008000000000000000e+03 7.534000000000000000e+03
7.072000000000000000e+03 7.615000000000000000e+03
8.184000000000000000e+03 8.554000000000000000e+03
8.131000000000000000e+03 8.303000000000000000e+03
8.205000000000000000e+03 8.518000000000000000e+03
7.147000000000000000e+03 7.614000000000000000e+03
8.837000000000000000e+03 8.269000000000000000e+03
7.429000000000000000e+03 7.540000000000000000e+03
8.785000000000000000e+03 8.366000000000000000e+03
8.050000000000000000e+03 8.668000000000000000e+03
8.949000000000000000e+03 8.278000000000000000e+03
9.393000000000000000e+03 9.147000000000000000e+03
7.587000000000000000e+03 6.865000000000000000e+03
8.142000000000000000e+03 8.248000000000000000e+03
8.890000000000000000e+03 7.952000000000000000e+03
9.039000000000000000e+03 8.229000000000000000e+03
8.751000000000000000e+03 8.275000000000000000e+03
8.907000000000000000e+03 8.326000000000000000e+03
8.869000000000000000e+03 7.938000000000000000e+03
8.953000000000000000e+03 8.145000000000000000e+03
8.892000000000000000e+03 8.030000000000000000e+03
8.914000000000000000e+03 7.995000000000000000e+03
8.910000000000000000e+03 9.586000000000000000e+03
7.523000000000000000e+03 7.531000000000000000e+03
8.161000000000000000e+03 8.545000000000000000e+03
7.872000000000000000e+03 8.866000000000000000e+03
9.124000000000000000e+03 9.430000000000000000e+03
8.100000000000000000e+03 8.714000000000000000e+03
8.931000000000000000e+03 7.856000000000000000e+03
8.074000000000000000e+03 8.634000000000000000e+03
9.542000000000000000e+03 8.932000000000000000e+03
8.614000000000000000e+03 8.117000000000000000e+03
8.932000000000000000e+03 7.823000000000000000e+03
9.006000000000000000e+03 7.569000000000000000e+03
8.225000000000000000e+03 8.595000000000000000e+03
8.910000000000000000e+03 8.044000000000000000e+03
9.442000000000000000e+03 9.081000000000000000e+03
8.949000000000000000e+03 7.944000000000000000e+03
8.840000000000000000e+03 9.635000000000000000e+03
9.085000000000000000e+03 9.454000000000000000e+03
8.105000000000000000e+03 8.605000000000000000e+03
8.707000000000000000e+03 9.728000000000000000e+03
9.199000000000000000e+03 9.375000000000000000e+03
8.067000000000000000e+03 8.656000000000000000e+03
9.360000000000000000e+03 9.182000000000000000e+03
8.647000000000000000e+03 8.433000000000000000e+03
8.950000000000000000e+03 9.559000000000000000e+03
9.469000000000000000e+03 9.042000000000000000e+03
8.990000000000000000e+03 9.540000000000000000e+03
9.275000000000000000e+03 9.277000000000000000e+03
9.485000000000000000e+03 8.999000000000000000e+03
9.590000000000000000e+03 8.812000000000000000e+03
9.020000000000000000e+03 9.514000000000000000e+03
9.303000000000000000e+03 9.246000000000000000e+03
8.871000000000000000e+03 8.202000000000000000e+03
9.332000000000000000e+03 9.224000000000000000e+03
9.057000000000000000e+03 9.488000000000000000e+03
8.288000000000000000e+03 8.179000000000000000e+03
8.744000000000000000e+03 8.397000000000000000e+03
8.943000000000000000e+03 8.242000000000000000e+03
8.676000000000000000e+03 9.754000000000000000e+03
9.262000000000000000e+03 9.313000000000000000e+03
8.806000000000000000e+03 9.666000000000000000e+03
8.234000000000000000e+03 8.842000000000000000e+03
8.973000000000000000e+03 7.819000000000000000e+03
8.487000000000000000e+03 8.925000000000000000e+03
9.012000000000000000e+03 8.082000000000000000e+03
8.770000000000000000e+03 9.670000000000000000e+03
7.491000000000000000e+03 7.535000000000000000e+03
8.309000000000000000e+03 8.178000000000000000e+03
8.332000000000000000e+03 8.155000000000000000e+03
9.415000000000000000e+03 9.108000000000000000e+03
8.177000000000000000e+03 8.185000000000000000e+03
8.894000000000000000e+03 8.189000000000000000e+03
8.952000000000000000e+03 7.874000000000000000e+03
8.987000000000000000e+03 7.801000000000000000e+03
7.261000000000000000e+03 7.575000000000000000e+03
7.998000000000000000e+03 8.681000000000000000e+03
8.269000000000000000e+03 8.359000000000000000e+03
8.803000000000000000e+03 8.327000000000000000e+03
9.516000000000000000e+03 8.962000000000000000e+03
7.572000000000000000e+03 7.273000000000000000e+03
7.444000000000000000e+03 7.295000000000000000e+03
9.183000000000000000e+03 9.381000000000000000e+03
8.144000000000000000e+03 8.639000000000000000e+03
8.855000000000000000e+03 8.094000000000000000e+03
8.884000000000000000e+03 9.617000000000000000e+03
8.929000000000000000e+03 7.896000000000000000e+03
9.181000000000000000e+03 8.036000000000000000e+03
8.729000000000000000e+03 8.379000000000000000e+03
9.578000000000000000e+03 8.845000000000000000e+03
8.740000000000000000e+03 9.709000000000000000e+03
8.120000000000000000e+03 8.604000000000000000e+03
8.730000000000000000e+03 8.415000000000000000e+03
8.860000000000000000e+03 8.379000000000000000e+03
8.974000000000000000e+03 7.916000000000000000e+03
8.923000000000000000e+03 8.179000000000000000e+03
9.211000000000000000e+03 9.344000000000000000e+03
8.900000000000000000e+03 7.874000000000000000e+03
9.111000000000000000e+03 9.436000000000000000e+03
9.509000000000000000e+03 8.976000000000000000e+03
9.228000000000000000e+03 9.340000000000000000e+03
8.868000000000000000e+03 7.976000000000000000e+03
9.158000000000000000e+03 9.396000000000000000e+03
9.560000000000000000e+03 8.881000000000000000e+03
7.554000000000000000e+03 7.208000000000000000e+03
9.349000000000000000e+03 9.194000000000000000e+03
9.069000000000000000e+03 9.483000000000000000e+03
9.529000000000000000e+03 8.932000000000000000e+03
9.380000000000000000e+03 9.155000000000000000e+03
7.438000000000000000e+03 7.549000000000000000e+03
9.248000000000000000e+03 9.323000000000000000e+03
8.804000000000000000e+03 8.016000000000000000e+03
9.472000000000000000e+03 9.030000000000000000e+03
9.571000000000000000e+03 8.855000000000000000e+03
9.001000000000000000e+03 8.227000000000000000e+03
8.860000000000000000e+03 9.633000000000000000e+03
8.477000000000000000e+03 8.654000000000000000e+03
8.580000000000000000e+03 8.487000000000000000e+03
8.665000000000000000e+03 9.758000000000000000e+03
8.779000000000000000e+03 8.299000000000000000e+03
8.824000000000000000e+03 9.664000000000000000e+03
8.653000000000000000e+03 8.423000000000000000e+03
9.333000000000000000e+03 9.208000000000000000e+03
8.671000000000000000e+03 8.323000000000000000e+03
8.750000000000000000e+03 9.695000000000000000e+03
9.030000000000000000e+03 8.023000000000000000e+03
8.769000000000000000e+03 9.681000000000000000e+03
8.927000000000000000e+03 9.585000000000000000e+03
9.142000000000000000e+03 9.400000000000000000e+03
8.946000000000000000e+03 9.569000000000000000e+03
9.370000000000000000e+03 9.178000000000000000e+03
8.765000000000000000e+03 8.370000000000000000e+03
8.693000000000000000e+03 8.397000000000000000e+03
8.697000000000000000e+03 9.731000000000000000e+03
8.935000000000000000e+03 8.152000000000000000e+03
8.980000000000000000e+03 9.551000000000000000e+03
9.047000000000000000e+03 9.490000000000000000e+03
9.036000000000000000e+03 9.505000000000000000e+03
9.282000000000000000e+03 9.270000000000000000e+03
9.406000000000000000e+03 9.116000000000000000e+03
8.099000000000000000e+03 8.616000000000000000e+03
8.834000000000000000e+03 9.642000000000000000e+03
9.495000000000000000e+03 8.994000000000000000e+03
8.380000000000000000e+03 8.760000000000000000e+03
8.716000000000000000e+03 9.727000000000000000e+03
9.019000000000000000e+03 9.523000000000000000e+03
9.084000000000000000e+03 9.463000000000000000e+03
8.065000000000000000e+03 8.406000000000000000e+03
8.642000000000000000e+03 8.106000000000000000e+03
8.876000000000000000e+03 9.620000000000000000e+03
9.272000000000000000e+03 9.291000000000000000e+03
9.589000000000000000e+03 8.827000000000000000e+03
8.892000000000000000e+03 8.197000000000000000e+03
9.518000000000000000e+03 8.954000000000000000e+03
8.906000000000000000e+03 9.593000000000000000e+03
9.600000000000000000e+03 8.801000000000000000e+03
8.898000000000000000e+03 7.921000000000000000e+03
8.935000000000000000e+03 7.892000000000000000e+03
8.958000000000000000e+03 8.150000000000000000e+03
8.966000000000000000e+03 7.820000000000000000e+03
9.009000000000000000e+03 9.523000000000000000e+03
9.119000000000000000e+03 9.435000000000000000e+03
9.200000000000000000e+03 9.361000000000000000e+03
9.350000000000000000e+03 9.187000000000000000e+03
9.272000000000000000e+03 9.284000000000000000e+03
9.300000000000000000e+03 9.252000000000000000e+03
8.735000000000000000e+03 8.419000000000000000e+03
8.823000000000000000e+03 8.304000000000000000e+03
9.595000000000000000e+03 8.808000000000000000e+03
9.391000000000000000e+03 9.153000000000000000e+03
8.886000000000000000e+03 7.924000000000000000e+03
8.956000000000000000e+03 9.558000000000000000e+03
9.207000000000000000e+03 9.353000000000000000e+03
9.177000000000000000e+03 9.381000000000000000e+03
9.578000000000000000e+03 8.839000000000000000e+03
9.010000000000000000e+03 8.230000000000000000e+03
9.141000000000000000e+03 9.406000000000000000e+03
9.134000000000000000e+03 9.414000000000000000e+03
9.490000000000000000e+03 8.996000000000000000e+03
