7486.000000 10044.000000
7494.000000 10032.000000
7518.000000 10027.000000
7568.000000 10025.000000
7578.000000 10017.000000
7692.000000 10016.000000
7754.000000 10014.000000
7880.000000 10007.000000
7926.000000 10002.000000
7955.000000 9994.000000
7975.000000 9990.000000
7982.000000 9988.000000
7983.000000 9984.000000
8041.000000 9972.000000
8041.000000 9983.000000
8062.000000 9969.000000
8088.000000 9969.000000
8095.000000 9967.000000
8099.000000 9964.000000
8100.000000 9960.000000
8122.000000 9954.000000
8141.000000 9954.000000
8153.000000 9949.000000
8167.000000 9945.000000
8192.000000 9942.000000
8224.000000 9928.000000
8226.000000 9927.000000
8252.000000 9920.000000
8254.000000 9920.000000
8263.000000 9915.000000
8272.000000 9913.000000
8320.000000 9909.000000
8383.000000 9883.000000
8384.000000 9863.000000
8396.000000 9861.000000
8401.000000 9861.000000
8440.000000 9861.000000
8444.000000 9855.000000
8453.000000 9843.000000
8457.000000 9836.000000
8469.000000 9835.000000
8493.000000 9830.000000
8574.000000 9823.000000
8595.000000 9807.000000
8605.000000 9806.000000
8628.000000 9788.000000
8629.000000 9776.000000
8643.000000 9774.000000
8645.000000 9770.000000
8652.000000 9764.000000
8665.000000 9758.000000
8676.000000 9754.000000
8677.000000 9751.000000
8690.000000 9741.000000
8694.000000 9739.000000
8697.000000 9731.000000
8707.000000 9728.000000
8716.000000 9727.000000
8727.000000 9717.000000
8731.000000 9717.000000
8740.000000 9709.000000
8750.000000 9695.000000
8761.000000 9693.000000
8769.000000 9681.000000
8770.000000 9670.000000
8787.000000 9666.000000
8806.000000 9666.000000
8824.000000 9664.000000
8828.000000 9653.000000
8834.000000 9642.000000
8840.000000 9635.000000
8860.000000 9633.000000
8865.000000 9622.000000
8876.000000 9620.000000
8878.000000 9619.000000
8884.000000 9617.000000
8894.000000 9605.000000
8906.000000 9593.000000
8910.000000 9586.000000
8927.000000 9585.000000
8929.000000 9583.000000
8936.000000 9579.000000
8946.000000 9569.000000
8948.000000 9567.000000
8950.000000 9559.000000
8956.000000 9558.000000
8970.000000 9554.000000
8980.000000 9551.000000
8990.000000 9540.000000
9008.000000 9530.000000
9009.000000 9523.000000
9019.000000 9523.000000
9020.000000 9514.000000
9020.000000 9520.000000
9036.000000 9505.000000
9046.000000 9504.000000
9047.000000 9490.000000
9049.000000 9489.000000
9057.000000 9488.000000
9057.000000 9489.000000
9069.000000 9483.000000
9083.000000 9479.000000
9084.000000 9463.000000
9085.000000 9454.000000
9106.000000 9449.000000
9111.000000 9436.000000
9119.000000 9435.000000
9124.000000 9430.000000
9134.000000 9414.000000
9136.000000 9409.000000
9141.000000 9406.000000
9142.000000 9400.000000
9142.000000 9401.000000
9158.000000 9396.000000
9170.000000 9390.000000
9177.000000 9381.000000
9183.000000 9381.000000
9199.000000 9375.000000
9200.000000 9361.000000
9201.000000 9354.000000
9207.000000 9353.000000
9208.000000 9346.000000
9208.000000 9349.000000
9211.000000 9344.000000
9228.000000 9340.000000
9231.000000 9339.000000
9239.000000 9332.000000
9248.000000 9323.000000
9262.000000 9313.000000
9264.000000 9294.000000
9272.000000 9284.000000
9272.000000 9291.000000
9275.000000 9277.000000
9282.000000 9270.000000
9286.000000 9269.000000
9292.000000 9263.000000
9300.000000 9252.000000
9303.000000 9246.000000
9307.000000 9244.000000
9313.000000 9229.000000
9332.000000 9224.000000
9333.000000 9208.000000
9336.000000 9197.000000
9349.000000 9189.000000
9349.000000 9194.000000
9350.000000 9187.000000
9360.000000 9182.000000
9370.000000 9178.000000
9372.000000 9165.000000
9380.000000 9155.000000
9391.000000 9153.000000
9393.000000 9147.000000
9397.000000 9120.000000
9406.000000 9116.000000
9415.000000 9108.000000
9430.000000 9100.000000
9442.000000 9081.000000
9457.000000 9061.000000
9469.000000 9042.000000
9472.000000 9030.000000
9472.000000 9033.000000
9485.000000 8999.000000
9485.000000 9029.000000
9490.000000 8996.000000
9495.000000 8994.000000
9501.000000 8992.000000
9502.000000 8988.000000
9509.000000 8976.000000
9516.000000 8962.000000
9518.000000 8954.000000
9528.000000 8951.000000
9529.000000 8932.000000
9542.000000 8932.000000
9557.000000 8914.000000
9560.000000 8881.000000
9566.000000 8869.000000
9571.000000 8855.000000
9578.000000 8839.000000
9578.000000 8845.000000
9581.000000 8830.000000
9589.000000 8827.000000
9590.000000 8808.000000
9590.000000 8812.000000
9595.000000 8808.000000
9600.000000 8801.000000
9601.000000 8800.000000
9606.000000 8796.000000
9616.000000 8792.000000
9620.000000 8782.000000
9627.000000 8756.000000
9632.000000 8732.000000
9635.000000 8732.000000
9637.000000 8723.000000
9643.000000 8708.000000
9654.000000 8701.000000
9660.000000 8697.000000
9665.000000 8687.000000
9667.000000 8660.000000
9667.000000 8671.000000
9669.000000 8657.000000
9670.000000 8648.000000
9672.000000 8642.000000
9675.000000 8631.000000
9676.000000 8625.000000
9680.000000 8624.000000
9687.000000 8612.000000
9693.000000 8584.000000
9694.000000 8574.000000
9700.000000 8572.000000
9704.000000 8569.000000
9711.000000 8559.000000
9722.000000 8516.000000
9724.000000 8503.000000
9727.000000 8474.000000
9729.000000 8464.000000
9730.000000 8463.000000
9734.000000 8460.000000
9737.000000 8446.000000
9744.000000 8430.000000
9745.000000 8397.000000
9746.000000 8386.000000
9749.000000 8385.000000
9762.000000 8372.000000
9775.000000 8345.000000
9788.000000 8243.000000
9788.000000 8248.000000
9798.000000 8231.000000
9807.000000 8197.000000
9808.000000 8177.000000
9818.000000 8146.000000
9821.000000 8095.000000
9823.000000 8090.000000
9824.000000 8033.000000
9826.000000 7976.000000
9830.000000 7916.000000
9832.000000 7827.000000
