2.693900000000000000e+04 2.634700000000000000e+04
2.642800000000000000e+04 2.640000000000000000e+04
2.653800000000000000e+04 2.635800000000000000e+04
2.623900000000000000e+04 2.661200000000000000e+04
2.624600000000000000e+04 2.651900000000000000e+04
2.641500000000000000e+04 2.642600000000000000e+04
2.633100000000000000e+04 2.651200000000000000e+04
2.582800000000000000e+04 2.762700000000000000e+04
2.651200000000000000e+04 2.639800000000000000e+04
2.622200000000000000e+04 2.663300000000000000e+04
2.641200000000000000e+04 2.643100000000000000e+04
2.637600000000000000e+04 2.650600000000000000e+04
2.602100000000000000e+04 2.761000000000000000e+04
2.607300000000000000e+04 2.755800000000000000e+04
2.619400000000000000e+04 2.750500000000000000e+04
2.619800000000000000e+04 2.748900000000000000e+04
2.604700000000000000e+04 2.758700000000000000e+04
2.612400000000000000e+04 2.751000000000000000e+04
2.716400000000000000e+04 2.625900000000000000e+04
2.756600000000000000e+04 2.621400000000000000e+04
2.763500000000000000e+04 2.615000000000000000e+04
2.756100000000000000e+04 2.622300000000000000e+04
2.694400000000000000e+04 2.632700000000000000e+04
2.695500000000000000e+04 2.631000000000000000e+04
2.701400000000000000e+04 2.627000000000000000e+04
2.756000000000000000e+04 2.623000000000000000e+04
2.752700000000000000e+04 2.624200000000000000e+04
2.756300000000000000e+04 2.622200000000000000e+04
2.754900000000000000e+04 2.623700000000000000e+04
2.760700000000000000e+04 2.618100000000000000e+04
2.750600000000000000e+04 2.624400000000000000e+04
2.764900000000000000e+04 2.614700000000000000e+04
2.839100000000000000e+04 2.568600000000000000e+04
2.827300000000000000e+04 2.583400000000000000e+04
2.767800000000000000e+04 2.613900000000000000e+04
2.773900000000000000e+04 2.605300000000000000e+04
2.837500000000000000e+04 2.574100000000000000e+04
2.824600000000000000e+04 2.587200000000000000e+04
2.831400000000000000e+04 2.580500000000000000e+04
2.842400000000000000e+04 2.568400000000000000e+04
2.835300000000000000e+04 2.576600000000000000e+04
2.816900000000000000e+04 2.591700000000000000e+04
2.845200000000000000e+04 2.554900000000000000e+04
2.845800000000000000e+04 2.551900000000000000e+04
2.833000000000000000e+04 2.579300000000000000e+04
2.848200000000000000e+04 2.545000000000000000e+04
2.807900000000000000e+04 2.598200000000000000e+04
2.838800000000000000e+04 2.569800000000000000e+04
2.844400000000000000e+04 2.561500000000000000e+04
2.791600000000000000e+04 2.600300000000000000e+04
2.828100000000000000e+04 2.582800000000000000e+04
2.790300000000000000e+04 2.601500000000000000e+04
2.774600000000000000e+04 2.605100000000000000e+04
2.833700000000000000e+04 2.578000000000000000e+04
2.801000000000000000e+04 2.600200000000000000e+04
2.520900000000000000e+04 2.714200000000000000e+04
2.677800000000000000e+04 2.663400000000000000e+04
2.676300000000000000e+04 2.665200000000000000e+04
2.674700000000000000e+04 2.677300000000000000e+04
2.674300000000000000e+04 2.711900000000000000e+04
2.708000000000000000e+04 2.640000000000000000e+04
2.706500000000000000e+04 2.642500000000000000e+04
2.735600000000000000e+04 2.623700000000000000e+04
2.728700000000000000e+04 2.626600000000000000e+04
2.704700000000000000e+04 2.643300000000000000e+04
2.678600000000000000e+04 2.660600000000000000e+04
2.812100000000000000e+04 2.599300000000000000e+04
2.682400000000000000e+04 2.656300000000000000e+04
2.681700000000000000e+04 2.657200000000000000e+04
2.800400000000000000e+04 2.607400000000000000e+04
2.684100000000000000e+04 2.654700000000000000e+04
2.807000000000000000e+04 2.600000000000000000e+04
2.740100000000000000e+04 2.617200000000000000e+04
2.710300000000000000e+04 2.634900000000000000e+04
2.803500000000000000e+04 2.601000000000000000e+04
2.791500000000000000e+04 2.611800000000000000e+04
2.822100000000000000e+04 2.591100000000000000e+04
2.825000000000000000e+04 2.585700000000000000e+04
2.831200000000000000e+04 2.576900000000000000e+04
2.833000000000000000e+04 2.572700000000000000e+04
2.823400000000000000e+04 2.585900000000000000e+04
2.820000000000000000e+04 2.592200000000000000e+04
2.742600000000000000e+04 2.615700000000000000e+04
2.817700000000000000e+04 2.597700000000000000e+04
2.837400000000000000e+04 2.569400000000000000e+04
2.834100000000000000e+04 2.572100000000000000e+04
2.826200000000000000e+04 2.582400000000000000e+04
2.849100000000000000e+04 2.532100000000000000e+04
2.834400000000000000e+04 2.572000000000000000e+04
2.846600000000000000e+04 2.547900000000000000e+04
2.827100000000000000e+04 2.578500000000000000e+04
2.836400000000000000e+04 2.571700000000000000e+04
2.845400000000000000e+04 2.558500000000000000e+04
2.845200000000000000e+04 2.559700000000000000e+04
2.843500000000000000e+04 2.562100000000000000e+04
2.838200000000000000e+04 2.566500000000000000e+04
2.836900000000000000e+04 2.571200000000000000e+04
2.848900000000000000e+04 2.536900000000000000e+04
2.852000000000000000e+04 2.530800000000000000e+04
2.841700000000000000e+04 2.563100000000000000e+04
2.850500000000000000e+04 2.531700000000000000e+04
2.826600000000000000e+04 2.579500000000000000e+04
2.840600000000000000e+04 2.565200000000000000e+04
2.853700000000000000e+04 2.530100000000000000e+04
2.617500000000000000e+04 2.664700000000000000e+04
2.568400000000000000e+04 2.742500000000000000e+04
2.573600000000000000e+04 2.735900000000000000e+04
2.551900000000000000e+04 2.744400000000000000e+04
2.557400000000000000e+04 2.744100000000000000e+04
2.729100000000000000e+04 2.664500000000000000e+04
2.759800000000000000e+04 2.639900000000000000e+04
2.737500000000000000e+04 2.660500000000000000e+04
2.762100000000000000e+04 2.637100000000000000e+04
2.571000000000000000e+04 2.742100000000000000e+04
2.756400000000000000e+04 2.652300000000000000e+04
2.751300000000000000e+04 2.658300000000000000e+04
2.770300000000000000e+04 2.599600000000000000e+04
2.573200000000000000e+04 2.736300000000000000e+04
2.579500000000000000e+04 2.728500000000000000e+04
2.575600000000000000e+04 2.735200000000000000e+04
2.779300000000000000e+04 2.597400000000000000e+04
2.828500000000000000e+04 2.564900000000000000e+04
2.768200000000000000e+04 2.608200000000000000e+04
2.831800000000000000e+04 2.555200000000000000e+04
2.829400000000000000e+04 2.560000000000000000e+04
2.824100000000000000e+04 2.584000000000000000e+04
2.774500000000000000e+04 2.599400000000000000e+04
2.820800000000000000e+04 2.595400000000000000e+04
2.833400000000000000e+04 2.546600000000000000e+04
2.821000000000000000e+04 2.589800000000000000e+04
2.826000000000000000e+04 2.578100000000000000e+04
2.832200000000000000e+04 2.550900000000000000e+04
2.828400000000000000e+04 2.567700000000000000e+04
2.586700000000000000e+04 2.658400000000000000e+04
2.586000000000000000e+04 2.685900000000000000e+04
2.585600000000000000e+04 2.686300000000000000e+04
2.576900000000000000e+04 2.730300000000000000e+04
2.577500000000000000e+04 2.727700000000000000e+04
2.575300000000000000e+04 2.737300000000000000e+04
2.582600000000000000e+04 2.725600000000000000e+04
2.574100000000000000e+04 2.740900000000000000e+04
2.623600000000000000e+04 2.655100000000000000e+04
2.638500000000000000e+04 2.652400000000000000e+04
2.632300000000000000e+04 2.654400000000000000e+04
2.725100000000000000e+04 2.627400000000000000e+04
2.708200000000000000e+04 2.642900000000000000e+04
2.724500000000000000e+04 2.629300000000000000e+04
2.716900000000000000e+04 2.642700000000000000e+04
2.727500000000000000e+04 2.625600000000000000e+04
2.707400000000000000e+04 2.644600000000000000e+04
2.719700000000000000e+04 2.635500000000000000e+04
2.732100000000000000e+04 2.625000000000000000e+04
2.724600000000000000e+04 2.628600000000000000e+04
2.768300000000000000e+04 2.606300000000000000e+04
2.741600000000000000e+04 2.621800000000000000e+04
2.801600000000000000e+04 2.595500000000000000e+04
2.778600000000000000e+04 2.605400000000000000e+04
2.745600000000000000e+04 2.613300000000000000e+04
2.745500000000000000e+04 2.617000000000000000e+04
2.743200000000000000e+04 2.618600000000000000e+04
2.796200000000000000e+04 2.597200000000000000e+04
2.795200000000000000e+04 2.604200000000000000e+04
2.824800000000000000e+04 2.557600000000000000e+04
2.817900000000000000e+04 2.579900000000000000e+04
2.819100000000000000e+04 2.578900000000000000e+04
2.825400000000000000e+04 2.553200000000000000e+04
2.822300000000000000e+04 2.575700000000000000e+04
2.828400000000000000e+04 2.547100000000000000e+04
2.816900000000000000e+04 2.584400000000000000e+04
2.811700000000000000e+04 2.595400000000000000e+04
2.748200000000000000e+04 2.607300000000000000e+04
2.578900000000000000e+04 2.744300000000000000e+04
2.577100000000000000e+04 2.752600000000000000e+04
2.589600000000000000e+04 2.736800000000000000e+04
2.595900000000000000e+04 2.733100000000000000e+04
2.595100000000000000e+04 2.733700000000000000e+04
2.590700000000000000e+04 2.734200000000000000e+04
2.605800000000000000e+04 2.728500000000000000e+04
2.736500000000000000e+04 2.639800000000000000e+04
2.606600000000000000e+04 2.724500000000000000e+04
2.734500000000000000e+04 2.647800000000000000e+04
2.604300000000000000e+04 2.731600000000000000e+04
2.728900000000000000e+04 2.653900000000000000e+04
2.699000000000000000e+04 2.663600000000000000e+04
2.749300000000000000e+04 2.638000000000000000e+04
2.757100000000000000e+04 2.626700000000000000e+04
2.711700000000000000e+04 2.662900000000000000e+04
2.778100000000000000e+04 2.618200000000000000e+04
2.783600000000000000e+04 2.615400000000000000e+04
2.753100000000000000e+04 2.635300000000000000e+04
2.774600000000000000e+04 2.619900000000000000e+04
2.617700000000000000e+04 2.721800000000000000e+04
2.754400000000000000e+04 2.627800000000000000e+04
2.693200000000000000e+04 2.665500000000000000e+04
2.727900000000000000e+04 2.655700000000000000e+04
2.721500000000000000e+04 2.656300000000000000e+04
2.772500000000000000e+04 2.621500000000000000e+04
2.779900000000000000e+04 2.615800000000000000e+04
2.769800000000000000e+04 2.624600000000000000e+04
2.796000000000000000e+04 2.607400000000000000e+04
2.784400000000000000e+04 2.614200000000000000e+04
2.792800000000000000e+04 2.608100000000000000e+04
2.790700000000000000e+04 2.613600000000000000e+04
2.800900000000000000e+04 2.585200000000000000e+04
2.803200000000000000e+04 2.582600000000000000e+04
2.797600000000000000e+04 2.595700000000000000e+04
2.799400000000000000e+04 2.591500000000000000e+04
2.805200000000000000e+04 2.556700000000000000e+04
2.802300000000000000e+04 2.584800000000000000e+04
2.804100000000000000e+04 2.569700000000000000e+04
