9.019000000000000000e+03 1.021100000000000000e+04
9.082000000000000000e+03 1.016400000000000000e+04
9.252000000000000000e+03 1.001700000000000000e+04
8.988000000000000000e+03 1.023800000000000000e+04
9.096000000000000000e+03 1.013800000000000000e+04
8.949000000000000000e+03 1.025700000000000000e+04
9.065000000000000000e+03 1.019500000000000000e+04
9.268000000000000000e+03 1.001200000000000000e+04
8.839000000000000000e+03 1.026300000000000000e+04
8.989000000000000000e+03 1.022100000000000000e+04
9.280000000000000000e+03 9.984000000000000000e+03
9.227000000000000000e+03 1.003000000000000000e+04
9.225000000000000000e+03 1.004300000000000000e+04
9.186000000000000000e+03 1.011900000000000000e+04
9.134000000000000000e+03 1.012900000000000000e+04
9.282000000000000000e+03 9.973000000000000000e+03
9.127000000000000000e+03 1.013200000000000000e+04
9.440000000000000000e+03 9.671000000000000000e+03
9.206000000000000000e+03 1.011100000000000000e+04
9.395000000000000000e+03 9.779000000000000000e+03
9.393000000000000000e+03 9.798000000000000000e+03
9.177000000000000000e+03 1.012600000000000000e+04
9.221000000000000000e+03 1.007200000000000000e+04
9.438000000000000000e+03 9.771000000000000000e+03
9.376000000000000000e+03 9.901000000000000000e+03
9.455000000000000000e+03 9.640000000000000000e+03
9.527000000000000000e+03 9.308000000000000000e+03
9.509000000000000000e+03 9.564000000000000000e+03
9.271000000000000000e+03 9.995000000000000000e+03
9.477000000000000000e+03 9.582000000000000000e+03
9.310000000000000000e+03 9.956000000000000000e+03
9.042000000000000000e+03 1.020900000000000000e+04
9.070000000000000000e+03 1.020100000000000000e+04
8.990000000000000000e+03 1.022200000000000000e+04
9.123000000000000000e+03 1.016100000000000000e+04
9.023000000000000000e+03 1.021600000000000000e+04
8.995000000000000000e+03 1.021800000000000000e+04
9.120000000000000000e+03 1.017500000000000000e+04
9.294000000000000000e+03 1.002600000000000000e+04
9.241000000000000000e+03 1.009500000000000000e+04
9.232000000000000000e+03 1.010200000000000000e+04
9.227000000000000000e+03 1.013500000000000000e+04
9.206000000000000000e+03 1.014700000000000000e+04
9.366000000000000000e+03 9.856000000000000000e+03
9.360000000000000000e+03 9.920000000000000000e+03
9.373000000000000000e+03 9.806000000000000000e+03
9.260000000000000000e+03 1.006700000000000000e+04
9.536000000000000000e+03 9.545000000000000000e+03
9.542000000000000000e+03 9.466000000000000000e+03
9.422000000000000000e+03 9.770000000000000000e+03
9.324000000000000000e+03 9.987000000000000000e+03
9.398000000000000000e+03 9.804000000000000000e+03
9.510000000000000000e+03 9.718000000000000000e+03
9.562000000000000000e+03 9.309000000000000000e+03
9.267000000000000000e+03 1.003000000000000000e+04
9.472000000000000000e+03 9.726000000000000000e+03
9.459000000000000000e+03 9.732000000000000000e+03
9.425000000000000000e+03 9.736000000000000000e+03
9.534000000000000000e+03 9.605000000000000000e+03
9.561000000000000000e+03 9.340000000000000000e+03
9.514000000000000000e+03 9.620000000000000000e+03
9.580000000000000000e+03 9.282000000000000000e+03
9.353000000000000000e+03 9.936000000000000000e+03
9.550000000000000000e+03 9.420000000000000000e+03
9.011000000000000000e+03 1.008700000000000000e+04
8.947000000000000000e+03 1.015200000000000000e+04
9.046000000000000000e+03 1.008200000000000000e+04
8.549000000000000000e+03 1.031800000000000000e+04
8.558000000000000000e+03 1.031000000000000000e+04
8.501000000000000000e+03 1.034300000000000000e+04
8.731000000000000000e+03 1.022500000000000000e+04
8.600000000000000000e+03 1.027400000000000000e+04
8.593000000000000000e+03 1.030300000000000000e+04
8.685000000000000000e+03 1.026600000000000000e+04
8.773000000000000000e+03 1.015400000000000000e+04
9.211000000000000000e+03 9.991000000000000000e+03
9.334000000000000000e+03 9.886000000000000000e+03
9.367000000000000000e+03 9.817000000000000000e+03
9.258000000000000000e+03 9.917000000000000000e+03
9.245000000000000000e+03 9.945000000000000000e+03
9.196000000000000000e+03 9.998000000000000000e+03
9.296000000000000000e+03 9.896000000000000000e+03
9.435000000000000000e+03 9.814000000000000000e+03
9.166000000000000000e+03 1.005700000000000000e+04
9.360000000000000000e+03 9.837000000000000000e+03
9.282000000000000000e+03 9.916000000000000000e+03
9.530000000000000000e+03 9.753000000000000000e+03
9.597000000000000000e+03 9.367000000000000000e+03
9.222000000000000000e+03 9.971000000000000000e+03
9.286000000000000000e+03 9.908000000000000000e+03
9.587000000000000000e+03 9.369000000000000000e+03
9.331000000000000000e+03 9.895000000000000000e+03
9.242000000000000000e+03 9.960000000000000000e+03
9.568000000000000000e+03 9.549000000000000000e+03
9.480000000000000000e+03 9.797000000000000000e+03
8.588000000000000000e+03 9.385000000000000000e+03
8.610000000000000000e+03 9.343000000000000000e+03
8.724000000000000000e+03 9.290000000000000000e+03
8.499000000000000000e+03 9.468000000000000000e+03
8.751000000000000000e+03 9.287000000000000000e+03
8.671000000000000000e+03 9.337000000000000000e+03
8.580000000000000000e+03 9.404000000000000000e+03
8.546000000000000000e+03 9.460000000000000000e+03
8.923000000000000000e+03 9.212000000000000000e+03
8.812000000000000000e+03 9.286000000000000000e+03
8.890000000000000000e+03 9.232000000000000000e+03
9.081000000000000000e+03 9.153000000000000000e+03
9.022000000000000000e+03 9.209000000000000000e+03
9.084000000000000000e+03 9.096000000000000000e+03
9.153000000000000000e+03 9.009000000000000000e+03
9.148000000000000000e+03 9.078000000000000000e+03
8.845000000000000000e+03 9.240000000000000000e+03
9.253000000000000000e+03 8.718000000000000000e+03
9.336000000000000000e+03 8.539000000000000000e+03
9.210000000000000000e+03 8.724000000000000000e+03
9.292000000000000000e+03 8.650000000000000000e+03
9.467000000000000000e+03 8.466000000000000000e+03
9.289000000000000000e+03 8.688000000000000000e+03
9.363000000000000000e+03 8.534000000000000000e+03
9.331000000000000000e+03 8.568000000000000000e+03
9.282000000000000000e+03 8.693000000000000000e+03
9.367000000000000000e+03 8.514000000000000000e+03
9.484000000000000000e+03 8.386000000000000000e+03
9.458000000000000000e+03 8.474000000000000000e+03
9.415000000000000000e+03 8.512000000000000000e+03
9.452000000000000000e+03 8.492000000000000000e+03
9.491000000000000000e+03 8.361000000000000000e+03
9.299000000000000000e+03 8.645000000000000000e+03
9.326000000000000000e+03 8.622000000000000000e+03
9.385000000000000000e+03 9.754000000000000000e+03
9.402000000000000000e+03 9.681000000000000000e+03
8.904000000000000000e+03 1.026900000000000000e+04
8.948000000000000000e+03 1.026700000000000000e+04
8.851000000000000000e+03 1.030900000000000000e+04
9.088000000000000000e+03 1.022200000000000000e+04
9.017000000000000000e+03 1.025800000000000000e+04
9.094000000000000000e+03 1.021700000000000000e+04
9.232000000000000000e+03 1.016100000000000000e+04
9.072000000000000000e+03 1.025700000000000000e+04
9.246000000000000000e+03 1.005100000000000000e+04
9.253000000000000000e+03 1.001100000000000000e+04
9.179000000000000000e+03 1.019900000000000000e+04
9.278000000000000000e+03 9.994000000000000000e+03
9.380000000000000000e+03 9.813000000000000000e+03
9.456000000000000000e+03 9.673000000000000000e+03
9.285000000000000000e+03 9.977000000000000000e+03
9.578000000000000000e+03 9.439000000000000000e+03
9.615000000000000000e+03 9.403000000000000000e+03
9.348000000000000000e+03 9.829000000000000000e+03
9.341000000000000000e+03 9.951000000000000000e+03
9.591000000000000000e+03 9.433000000000000000e+03
9.388000000000000000e+03 9.705000000000000000e+03
9.516000000000000000e+03 9.531000000000000000e+03
9.529000000000000000e+03 9.499000000000000000e+03
9.630000000000000000e+03 9.216000000000000000e+03
9.647000000000000000e+03 9.173000000000000000e+03
9.511000000000000000e+03 9.537000000000000000e+03
9.478000000000000000e+03 9.581000000000000000e+03
9.697000000000000000e+03 8.940000000000000000e+03
9.669000000000000000e+03 9.159000000000000000e+03
9.688000000000000000e+03 9.030000000000000000e+03
9.555000000000000000e+03 9.456000000000000000e+03
9.546000000000000000e+03 9.496000000000000000e+03
