1.741800000000000000e+04 1.885100000000000000e+04
1.740100000000000000e+04 1.888700000000000000e+04
1.744200000000000000e+04 1.883600000000000000e+04
1.753700000000000000e+04 1.878400000000000000e+04
1.732400000000000000e+04 1.894200000000000000e+04
1.749800000000000000e+04 1.880900000000000000e+04
1.745700000000000000e+04 1.881700000000000000e+04
1.743400000000000000e+04 1.883900000000000000e+04
1.872400000000000000e+04 1.827500000000000000e+04
1.870700000000000000e+04 1.827700000000000000e+04
1.862900000000000000e+04 1.838900000000000000e+04
1.860400000000000000e+04 1.850100000000000000e+04
1.852000000000000000e+04 1.858500000000000000e+04
1.869500000000000000e+04 1.836800000000000000e+04
1.856500000000000000e+04 1.854500000000000000e+04
1.851600000000000000e+04 1.862400000000000000e+04
1.848100000000000000e+04 1.867900000000000000e+04
1.857500000000000000e+04 1.851300000000000000e+04
1.898500000000000000e+04 1.808200000000000000e+04
1.849500000000000000e+04 1.865300000000000000e+04
1.864500000000000000e+04 1.836900000000000000e+04
1.874800000000000000e+04 1.825700000000000000e+04
1.870600000000000000e+04 1.829300000000000000e+04
1.857400000000000000e+04 1.851900000000000000e+04
1.886600000000000000e+04 1.825500000000000000e+04
1.893400000000000000e+04 1.819500000000000000e+04
1.887300000000000000e+04 1.824000000000000000e+04
1.896600000000000000e+04 1.810700000000000000e+04
1.900400000000000000e+04 1.803000000000000000e+04
1.891100000000000000e+04 1.821100000000000000e+04
1.898600000000000000e+04 1.807900000000000000e+04
1.899800000000000000e+04 1.803200000000000000e+04
1.895000000000000000e+04 1.813500000000000000e+04
1.826800000000000000e+04 1.872500000000000000e+04
1.825700000000000000e+04 1.875200000000000000e+04
1.801400000000000000e+04 1.907600000000000000e+04
1.801000000000000000e+04 1.910400000000000000e+04
1.794400000000000000e+04 1.914500000000000000e+04
1.795300000000000000e+04 1.912200000000000000e+04
1.806100000000000000e+04 1.904100000000000000e+04
1.825000000000000000e+04 1.875300000000000000e+04
1.813800000000000000e+04 1.899500000000000000e+04
1.836700000000000000e+04 1.865300000000000000e+04
1.823400000000000000e+04 1.879800000000000000e+04
1.815400000000000000e+04 1.894200000000000000e+04
1.815200000000000000e+04 1.896400000000000000e+04
1.809300000000000000e+04 1.900400000000000000e+04
1.815800000000000000e+04 1.893600000000000000e+04
1.821000000000000000e+04 1.892900000000000000e+04
1.822300000000000000e+04 1.890500000000000000e+04
1.843300000000000000e+04 1.859400000000000000e+04
1.844300000000000000e+04 1.850100000000000000e+04
1.837900000000000000e+04 1.862000000000000000e+04
1.836900000000000000e+04 1.863200000000000000e+04
1.852300000000000000e+04 1.849000000000000000e+04
1.832300000000000000e+04 1.870800000000000000e+04
1.828800000000000000e+04 1.871600000000000000e+04
1.888600000000000000e+04 1.833900000000000000e+04
1.901900000000000000e+04 1.817200000000000000e+04
1.884400000000000000e+04 1.837500000000000000e+04
1.912500000000000000e+04 1.790300000000000000e+04
1.857100000000000000e+04 1.847500000000000000e+04
1.885800000000000000e+04 1.834000000000000000e+04
1.909700000000000000e+04 1.802400000000000000e+04
1.899400000000000000e+04 1.821300000000000000e+04
1.872500000000000000e+04 1.842700000000000000e+04
1.879300000000000000e+04 1.838900000000000000e+04
1.893700000000000000e+04 1.822700000000000000e+04
1.873200000000000000e+04 1.841000000000000000e+04
1.888900000000000000e+04 1.829300000000000000e+04
1.911400000000000000e+04 1.790900000000000000e+04
1.890500000000000000e+04 1.824700000000000000e+04
1.905100000000000000e+04 1.817100000000000000e+04
1.908600000000000000e+04 1.815000000000000000e+04
1.910900000000000000e+04 1.797400000000000000e+04
1.901700000000000000e+04 1.817300000000000000e+04
1.909300000000000000e+04 1.808300000000000000e+04
1.865400000000000000e+04 1.845200000000000000e+04
1.799700000000000000e+04 1.856400000000000000e+04
1.802200000000000000e+04 1.850600000000000000e+04
1.797300000000000000e+04 1.864300000000000000e+04
1.801300000000000000e+04 1.852200000000000000e+04
1.794200000000000000e+04 1.879500000000000000e+04
1.789700000000000000e+04 1.886500000000000000e+04
1.796700000000000000e+04 1.878200000000000000e+04
1.793000000000000000e+04 1.881400000000000000e+04
1.787500000000000000e+04 1.887000000000000000e+04
1.900000000000000000e+04 1.788300000000000000e+04
1.885700000000000000e+04 1.843200000000000000e+04
1.892700000000000000e+04 1.821600000000000000e+04
1.893400000000000000e+04 1.819000000000000000e+04
1.912600000000000000e+04 1.773600000000000000e+04
1.895700000000000000e+04 1.798300000000000000e+04
1.899000000000000000e+04 1.793900000000000000e+04
1.896000000000000000e+04 1.797900000000000000e+04
1.909800000000000000e+04 1.777800000000000000e+04
1.895100000000000000e+04 1.813700000000000000e+04
1.895000000000000000e+04 1.817600000000000000e+04
1.893500000000000000e+04 1.818100000000000000e+04
1.892200000000000000e+04 1.827400000000000000e+04
1.889400000000000000e+04 1.836600000000000000e+04
1.906300000000000000e+04 1.783300000000000000e+04
1.917100000000000000e+04 1.768100000000000000e+04
1.922300000000000000e+04 1.746500000000000000e+04
1.880800000000000000e+04 1.848900000000000000e+04
1.902000000000000000e+04 1.787800000000000000e+04
1.897400000000000000e+04 1.796200000000000000e+04
1.888700000000000000e+04 1.841400000000000000e+04
1.896800000000000000e+04 1.797500000000000000e+04
1.915800000000000000e+04 1.769500000000000000e+04
1.921600000000000000e+04 1.764900000000000000e+04
1.892800000000000000e+04 1.820400000000000000e+04
1.911200000000000000e+04 1.777300000000000000e+04
1.726600000000000000e+04 1.934100000000000000e+04
1.746300000000000000e+04 1.932400000000000000e+04
1.749700000000000000e+04 1.928700000000000000e+04
1.754600000000000000e+04 1.927100000000000000e+04
1.753800000000000000e+04 1.928100000000000000e+04
1.769300000000000000e+04 1.890900000000000000e+04
1.778200000000000000e+04 1.884700000000000000e+04
1.757700000000000000e+04 1.920300000000000000e+04
1.872100000000000000e+04 1.851300000000000000e+04
1.790000000000000000e+04 1.875700000000000000e+04
1.831800000000000000e+04 1.866000000000000000e+04
1.773700000000000000e+04 1.885900000000000000e+04
1.862900000000000000e+04 1.856800000000000000e+04
1.786400000000000000e+04 1.878200000000000000e+04
1.792000000000000000e+04 1.872900000000000000e+04
1.879100000000000000e+04 1.840100000000000000e+04
1.871700000000000000e+04 1.854900000000000000e+04
1.772000000000000000e+04 1.888200000000000000e+04
1.781400000000000000e+04 1.883200000000000000e+04
1.897800000000000000e+04 1.822600000000000000e+04
1.865300000000000000e+04 1.856700000000000000e+04
1.873400000000000000e+04 1.848000000000000000e+04
1.872400000000000000e+04 1.850300000000000000e+04
1.898800000000000000e+04 1.816800000000000000e+04
1.897500000000000000e+04 1.824400000000000000e+04
1.897200000000000000e+04 1.825100000000000000e+04
1.892700000000000000e+04 1.835100000000000000e+04
1.860900000000000000e+04 1.859700000000000000e+04
1.899200000000000000e+04 1.804700000000000000e+04
1.883900000000000000e+04 1.837700000000000000e+04
1.895400000000000000e+04 1.832000000000000000e+04
1.891400000000000000e+04 1.837300000000000000e+04
1.876400000000000000e+04 1.842000000000000000e+04
1.874500000000000000e+04 1.847700000000000000e+04
1.899100000000000000e+04 1.813200000000000000e+04
1.823700000000000000e+04 1.888000000000000000e+04
1.808200000000000000e+04 1.900500000000000000e+04
1.820200000000000000e+04 1.894300000000000000e+04
1.842000000000000000e+04 1.866800000000000000e+04
1.850600000000000000e+04 1.859700000000000000e+04
1.860700000000000000e+04 1.852900000000000000e+04
1.848100000000000000e+04 1.862200000000000000e+04
1.831900000000000000e+04 1.886700000000000000e+04
1.821700000000000000e+04 1.888800000000000000e+04
1.821600000000000000e+04 1.889400000000000000e+04
1.823600000000000000e+04 1.888400000000000000e+04
1.832000000000000000e+04 1.884500000000000000e+04
1.840300000000000000e+04 1.868400000000000000e+04
1.837800000000000000e+04 1.878400000000000000e+04
1.820900000000000000e+04 1.890600000000000000e+04
1.833400000000000000e+04 1.879400000000000000e+04
1.850300000000000000e+04 1.860400000000000000e+04
1.867900000000000000e+04 1.848500000000000000e+04
1.858000000000000000e+04 1.855200000000000000e+04
1.840900000000000000e+04 1.868200000000000000e+04
1.847200000000000000e+04 1.863900000000000000e+04
1.881500000000000000e+04 1.842200000000000000e+04
1.887200000000000000e+04 1.834500000000000000e+04
1.847000000000000000e+04 1.866400000000000000e+04
1.841900000000000000e+04 1.867300000000000000e+04
1.880600000000000000e+04 1.842600000000000000e+04
1.851400000000000000e+04 1.856500000000000000e+04
1.879800000000000000e+04 1.842900000000000000e+04
1.892500000000000000e+04 1.833200000000000000e+04
1.850900000000000000e+04 1.859000000000000000e+04
1.895000000000000000e+04 1.825100000000000000e+04
1.871100000000000000e+04 1.845100000000000000e+04
1.904300000000000000e+04 1.816300000000000000e+04
1.909400000000000000e+04 1.801900000000000000e+04
1.886000000000000000e+04 1.836300000000000000e+04
1.868000000000000000e+04 1.847800000000000000e+04
1.902800000000000000e+04 1.820900000000000000e+04
1.861000000000000000e+04 1.851800000000000000e+04
1.865200000000000000e+04 1.849900000000000000e+04
1.909800000000000000e+04 1.796900000000000000e+04
1.894800000000000000e+04 1.830100000000000000e+04
1.904800000000000000e+04 1.815400000000000000e+04
1.908300000000000000e+04 1.812800000000000000e+04
