1.698400000000000000e+04 2.012800000000000000e+04
1.698600000000000000e+04 2.012200000000000000e+04
1.697600000000000000e+04 2.014100000000000000e+04
1.692900000000000000e+04 2.015000000000000000e+04
1.688400000000000000e+04 2.015500000000000000e+04
1.684100000000000000e+04 2.020500000000000000e+04
1.676300000000000000e+04 2.022900000000000000e+04
1.672500000000000000e+04 2.023600000000000000e+04
1.682300000000000000e+04 2.022200000000000000e+04
1.671600000000000000e+04 2.024800000000000000e+04
1.732200000000000000e+04 2.001400000000000000e+04
1.733000000000000000e+04 2.000800000000000000e+04
1.731800000000000000e+04 2.003100000000000000e+04
1.750600000000000000e+04 1.999900000000000000e+04
1.746800000000000000e+04 2.000700000000000000e+04
1.753800000000000000e+04 1.999000000000000000e+04
1.799900000000000000e+04 1.980800000000000000e+04
1.794100000000000000e+04 1.982500000000000000e+04
1.790600000000000000e+04 1.985000000000000000e+04
1.707200000000000000e+04 2.011500000000000000e+04
1.708900000000000000e+04 2.010500000000000000e+04
1.701100000000000000e+04 2.011800000000000000e+04
1.711200000000000000e+04 2.009500000000000000e+04
1.710800000000000000e+04 2.009700000000000000e+04
1.719900000000000000e+04 2.008600000000000000e+04
1.711500000000000000e+04 2.009100000000000000e+04
1.722900000000000000e+04 2.008300000000000000e+04
1.723900000000000000e+04 2.006900000000000000e+04
1.726600000000000000e+04 2.005500000000000000e+04
1.729700000000000000e+04 2.004900000000000000e+04
1.725700000000000000e+04 2.006100000000000000e+04
1.806400000000000000e+04 1.974800000000000000e+04
1.762600000000000000e+04 1.992200000000000000e+04
1.766400000000000000e+04 1.991200000000000000e+04
1.757000000000000000e+04 1.994400000000000000e+04
1.755400000000000000e+04 1.997000000000000000e+04
1.762000000000000000e+04 1.993300000000000000e+04
1.772800000000000000e+04 1.990200000000000000e+04
1.762900000000000000e+04 1.991600000000000000e+04
1.769600000000000000e+04 1.991000000000000000e+04
1.784500000000000000e+04 1.986000000000000000e+04
1.774100000000000000e+04 1.989900000000000000e+04
1.775300000000000000e+04 1.989100000000000000e+04
1.777700000000000000e+04 1.987900000000000000e+04
1.780900000000000000e+04 1.987600000000000000e+04
1.791300000000000000e+04 1.983400000000000000e+04
1.796100000000000000e+04 1.981800000000000000e+04
1.799000000000000000e+04 1.981400000000000000e+04
1.789800000000000000e+04 1.985600000000000000e+04
1.793000000000000000e+04 1.982800000000000000e+04
1.792100000000000000e+04 1.983100000000000000e+04
1.800700000000000000e+04 1.979900000000000000e+04
1.806000000000000000e+04 1.977700000000000000e+04
1.802400000000000000e+04 1.977800000000000000e+04
1.818200000000000000e+04 1.967800000000000000e+04
1.818300000000000000e+04 1.967500000000000000e+04
1.828000000000000000e+04 1.964800000000000000e+04
1.823600000000000000e+04 1.966200000000000000e+04
1.830200000000000000e+04 1.963300000000000000e+04
1.829200000000000000e+04 1.963400000000000000e+04
1.823300000000000000e+04 1.967300000000000000e+04
1.827700000000000000e+04 1.964900000000000000e+04
1.826800000000000000e+04 1.965000000000000000e+04
1.831200000000000000e+04 1.962800000000000000e+04
1.825900000000000000e+04 1.965400000000000000e+04
1.837400000000000000e+04 1.957000000000000000e+04
1.837100000000000000e+04 1.957900000000000000e+04
1.836600000000000000e+04 1.962000000000000000e+04
1.843300000000000000e+04 1.956800000000000000e+04
1.843800000000000000e+04 1.956500000000000000e+04
1.847300000000000000e+04 1.954000000000000000e+04
1.845200000000000000e+04 1.955800000000000000e+04
1.846300000000000000e+04 1.955500000000000000e+04
1.844800000000000000e+04 1.956300000000000000e+04
1.846500000000000000e+04 1.954700000000000000e+04
1.844900000000000000e+04 1.956000000000000000e+04
1.844200000000000000e+04 1.956400000000000000e+04
1.855900000000000000e+04 1.947200000000000000e+04
1.869900000000000000e+04 1.939000000000000000e+04
1.871900000000000000e+04 1.938700000000000000e+04
1.849200000000000000e+04 1.953700000000000000e+04
1.851100000000000000e+04 1.952400000000000000e+04
1.855700000000000000e+04 1.950000000000000000e+04
1.854500000000000000e+04 1.951000000000000000e+04
1.855400000000000000e+04 1.950600000000000000e+04
1.854000000000000000e+04 1.952300000000000000e+04
1.880300000000000000e+04 1.925000000000000000e+04
1.881000000000000000e+04 1.924200000000000000e+04
1.885000000000000000e+04 1.921800000000000000e+04
1.886000000000000000e+04 1.920800000000000000e+04
1.886300000000000000e+04 1.920100000000000000e+04
1.860800000000000000e+04 1.944500000000000000e+04
1.859300000000000000e+04 1.946500000000000000e+04
1.859800000000000000e+04 1.946100000000000000e+04
1.860000000000000000e+04 1.944800000000000000e+04
1.858900000000000000e+04 1.947000000000000000e+04
1.859700000000000000e+04 1.946300000000000000e+04
1.865500000000000000e+04 1.941700000000000000e+04
1.863900000000000000e+04 1.942700000000000000e+04
1.862200000000000000e+04 1.944400000000000000e+04
1.862500000000000000e+04 1.942800000000000000e+04
1.864100000000000000e+04 1.942000000000000000e+04
1.866300000000000000e+04 1.940900000000000000e+04
1.866100000000000000e+04 1.941300000000000000e+04
1.868000000000000000e+04 1.939700000000000000e+04
1.867200000000000000e+04 1.940200000000000000e+04
1.873000000000000000e+04 1.935600000000000000e+04
1.872600000000000000e+04 1.936300000000000000e+04
1.875900000000000000e+04 1.933100000000000000e+04
1.878200000000000000e+04 1.929200000000000000e+04
1.877700000000000000e+04 1.930600000000000000e+04
1.877800000000000000e+04 1.929300000000000000e+04
1.879800000000000000e+04 1.928900000000000000e+04
1.877300000000000000e+04 1.931900000000000000e+04
1.882800000000000000e+04 1.924000000000000000e+04
1.883000000000000000e+04 1.923500000000000000e+04
1.884400000000000000e+04 1.922900000000000000e+04
1.887000000000000000e+04 1.919400000000000000e+04
1.886400000000000000e+04 1.919700000000000000e+04
1.888000000000000000e+04 1.919000000000000000e+04
1.892000000000000000e+04 1.914900000000000000e+04
1.890300000000000000e+04 1.917200000000000000e+04
1.891000000000000000e+04 1.916300000000000000e+04
1.892500000000000000e+04 1.914300000000000000e+04
1.891900000000000000e+04 1.915600000000000000e+04
1.893600000000000000e+04 1.913300000000000000e+04
1.894900000000000000e+04 1.911500000000000000e+04
1.895700000000000000e+04 1.910100000000000000e+04
1.898500000000000000e+04 1.907700000000000000e+04
1.896400000000000000e+04 1.909300000000000000e+04
1.897000000000000000e+04 1.909100000000000000e+04
1.898000000000000000e+04 1.908700000000000000e+04
1.900200000000000000e+04 1.906400000000000000e+04
1.899700000000000000e+04 1.906700000000000000e+04
1.900800000000000000e+04 1.905100000000000000e+04
1.899300000000000000e+04 1.907500000000000000e+04
1.901300000000000000e+04 1.904700000000000000e+04
1.904900000000000000e+04 1.899400000000000000e+04
1.905000000000000000e+04 1.898600000000000000e+04
1.906700000000000000e+04 1.896300000000000000e+04
1.903400000000000000e+04 1.901800000000000000e+04
1.902600000000000000e+04 1.902700000000000000e+04
1.902300000000000000e+04 1.904300000000000000e+04
1.903000000000000000e+04 1.902400000000000000e+04
1.902400000000000000e+04 1.902800000000000000e+04
1.904200000000000000e+04 1.901700000000000000e+04
1.906100000000000000e+04 1.897300000000000000e+04
1.907100000000000000e+04 1.895800000000000000e+04
1.910700000000000000e+04 1.890400000000000000e+04
1.912000000000000000e+04 1.887200000000000000e+04
1.912300000000000000e+04 1.886600000000000000e+04
1.913200000000000000e+04 1.884400000000000000e+04
1.911000000000000000e+04 1.890200000000000000e+04
1.909700000000000000e+04 1.892300000000000000e+04
1.912700000000000000e+04 1.886400000000000000e+04
1.913700000000000000e+04 1.883800000000000000e+04
1.910200000000000000e+04 1.890500000000000000e+04
1.911600000000000000e+04 1.889200000000000000e+04
1.914100000000000000e+04 1.881700000000000000e+04
1.913900000000000000e+04 1.882000000000000000e+04
1.915800000000000000e+04 1.881400000000000000e+04
1.916000000000000000e+04 1.880900000000000000e+04
1.918200000000000000e+04 1.878000000000000000e+04
1.916700000000000000e+04 1.878700000000000000e+04
1.918400000000000000e+04 1.877100000000000000e+04
1.920500000000000000e+04 1.876100000000000000e+04
1.928600000000000000e+04 1.864800000000000000e+04
1.924500000000000000e+04 1.871900000000000000e+04
1.925000000000000000e+04 1.868400000000000000e+04
1.927500000000000000e+04 1.865900000000000000e+04
1.927000000000000000e+04 1.867500000000000000e+04
1.932500000000000000e+04 1.863500000000000000e+04
1.934900000000000000e+04 1.855800000000000000e+04
1.932700000000000000e+04 1.861200000000000000e+04
1.935000000000000000e+04 1.854900000000000000e+04
1.933100000000000000e+04 1.856500000000000000e+04
1.924300000000000000e+04 1.872800000000000000e+04
1.927400000000000000e+04 1.866800000000000000e+04
1.924800000000000000e+04 1.870800000000000000e+04
1.926500000000000000e+04 1.868300000000000000e+04
1.924900000000000000e+04 1.869500000000000000e+04
1.926700000000000000e+04 1.867800000000000000e+04
1.936500000000000000e+04 1.849200000000000000e+04
1.936000000000000000e+04 1.853400000000000000e+04
1.937200000000000000e+04 1.849100000000000000e+04
1.941600000000000000e+04 1.840400000000000000e+04
1.942000000000000000e+04 1.837100000000000000e+04
1.942200000000000000e+04 1.836100000000000000e+04
1.940800000000000000e+04 1.842200000000000000e+04
1.943500000000000000e+04 1.834500000000000000e+04
1.944700000000000000e+04 1.832700000000000000e+04
1.941800000000000000e+04 1.838100000000000000e+04
1.940600000000000000e+04 1.848800000000000000e+04
1.945800000000000000e+04 1.828200000000000000e+04
1.947400000000000000e+04 1.824200000000000000e+04
1.944800000000000000e+04 1.828900000000000000e+04
1.948300000000000000e+04 1.822200000000000000e+04
1.947000000000000000e+04 1.824400000000000000e+04
1.946100000000000000e+04 1.824900000000000000e+04
1.949700000000000000e+04 1.819300000000000000e+04
1.947500000000000000e+04 1.822600000000000000e+04
1.957800000000000000e+04 1.804600000000000000e+04
1.952600000000000000e+04 1.815200000000000000e+04
1.955100000000000000e+04 1.808900000000000000e+04
1.958200000000000000e+04 1.804000000000000000e+04
1.956100000000000000e+04 1.805100000000000000e+04
1.962400000000000000e+04 1.794100000000000000e+04
1.960000000000000000e+04 1.801700000000000000e+04
1.954300000000000000e+04 1.810200000000000000e+04
1.960300000000000000e+04 1.800600000000000000e+04
1.958800000000000000e+04 1.802500000000000000e+04
1.961500000000000000e+04 1.795300000000000000e+04
1.960700000000000000e+04 1.797000000000000000e+04
1.963800000000000000e+04 1.785800000000000000e+04
1.964100000000000000e+04 1.784600000000000000e+04
1.963100000000000000e+04 1.786000000000000000e+04
1.962900000000000000e+04 1.787900000000000000e+04
1.968200000000000000e+04 1.781900000000000000e+04
1.965000000000000000e+04 1.784200000000000000e+04
1.968300000000000000e+04 1.778400000000000000e+04
1.970500000000000000e+04 1.778100000000000000e+04
1.976400000000000000e+04 1.762600000000000000e+04
1.976100000000000000e+04 1.766900000000000000e+04
1.973300000000000000e+04 1.772900000000000000e+04
1.972800000000000000e+04 1.775300000000000000e+04
1.971900000000000000e+04 1.775400000000000000e+04
1.974800000000000000e+04 1.769500000000000000e+04
1.977200000000000000e+04 1.752300000000000000e+04
1.976300000000000000e+04 1.766500000000000000e+04
1.977100000000000000e+04 1.754400000000000000e+04
1.977800000000000000e+04 1.751600000000000000e+04
1.978500000000000000e+04 1.744600000000000000e+04
1.976700000000000000e+04 1.758700000000000000e+04
1.978300000000000000e+04 1.749800000000000000e+04
1.979000000000000000e+04 1.742500000000000000e+04
1.979900000000000000e+04 1.732100000000000000e+04
1.677400000000000000e+04 2.015600000000000000e+04
1.680500000000000000e+04 2.015100000000000000e+04
1.691700000000000000e+04 2.014700000000000000e+04
1.708600000000000000e+04 2.012200000000000000e+04
1.706800000000000000e+04 2.013800000000000000e+04
1.718500000000000000e+04 2.010100000000000000e+04
1.720200000000000000e+04 2.008300000000000000e+04
1.721600000000000000e+04 2.007900000000000000e+04
1.712300000000000000e+04 2.011700000000000000e+04
1.719300000000000000e+04 2.009200000000000000e+04
1.727900000000000000e+04 2.005800000000000000e+04
1.723300000000000000e+04 2.007300000000000000e+04
1.724600000000000000e+04 2.006000000000000000e+04
1.774800000000000000e+04 1.987300000000000000e+04
1.766700000000000000e+04 1.991300000000000000e+04
1.769300000000000000e+04 1.988500000000000000e+04
1.772700000000000000e+04 1.987900000000000000e+04
1.770100000000000000e+04 1.988000000000000000e+04
1.767600000000000000e+04 1.990200000000000000e+04
1.800500000000000000e+04 1.971400000000000000e+04
1.845800000000000000e+04 1.949800000000000000e+04
1.844600000000000000e+04 1.951200000000000000e+04
1.843800000000000000e+04 1.952300000000000000e+04
1.845200000000000000e+04 1.949900000000000000e+04
1.844700000000000000e+04 1.950200000000000000e+04
1.735100000000000000e+04 2.002000000000000000e+04
1.745200000000000000e+04 1.998900000000000000e+04
1.744600000000000000e+04 2.000600000000000000e+04
1.755200000000000000e+04 1.995300000000000000e+04
1.750700000000000000e+04 1.998300000000000000e+04
1.750800000000000000e+04 1.997400000000000000e+04
1.753700000000000000e+04 1.995600000000000000e+04
1.751200000000000000e+04 1.997300000000000000e+04
1.753200000000000000e+04 1.996200000000000000e+04
1.748100000000000000e+04 1.998500000000000000e+04
1.755600000000000000e+04 1.995200000000000000e+04
1.781500000000000000e+04 1.985000000000000000e+04
1.787500000000000000e+04 1.981900000000000000e+04
1.781900000000000000e+04 1.984300000000000000e+04
1.785800000000000000e+04 1.982900000000000000e+04
1.778000000000000000e+04 1.986000000000000000e+04
1.788600000000000000e+04 1.981700000000000000e+04
1.821100000000000000e+04 1.967500000000000000e+04
1.825300000000000000e+04 1.963300000000000000e+04
1.825100000000000000e+04 1.963900000000000000e+04
1.824800000000000000e+04 1.964100000000000000e+04
1.827100000000000000e+04 1.963200000000000000e+04
1.831600000000000000e+04 1.959900000000000000e+04
1.831200000000000000e+04 1.961800000000000000e+04
1.827700000000000000e+04 1.962200000000000000e+04
1.792400000000000000e+04 1.978600000000000000e+04
1.793200000000000000e+04 1.977500000000000000e+04
1.798600000000000000e+04 1.975500000000000000e+04
1.803800000000000000e+04 1.971000000000000000e+04
1.800100000000000000e+04 1.972800000000000000e+04
1.798100000000000000e+04 1.975600000000000000e+04
1.835900000000000000e+04 1.952700000000000000e+04
1.857900000000000000e+04 1.946400000000000000e+04
1.858300000000000000e+04 1.945800000000000000e+04
1.859400000000000000e+04 1.945300000000000000e+04
1.860400000000000000e+04 1.944000000000000000e+04
1.861200000000000000e+04 1.943800000000000000e+04
1.861400000000000000e+04 1.943500000000000000e+04
1.864000000000000000e+04 1.943300000000000000e+04
1.865000000000000000e+04 1.942100000000000000e+04
1.867300000000000000e+04 1.939500000000000000e+04
1.867200000000000000e+04 1.941500000000000000e+04
1.869500000000000000e+04 1.939000000000000000e+04
1.868000000000000000e+04 1.939100000000000000e+04
1.870200000000000000e+04 1.938400000000000000e+04
1.870500000000000000e+04 1.937500000000000000e+04
1.874500000000000000e+04 1.931000000000000000e+04
1.878500000000000000e+04 1.929000000000000000e+04
1.877600000000000000e+04 1.929200000000000000e+04
1.879800000000000000e+04 1.927000000000000000e+04
1.880900000000000000e+04 1.926300000000000000e+04
1.879300000000000000e+04 1.927600000000000000e+04
1.879000000000000000e+04 1.928200000000000000e+04
1.877300000000000000e+04 1.930000000000000000e+04
1.879200000000000000e+04 1.927800000000000000e+04
1.883300000000000000e+04 1.924400000000000000e+04
1.885100000000000000e+04 1.921600000000000000e+04
1.881000000000000000e+04 1.925500000000000000e+04
1.881100000000000000e+04 1.925100000000000000e+04
1.882000000000000000e+04 1.925000000000000000e+04
1.882700000000000000e+04 1.924900000000000000e+04
1.883900000000000000e+04 1.922800000000000000e+04
1.884100000000000000e+04 1.922500000000000000e+04
1.885600000000000000e+04 1.920700000000000000e+04
1.885700000000000000e+04 1.920400000000000000e+04
1.887600000000000000e+04 1.917100000000000000e+04
1.887200000000000000e+04 1.919900000000000000e+04
1.890000000000000000e+04 1.916600000000000000e+04
1.890500000000000000e+04 1.915800000000000000e+04
1.893600000000000000e+04 1.915500000000000000e+04
1.894200000000000000e+04 1.913000000000000000e+04
1.895200000000000000e+04 1.912100000000000000e+04
1.896200000000000000e+04 1.909700000000000000e+04
1.900400000000000000e+04 1.905800000000000000e+04
1.902000000000000000e+04 1.904000000000000000e+04
1.901100000000000000e+04 1.904800000000000000e+04
1.902600000000000000e+04 1.901700000000000000e+04
1.902700000000000000e+04 1.901600000000000000e+04
1.898300000000000000e+04 1.908800000000000000e+04
1.894800000000000000e+04 1.912400000000000000e+04
1.893900000000000000e+04 1.914500000000000000e+04
1.896000000000000000e+04 1.909800000000000000e+04
1.897000000000000000e+04 1.909500000000000000e+04
1.895500000000000000e+04 1.910400000000000000e+04
1.895300000000000000e+04 1.911400000000000000e+04
1.898500000000000000e+04 1.907200000000000000e+04
1.899300000000000000e+04 1.906600000000000000e+04
1.898400000000000000e+04 1.908500000000000000e+04
1.903400000000000000e+04 1.900000000000000000e+04
1.906300000000000000e+04 1.896300000000000000e+04
1.904300000000000000e+04 1.899500000000000000e+04
1.905300000000000000e+04 1.899200000000000000e+04
1.909000000000000000e+04 1.894200000000000000e+04
1.905400000000000000e+04 1.897200000000000000e+04
1.905700000000000000e+04 1.897100000000000000e+04
1.906900000000000000e+04 1.896000000000000000e+04
1.910300000000000000e+04 1.893300000000000000e+04
1.910800000000000000e+04 1.891000000000000000e+04
1.911100000000000000e+04 1.890500000000000000e+04
1.908500000000000000e+04 1.895000000000000000e+04
1.907700000000000000e+04 1.895400000000000000e+04
1.909200000000000000e+04 1.894100000000000000e+04
1.911700000000000000e+04 1.889600000000000000e+04
1.912300000000000000e+04 1.888200000000000000e+04
1.910600000000000000e+04 1.891100000000000000e+04
1.912400000000000000e+04 1.886400000000000000e+04
1.914100000000000000e+04 1.886300000000000000e+04
1.915300000000000000e+04 1.881900000000000000e+04
1.919500000000000000e+04 1.881800000000000000e+04
1.923100000000000000e+04 1.875600000000000000e+04
1.925500000000000000e+04 1.870000000000000000e+04
1.923800000000000000e+04 1.871600000000000000e+04
1.919900000000000000e+04 1.880000000000000000e+04
1.921000000000000000e+04 1.878400000000000000e+04
1.921400000000000000e+04 1.876600000000000000e+04
1.920100000000000000e+04 1.879600000000000000e+04
1.920200000000000000e+04 1.878800000000000000e+04
1.923200000000000000e+04 1.873000000000000000e+04
1.924600000000000000e+04 1.870500000000000000e+04
1.926400000000000000e+04 1.866600000000000000e+04
1.926900000000000000e+04 1.864200000000000000e+04
1.932300000000000000e+04 1.858100000000000000e+04
1.930100000000000000e+04 1.859300000000000000e+04
1.934300000000000000e+04 1.852600000000000000e+04
1.938600000000000000e+04 1.844600000000000000e+04
1.938400000000000000e+04 1.846700000000000000e+04
1.935800000000000000e+04 1.851300000000000000e+04
1.939800000000000000e+04 1.841500000000000000e+04
1.942700000000000000e+04 1.835500000000000000e+04
1.939500000000000000e+04 1.843200000000000000e+04
1.940600000000000000e+04 1.838600000000000000e+04
1.943400000000000000e+04 1.831100000000000000e+04
1.944900000000000000e+04 1.830700000000000000e+04
1.946800000000000000e+04 1.823500000000000000e+04
1.948900000000000000e+04 1.817500000000000000e+04
1.947200000000000000e+04 1.818500000000000000e+04
1.949900000000000000e+04 1.809400000000000000e+04
1.952500000000000000e+04 1.802500000000000000e+04
1.951600000000000000e+04 1.804300000000000000e+04
1.950400000000000000e+04 1.808200000000000000e+04
1.950600000000000000e+04 1.805700000000000000e+04
1.951500000000000000e+04 1.805300000000000000e+04
1.953600000000000000e+04 1.800100000000000000e+04
1.955200000000000000e+04 1.797400000000000000e+04
1.957700000000000000e+04 1.795400000000000000e+04
1.956200000000000000e+04 1.797100000000000000e+04
1.956300000000000000e+04 1.797000000000000000e+04
1.958500000000000000e+04 1.793600000000000000e+04
1.958600000000000000e+04 1.792500000000000000e+04
1.964900000000000000e+04 1.785400000000000000e+04
1.966300000000000000e+04 1.784100000000000000e+04
1.960900000000000000e+04 1.791500000000000000e+04
1.964600000000000000e+04 1.786200000000000000e+04
1.965200000000000000e+04 1.784800000000000000e+04
1.962500000000000000e+04 1.790000000000000000e+04
1.968100000000000000e+04 1.779300000000000000e+04
1.964000000000000000e+04 1.788000000000000000e+04
1.966000000000000000e+04 1.784700000000000000e+04
1.969600000000000000e+04 1.773200000000000000e+04
1.970400000000000000e+04 1.769600000000000000e+04
1.969200000000000000e+04 1.775900000000000000e+04
1.967700000000000000e+04 1.780800000000000000e+04
1.967900000000000000e+04 1.780700000000000000e+04
1.972100000000000000e+04 1.767600000000000000e+04
1.969700000000000000e+04 1.770700000000000000e+04
1.968500000000000000e+04 1.777400000000000000e+04
1.972700000000000000e+04 1.765100000000000000e+04
1.971900000000000000e+04 1.768100000000000000e+04
1.972800000000000000e+04 1.758300000000000000e+04
1.975400000000000000e+04 1.756900000000000000e+04
1.976500000000000000e+04 1.749400000000000000e+04
1.977400000000000000e+04 1.743400000000000000e+04
1.981900000000000000e+04 1.719900000000000000e+04
1.983800000000000000e+04 1.710600000000000000e+04
1.981800000000000000e+04 1.732300000000000000e+04
1.977700000000000000e+04 1.740200000000000000e+04
1.979600000000000000e+04 1.738500000000000000e+04
1.757400000000000000e+04 1.986800000000000000e+04
1.755900000000000000e+04 1.990600000000000000e+04
1.756200000000000000e+04 1.990400000000000000e+04
1.753900000000000000e+04 1.991500000000000000e+04
1.743800000000000000e+04 1.994500000000000000e+04
1.753400000000000000e+04 1.992700000000000000e+04
1.751800000000000000e+04 1.994100000000000000e+04
1.743100000000000000e+04 1.994600000000000000e+04
1.740300000000000000e+04 1.997800000000000000e+04
1.731200000000000000e+04 1.998300000000000000e+04
1.741900000000000000e+04 1.996200000000000000e+04
1.732400000000000000e+04 1.998000000000000000e+04
1.730200000000000000e+04 2.001100000000000000e+04
1.725700000000000000e+04 2.001200000000000000e+04
1.697200000000000000e+04 2.012500000000000000e+04
1.682500000000000000e+04 2.013000000000000000e+04
1.672300000000000000e+04 2.026500000000000000e+04
1.673000000000000000e+04 2.026300000000000000e+04
1.668400000000000000e+04 2.026700000000000000e+04
1.667400000000000000e+04 2.027300000000000000e+04
1.666700000000000000e+04 2.027900000000000000e+04
1.673700000000000000e+04 2.025700000000000000e+04
1.676800000000000000e+04 2.024900000000000000e+04
1.675400000000000000e+04 2.025200000000000000e+04
1.675600000000000000e+04 2.025000000000000000e+04
1.677300000000000000e+04 2.024700000000000000e+04
1.674900000000000000e+04 2.025300000000000000e+04
1.681000000000000000e+04 2.024000000000000000e+04
1.704000000000000000e+04 2.012200000000000000e+04
1.707800000000000000e+04 2.011600000000000000e+04
1.709100000000000000e+04 2.011200000000000000e+04
1.772900000000000000e+04 1.985400000000000000e+04
1.772400000000000000e+04 1.985700000000000000e+04
1.774400000000000000e+04 1.984100000000000000e+04
1.781500000000000000e+04 1.983900000000000000e+04
1.719900000000000000e+04 2.008100000000000000e+04
1.713100000000000000e+04 2.010500000000000000e+04
1.716700000000000000e+04 2.008200000000000000e+04
1.723200000000000000e+04 2.005800000000000000e+04
1.724200000000000000e+04 2.005500000000000000e+04
1.720300000000000000e+04 2.006400000000000000e+04
1.830900000000000000e+04 1.958900000000000000e+04
1.829400000000000000e+04 1.962000000000000000e+04
1.857200000000000000e+04 1.941700000000000000e+04
1.855200000000000000e+04 1.943600000000000000e+04
1.857900000000000000e+04 1.941000000000000000e+04
1.856900000000000000e+04 1.942200000000000000e+04
1.855400000000000000e+04 1.943400000000000000e+04
1.856000000000000000e+04 1.942800000000000000e+04
1.798000000000000000e+04 1.976600000000000000e+04
1.789500000000000000e+04 1.980800000000000000e+04
1.792400000000000000e+04 1.977700000000000000e+04
1.794300000000000000e+04 1.977600000000000000e+04
1.791500000000000000e+04 1.979500000000000000e+04
1.792100000000000000e+04 1.978400000000000000e+04
1.798100000000000000e+04 1.975300000000000000e+04
1.801200000000000000e+04 1.973400000000000000e+04
1.799900000000000000e+04 1.975000000000000000e+04
1.796900000000000000e+04 1.977000000000000000e+04
1.805800000000000000e+04 1.972600000000000000e+04
1.804800000000000000e+04 1.973100000000000000e+04
1.811700000000000000e+04 1.970900000000000000e+04
1.809600000000000000e+04 1.972000000000000000e+04
1.817900000000000000e+04 1.969100000000000000e+04
1.812200000000000000e+04 1.970000000000000000e+04
1.816400000000000000e+04 1.969400000000000000e+04
1.815300000000000000e+04 1.969500000000000000e+04
1.820400000000000000e+04 1.967200000000000000e+04
1.822300000000000000e+04 1.966800000000000000e+04
1.871700000000000000e+04 1.935800000000000000e+04
1.825100000000000000e+04 1.963300000000000000e+04
1.826400000000000000e+04 1.962800000000000000e+04
1.834400000000000000e+04 1.957500000000000000e+04
1.837400000000000000e+04 1.956700000000000000e+04
1.838000000000000000e+04 1.954800000000000000e+04
1.844300000000000000e+04 1.951700000000000000e+04
1.843000000000000000e+04 1.952100000000000000e+04
1.844700000000000000e+04 1.950700000000000000e+04
1.839300000000000000e+04 1.952800000000000000e+04
1.838600000000000000e+04 1.954500000000000000e+04
1.841600000000000000e+04 1.952600000000000000e+04
1.838900000000000000e+04 1.954300000000000000e+04
1.847900000000000000e+04 1.950400000000000000e+04
1.849900000000000000e+04 1.949500000000000000e+04
1.849800000000000000e+04 1.949800000000000000e+04
1.851900000000000000e+04 1.947800000000000000e+04
1.853800000000000000e+04 1.947600000000000000e+04
1.851300000000000000e+04 1.949200000000000000e+04
1.868300000000000000e+04 1.937700000000000000e+04
1.869300000000000000e+04 1.937400000000000000e+04
1.870600000000000000e+04 1.936800000000000000e+04
1.881200000000000000e+04 1.930300000000000000e+04
1.883200000000000000e+04 1.927600000000000000e+04
1.882200000000000000e+04 1.929000000000000000e+04
1.882000000000000000e+04 1.929800000000000000e+04
1.886000000000000000e+04 1.925500000000000000e+04
1.882800000000000000e+04 1.928000000000000000e+04
1.882500000000000000e+04 1.928100000000000000e+04
1.883600000000000000e+04 1.926500000000000000e+04
1.886100000000000000e+04 1.924500000000000000e+04
1.886300000000000000e+04 1.924300000000000000e+04
1.886200000000000000e+04 1.924400000000000000e+04
1.886800000000000000e+04 1.924100000000000000e+04
1.887000000000000000e+04 1.923900000000000000e+04
1.884900000000000000e+04 1.926100000000000000e+04
1.887700000000000000e+04 1.922800000000000000e+04
1.889200000000000000e+04 1.921400000000000000e+04
1.887300000000000000e+04 1.923500000000000000e+04
1.888900000000000000e+04 1.921700000000000000e+04
1.889300000000000000e+04 1.920900000000000000e+04
1.890500000000000000e+04 1.919300000000000000e+04
1.889800000000000000e+04 1.920300000000000000e+04
1.891200000000000000e+04 1.918500000000000000e+04
1.890700000000000000e+04 1.919100000000000000e+04
1.894200000000000000e+04 1.915900000000000000e+04
1.891600000000000000e+04 1.918400000000000000e+04
1.892200000000000000e+04 1.917500000000000000e+04
1.896300000000000000e+04 1.914000000000000000e+04
1.897100000000000000e+04 1.912200000000000000e+04
1.897400000000000000e+04 1.911400000000000000e+04
1.898700000000000000e+04 1.911100000000000000e+04
1.901100000000000000e+04 1.907900000000000000e+04
1.900600000000000000e+04 1.908500000000000000e+04
1.900400000000000000e+04 1.908700000000000000e+04
1.900300000000000000e+04 1.910000000000000000e+04
1.901200000000000000e+04 1.907400000000000000e+04
1.901800000000000000e+04 1.905800000000000000e+04
1.901900000000000000e+04 1.905300000000000000e+04
1.902400000000000000e+04 1.905100000000000000e+04
1.905500000000000000e+04 1.900500000000000000e+04
1.902700000000000000e+04 1.904700000000000000e+04
1.901300000000000000e+04 1.906000000000000000e+04
1.903500000000000000e+04 1.904600000000000000e+04
1.903700000000000000e+04 1.904400000000000000e+04
1.904700000000000000e+04 1.903100000000000000e+04
1.904200000000000000e+04 1.903800000000000000e+04
1.904400000000000000e+04 1.903300000000000000e+04
1.905100000000000000e+04 1.901200000000000000e+04
1.905900000000000000e+04 1.900400000000000000e+04
1.905300000000000000e+04 1.900800000000000000e+04
1.907100000000000000e+04 1.900200000000000000e+04
1.915800000000000000e+04 1.887900000000000000e+04
1.913500000000000000e+04 1.891300000000000000e+04
1.914200000000000000e+04 1.890300000000000000e+04
1.908700000000000000e+04 1.899100000000000000e+04
1.911600000000000000e+04 1.893600000000000000e+04
1.909600000000000000e+04 1.896100000000000000e+04
1.918200000000000000e+04 1.885700000000000000e+04
1.908900000000000000e+04 1.898000000000000000e+04
1.911300000000000000e+04 1.894900000000000000e+04
1.912100000000000000e+04 1.893500000000000000e+04
1.912300000000000000e+04 1.892000000000000000e+04
1.914800000000000000e+04 1.889400000000000000e+04
1.913800000000000000e+04 1.890600000000000000e+04
1.922100000000000000e+04 1.878000000000000000e+04
1.923300000000000000e+04 1.876700000000000000e+04
1.920400000000000000e+04 1.880400000000000000e+04
1.919400000000000000e+04 1.880600000000000000e+04
1.923500000000000000e+04 1.873200000000000000e+04
1.927500000000000000e+04 1.865500000000000000e+04
1.923600000000000000e+04 1.870800000000000000e+04
1.925600000000000000e+04 1.868900000000000000e+04
1.928700000000000000e+04 1.861800000000000000e+04
1.931500000000000000e+04 1.856800000000000000e+04
1.935500000000000000e+04 1.853000000000000000e+04
1.939100000000000000e+04 1.846700000000000000e+04
1.937700000000000000e+04 1.848700000000000000e+04
1.937200000000000000e+04 1.851200000000000000e+04
1.939500000000000000e+04 1.844300000000000000e+04
1.937600000000000000e+04 1.850800000000000000e+04
1.939600000000000000e+04 1.842900000000000000e+04
1.942100000000000000e+04 1.841700000000000000e+04
1.943200000000000000e+04 1.840200000000000000e+04
1.929900000000000000e+04 1.861000000000000000e+04
1.932900000000000000e+04 1.854300000000000000e+04
1.930800000000000000e+04 1.860400000000000000e+04
1.944500000000000000e+04 1.836600000000000000e+04
1.941100000000000000e+04 1.842400000000000000e+04
1.947200000000000000e+04 1.836200000000000000e+04
1.947600000000000000e+04 1.832900000000000000e+04
1.949800000000000000e+04 1.826400000000000000e+04
1.949000000000000000e+04 1.830100000000000000e+04
1.948000000000000000e+04 1.832300000000000000e+04
1.956500000000000000e+04 1.806200000000000000e+04
1.953200000000000000e+04 1.818000000000000000e+04
1.952100000000000000e+04 1.818300000000000000e+04
1.951500000000000000e+04 1.823400000000000000e+04
1.956800000000000000e+04 1.802800000000000000e+04
1.958800000000000000e+04 1.799000000000000000e+04
1.954400000000000000e+04 1.815400000000000000e+04
1.958600000000000000e+04 1.801800000000000000e+04
1.954900000000000000e+04 1.806400000000000000e+04
1.960300000000000000e+04 1.797800000000000000e+04
1.960600000000000000e+04 1.795800000000000000e+04
1.965100000000000000e+04 1.790700000000000000e+04
1.963000000000000000e+04 1.792900000000000000e+04
1.962900000000000000e+04 1.793300000000000000e+04
1.966000000000000000e+04 1.784700000000000000e+04
1.965200000000000000e+04 1.786000000000000000e+04
1.966900000000000000e+04 1.784500000000000000e+04
1.967500000000000000e+04 1.778500000000000000e+04
1.968000000000000000e+04 1.775600000000000000e+04
1.968100000000000000e+04 1.773100000000000000e+04
1.973200000000000000e+04 1.760300000000000000e+04
1.972500000000000000e+04 1.763800000000000000e+04
1.970000000000000000e+04 1.771300000000000000e+04
1.976500000000000000e+04 1.739500000000000000e+04
1.967300000000000000e+04 1.781200000000000000e+04
1.973500000000000000e+04 1.752900000000000000e+04
1.976100000000000000e+04 1.740000000000000000e+04
1.974900000000000000e+04 1.747400000000000000e+04
1.974200000000000000e+04 1.750700000000000000e+04
1.977500000000000000e+04 1.728300000000000000e+04
1.980700000000000000e+04 1.711200000000000000e+04
1.980500000000000000e+04 1.713100000000000000e+04
1.979900000000000000e+04 1.718400000000000000e+04
1.981400000000000000e+04 1.709100000000000000e+04
1.981600000000000000e+04 1.698900000000000000e+04
1.771100000000000000e+04 1.981400000000000000e+04
1.773500000000000000e+04 1.980500000000000000e+04
1.702300000000000000e+04 2.014500000000000000e+04
1.697700000000000000e+04 2.016300000000000000e+04
1.701800000000000000e+04 2.015300000000000000e+04
1.692100000000000000e+04 2.017700000000000000e+04
1.693400000000000000e+04 2.016500000000000000e+04
1.683900000000000000e+04 2.019500000000000000e+04
1.688600000000000000e+04 2.018800000000000000e+04
1.722300000000000000e+04 2.007300000000000000e+04
1.710900000000000000e+04 2.011800000000000000e+04
1.707200000000000000e+04 2.012300000000000000e+04
1.711300000000000000e+04 2.010100000000000000e+04
1.712100000000000000e+04 2.009200000000000000e+04
1.719700000000000000e+04 2.007600000000000000e+04
1.715900000000000000e+04 2.009100000000000000e+04
1.797800000000000000e+04 1.977500000000000000e+04
1.803200000000000000e+04 1.974700000000000000e+04
1.801700000000000000e+04 1.976000000000000000e+04
1.795100000000000000e+04 1.978900000000000000e+04
1.799300000000000000e+04 1.976400000000000000e+04
1.799600000000000000e+04 1.976100000000000000e+04
1.796200000000000000e+04 1.978000000000000000e+04
1.828600000000000000e+04 1.959500000000000000e+04
1.815900000000000000e+04 1.970000000000000000e+04
1.815600000000000000e+04 1.970200000000000000e+04
1.822700000000000000e+04 1.964800000000000000e+04
1.823200000000000000e+04 1.964600000000000000e+04
1.823900000000000000e+04 1.964200000000000000e+04
1.822000000000000000e+04 1.968700000000000000e+04
1.816300000000000000e+04 1.969800000000000000e+04
1.816700000000000000e+04 1.969400000000000000e+04
1.732500000000000000e+04 2.004700000000000000e+04
1.741500000000000000e+04 2.000000000000000000e+04
1.739200000000000000e+04 2.002000000000000000e+04
1.749100000000000000e+04 1.999400000000000000e+04
1.751500000000000000e+04 1.998700000000000000e+04
1.752700000000000000e+04 1.998100000000000000e+04
1.747600000000000000e+04 1.999900000000000000e+04
1.753700000000000000e+04 1.998000000000000000e+04
1.755000000000000000e+04 1.997700000000000000e+04
1.766600000000000000e+04 1.995400000000000000e+04
1.770800000000000000e+04 1.993700000000000000e+04
1.768500000000000000e+04 1.994900000000000000e+04
1.765600000000000000e+04 1.996700000000000000e+04
1.764700000000000000e+04 1.997300000000000000e+04
1.833500000000000000e+04 1.958500000000000000e+04
1.832100000000000000e+04 1.958800000000000000e+04
1.838000000000000000e+04 1.956000000000000000e+04
1.835400000000000000e+04 1.958100000000000000e+04
1.849500000000000000e+04 1.947800000000000000e+04
1.852000000000000000e+04 1.946700000000000000e+04
1.851800000000000000e+04 1.947300000000000000e+04
1.857600000000000000e+04 1.943200000000000000e+04
1.857300000000000000e+04 1.946100000000000000e+04
1.872300000000000000e+04 1.935700000000000000e+04
1.869700000000000000e+04 1.937200000000000000e+04
1.869800000000000000e+04 1.937100000000000000e+04
1.871500000000000000e+04 1.936800000000000000e+04
1.872800000000000000e+04 1.934500000000000000e+04
1.873900000000000000e+04 1.933500000000000000e+04
1.873100000000000000e+04 1.933600000000000000e+04
1.875200000000000000e+04 1.931900000000000000e+04
1.874200000000000000e+04 1.933400000000000000e+04
1.874800000000000000e+04 1.932900000000000000e+04
1.876300000000000000e+04 1.931500000000000000e+04
1.878700000000000000e+04 1.930300000000000000e+04
1.881900000000000000e+04 1.927400000000000000e+04
1.880900000000000000e+04 1.928700000000000000e+04
1.880400000000000000e+04 1.929400000000000000e+04
1.879500000000000000e+04 1.929500000000000000e+04
1.882600000000000000e+04 1.927300000000000000e+04
1.885500000000000000e+04 1.925000000000000000e+04
1.884700000000000000e+04 1.926100000000000000e+04
1.886000000000000000e+04 1.924300000000000000e+04
1.890400000000000000e+04 1.920100000000000000e+04
1.886900000000000000e+04 1.923200000000000000e+04
1.888900000000000000e+04 1.920600000000000000e+04
1.891200000000000000e+04 1.916900000000000000e+04
1.888500000000000000e+04 1.921700000000000000e+04
1.888300000000000000e+04 1.922100000000000000e+04
1.890800000000000000e+04 1.918200000000000000e+04
1.890000000000000000e+04 1.920300000000000000e+04
1.891400000000000000e+04 1.916100000000000000e+04
1.891800000000000000e+04 1.915900000000000000e+04
1.891900000000000000e+04 1.914800000000000000e+04
1.895100000000000000e+04 1.911000000000000000e+04
1.894900000000000000e+04 1.911400000000000000e+04
1.894100000000000000e+04 1.914300000000000000e+04
1.894600000000000000e+04 1.912100000000000000e+04
1.897900000000000000e+04 1.910500000000000000e+04
1.901500000000000000e+04 1.905000000000000000e+04
1.899900000000000000e+04 1.906900000000000000e+04
1.897300000000000000e+04 1.910800000000000000e+04
1.900000000000000000e+04 1.905600000000000000e+04
1.898500000000000000e+04 1.908200000000000000e+04
1.905000000000000000e+04 1.900700000000000000e+04
1.908500000000000000e+04 1.896800000000000000e+04
1.906900000000000000e+04 1.898200000000000000e+04
1.907100000000000000e+04 1.898100000000000000e+04
1.909000000000000000e+04 1.896200000000000000e+04
1.905400000000000000e+04 1.900200000000000000e+04
1.904700000000000000e+04 1.902100000000000000e+04
1.910500000000000000e+04 1.894000000000000000e+04
1.906300000000000000e+04 1.899200000000000000e+04
1.911500000000000000e+04 1.892000000000000000e+04
1.911600000000000000e+04 1.890100000000000000e+04
1.913800000000000000e+04 1.887800000000000000e+04
1.915400000000000000e+04 1.885400000000000000e+04
1.917900000000000000e+04 1.884500000000000000e+04
1.912400000000000000e+04 1.888900000000000000e+04
1.912700000000000000e+04 1.888000000000000000e+04
1.912600000000000000e+04 1.888300000000000000e+04
1.912300000000000000e+04 1.889600000000000000e+04
1.912100000000000000e+04 1.890000000000000000e+04
1.912800000000000000e+04 1.887900000000000000e+04
1.917100000000000000e+04 1.884900000000000000e+04
1.915200000000000000e+04 1.887400000000000000e+04
1.918500000000000000e+04 1.880900000000000000e+04
1.920900000000000000e+04 1.877900000000000000e+04
1.921800000000000000e+04 1.876900000000000000e+04
1.919600000000000000e+04 1.880300000000000000e+04
1.919800000000000000e+04 1.879700000000000000e+04
1.920200000000000000e+04 1.878900000000000000e+04
1.921700000000000000e+04 1.877400000000000000e+04
1.926400000000000000e+04 1.869100000000000000e+04
1.925100000000000000e+04 1.870600000000000000e+04
1.923000000000000000e+04 1.876600000000000000e+04
1.924400000000000000e+04 1.873900000000000000e+04
1.928300000000000000e+04 1.862400000000000000e+04
1.926600000000000000e+04 1.865200000000000000e+04
1.929700000000000000e+04 1.861000000000000000e+04
1.930200000000000000e+04 1.857200000000000000e+04
1.932600000000000000e+04 1.851100000000000000e+04
1.931100000000000000e+04 1.852500000000000000e+04
1.933800000000000000e+04 1.849300000000000000e+04
1.934800000000000000e+04 1.844500000000000000e+04
1.936000000000000000e+04 1.842700000000000000e+04
1.938600000000000000e+04 1.841900000000000000e+04
1.942300000000000000e+04 1.832800000000000000e+04
1.942200000000000000e+04 1.836200000000000000e+04
1.940400000000000000e+04 1.836800000000000000e+04
1.945200000000000000e+04 1.825000000000000000e+04
1.946000000000000000e+04 1.817700000000000000e+04
1.944700000000000000e+04 1.831700000000000000e+04
1.939800000000000000e+04 1.841200000000000000e+04
1.938200000000000000e+04 1.842100000000000000e+04
1.934600000000000000e+04 1.844900000000000000e+04
1.934200000000000000e+04 1.845000000000000000e+04
1.950200000000000000e+04 1.808400000000000000e+04
1.952100000000000000e+04 1.806000000000000000e+04
1.953700000000000000e+04 1.801000000000000000e+04
1.954200000000000000e+04 1.795400000000000000e+04
1.953900000000000000e+04 1.798200000000000000e+04
1.953200000000000000e+04 1.801500000000000000e+04
1.958700000000000000e+04 1.789000000000000000e+04
1.957300000000000000e+04 1.791600000000000000e+04
1.963400000000000000e+04 1.783300000000000000e+04
1.962900000000000000e+04 1.787500000000000000e+04
1.966700000000000000e+04 1.770400000000000000e+04
1.965600000000000000e+04 1.775700000000000000e+04
1.966300000000000000e+04 1.774900000000000000e+04
1.963500000000000000e+04 1.780900000000000000e+04
1.964100000000000000e+04 1.778600000000000000e+04
1.968200000000000000e+04 1.762200000000000000e+04
1.967100000000000000e+04 1.769800000000000000e+04
1.967400000000000000e+04 1.769100000000000000e+04
1.969000000000000000e+04 1.758700000000000000e+04
1.975000000000000000e+04 1.747500000000000000e+04
1.972800000000000000e+04 1.757700000000000000e+04
1.972900000000000000e+04 1.752700000000000000e+04
1.975200000000000000e+04 1.747200000000000000e+04
1.973700000000000000e+04 1.751300000000000000e+04
1.975800000000000000e+04 1.743600000000000000e+04
1.974800000000000000e+04 1.748900000000000000e+04
1.976300000000000000e+04 1.742800000000000000e+04
1.978700000000000000e+04 1.734200000000000000e+04
1.978000000000000000e+04 1.736500000000000000e+04
1.984700000000000000e+04 1.722300000000000000e+04
1.986100000000000000e+04 1.718500000000000000e+04
1.985700000000000000e+04 1.720100000000000000e+04
1.980900000000000000e+04 1.730500000000000000e+04
1.983800000000000000e+04 1.727300000000000000e+04
1.983400000000000000e+04 1.728600000000000000e+04
1.981300000000000000e+04 1.730300000000000000e+04
1.984500000000000000e+04 1.725100000000000000e+04
1.986500000000000000e+04 1.715300000000000000e+04
1.983000000000000000e+04 1.730200000000000000e+04
1.798000000000000000e+04 1.965200000000000000e+04
1.798600000000000000e+04 1.963500000000000000e+04
1.794000000000000000e+04 1.966000000000000000e+04
1.797200000000000000e+04 1.965500000000000000e+04
1.787600000000000000e+04 1.969100000000000000e+04
1.787500000000000000e+04 1.969300000000000000e+04
1.784200000000000000e+04 1.970300000000000000e+04
1.785800000000000000e+04 1.969600000000000000e+04
1.793200000000000000e+04 1.968300000000000000e+04
1.780100000000000000e+04 1.971700000000000000e+04
1.772300000000000000e+04 1.978500000000000000e+04
1.773900000000000000e+04 1.978400000000000000e+04
1.774300000000000000e+04 1.978300000000000000e+04
1.718300000000000000e+04 2.009100000000000000e+04
1.721100000000000000e+04 2.008400000000000000e+04
1.715300000000000000e+04 2.010000000000000000e+04
1.714800000000000000e+04 2.010200000000000000e+04
1.714300000000000000e+04 2.011600000000000000e+04
1.690900000000000000e+04 2.019900000000000000e+04
1.706200000000000000e+04 2.013800000000000000e+04
1.683400000000000000e+04 2.020800000000000000e+04
1.697800000000000000e+04 2.018000000000000000e+04
1.698900000000000000e+04 2.016200000000000000e+04
1.771400000000000000e+04 1.987100000000000000e+04
1.770800000000000000e+04 1.989200000000000000e+04
1.756000000000000000e+04 1.998800000000000000e+04
1.758900000000000000e+04 1.995800000000000000e+04
1.760000000000000000e+04 1.994400000000000000e+04
1.749900000000000000e+04 2.000600000000000000e+04
1.752500000000000000e+04 2.000300000000000000e+04
1.767500000000000000e+04 1.991100000000000000e+04
1.770000000000000000e+04 1.990100000000000000e+04
1.766300000000000000e+04 1.994000000000000000e+04
1.768500000000000000e+04 1.990700000000000000e+04
1.724900000000000000e+04 2.008100000000000000e+04
1.728300000000000000e+04 2.005900000000000000e+04
1.826300000000000000e+04 1.958800000000000000e+04
1.830900000000000000e+04 1.956900000000000000e+04
1.827400000000000000e+04 1.958000000000000000e+04
1.827600000000000000e+04 1.957700000000000000e+04
1.832400000000000000e+04 1.956800000000000000e+04
1.824200000000000000e+04 1.960200000000000000e+04
1.828100000000000000e+04 1.957000000000000000e+04
1.826000000000000000e+04 1.959500000000000000e+04
1.822500000000000000e+04 1.960800000000000000e+04
1.845400000000000000e+04 1.953800000000000000e+04
1.845200000000000000e+04 1.954000000000000000e+04
1.845100000000000000e+04 1.955200000000000000e+04
1.849600000000000000e+04 1.953300000000000000e+04
1.851600000000000000e+04 1.951400000000000000e+04
1.850300000000000000e+04 1.952500000000000000e+04
1.851000000000000000e+04 1.951800000000000000e+04
1.848600000000000000e+04 1.953700000000000000e+04
1.856500000000000000e+04 1.948800000000000000e+04
1.855700000000000000e+04 1.949500000000000000e+04
1.857400000000000000e+04 1.947800000000000000e+04
1.853600000000000000e+04 1.951200000000000000e+04
1.861900000000000000e+04 1.945800000000000000e+04
1.863100000000000000e+04 1.944200000000000000e+04
1.862600000000000000e+04 1.945300000000000000e+04
1.862800000000000000e+04 1.944900000000000000e+04
1.868400000000000000e+04 1.939500000000000000e+04
1.864500000000000000e+04 1.943500000000000000e+04
1.867900000000000000e+04 1.940400000000000000e+04
1.867200000000000000e+04 1.942200000000000000e+04
1.867800000000000000e+04 1.941300000000000000e+04
1.867500000000000000e+04 1.941400000000000000e+04
1.866900000000000000e+04 1.942500000000000000e+04
1.873800000000000000e+04 1.934800000000000000e+04
1.872000000000000000e+04 1.935700000000000000e+04
1.873500000000000000e+04 1.935600000000000000e+04
1.876100000000000000e+04 1.933400000000000000e+04
1.874300000000000000e+04 1.933900000000000000e+04
1.874900000000000000e+04 1.933800000000000000e+04
1.876300000000000000e+04 1.932100000000000000e+04
1.876400000000000000e+04 1.931900000000000000e+04
1.880500000000000000e+04 1.929200000000000000e+04
1.877200000000000000e+04 1.931600000000000000e+04
1.878400000000000000e+04 1.930400000000000000e+04
1.880600000000000000e+04 1.927800000000000000e+04
1.879900000000000000e+04 1.929300000000000000e+04
1.879700000000000000e+04 1.929500000000000000e+04
1.881700000000000000e+04 1.925900000000000000e+04
1.881200000000000000e+04 1.926800000000000000e+04
1.882600000000000000e+04 1.925500000000000000e+04
1.884800000000000000e+04 1.924400000000000000e+04
1.883500000000000000e+04 1.925100000000000000e+04
1.884700000000000000e+04 1.924900000000000000e+04
1.885000000000000000e+04 1.923800000000000000e+04
1.886400000000000000e+04 1.922200000000000000e+04
1.888300000000000000e+04 1.919200000000000000e+04
1.887700000000000000e+04 1.920500000000000000e+04
1.887200000000000000e+04 1.921100000000000000e+04
1.885400000000000000e+04 1.923200000000000000e+04
1.889900000000000000e+04 1.917600000000000000e+04
1.890800000000000000e+04 1.916500000000000000e+04
1.891400000000000000e+04 1.915800000000000000e+04
1.888700000000000000e+04 1.918400000000000000e+04
1.891700000000000000e+04 1.915600000000000000e+04
1.893300000000000000e+04 1.914500000000000000e+04
1.893600000000000000e+04 1.914000000000000000e+04
1.891200000000000000e+04 1.916400000000000000e+04
1.894200000000000000e+04 1.913600000000000000e+04
1.892200000000000000e+04 1.915200000000000000e+04
1.892700000000000000e+04 1.914800000000000000e+04
1.895100000000000000e+04 1.911800000000000000e+04
1.896500000000000000e+04 1.910600000000000000e+04
1.898600000000000000e+04 1.907100000000000000e+04
1.897900000000000000e+04 1.909200000000000000e+04
1.903000000000000000e+04 1.903300000000000000e+04
1.902600000000000000e+04 1.903500000000000000e+04
1.902300000000000000e+04 1.905300000000000000e+04
1.903500000000000000e+04 1.903200000000000000e+04
1.904000000000000000e+04 1.902900000000000000e+04
1.905400000000000000e+04 1.901600000000000000e+04
1.905700000000000000e+04 1.900900000000000000e+04
1.908500000000000000e+04 1.897800000000000000e+04
1.912300000000000000e+04 1.892300000000000000e+04
1.906500000000000000e+04 1.900400000000000000e+04
1.910300000000000000e+04 1.896000000000000000e+04
1.904800000000000000e+04 1.902800000000000000e+04
1.910700000000000000e+04 1.893500000000000000e+04
1.908600000000000000e+04 1.896800000000000000e+04
1.906900000000000000e+04 1.899400000000000000e+04
1.918000000000000000e+04 1.884600000000000000e+04
1.915900000000000000e+04 1.888100000000000000e+04
1.916400000000000000e+04 1.887500000000000000e+04
1.918300000000000000e+04 1.882000000000000000e+04
1.917100000000000000e+04 1.885100000000000000e+04
1.918400000000000000e+04 1.881800000000000000e+04
1.919500000000000000e+04 1.880500000000000000e+04
1.922600000000000000e+04 1.872800000000000000e+04
1.922300000000000000e+04 1.873200000000000000e+04
1.920200000000000000e+04 1.877900000000000000e+04
1.921000000000000000e+04 1.877100000000000000e+04
1.922800000000000000e+04 1.869900000000000000e+04
1.921900000000000000e+04 1.875500000000000000e+04
1.930000000000000000e+04 1.865100000000000000e+04
1.928400000000000000e+04 1.869100000000000000e+04
1.932700000000000000e+04 1.864600000000000000e+04
1.929300000000000000e+04 1.866600000000000000e+04
1.934900000000000000e+04 1.860100000000000000e+04
1.935800000000000000e+04 1.851400000000000000e+04
1.935700000000000000e+04 1.856900000000000000e+04
1.928600000000000000e+04 1.866800000000000000e+04
1.937100000000000000e+04 1.845700000000000000e+04
1.935900000000000000e+04 1.850800000000000000e+04
1.937600000000000000e+04 1.845500000000000000e+04
1.936600000000000000e+04 1.849600000000000000e+04
1.941600000000000000e+04 1.836700000000000000e+04
1.937700000000000000e+04 1.844100000000000000e+04
1.938000000000000000e+04 1.844000000000000000e+04
1.938900000000000000e+04 1.841000000000000000e+04
1.939700000000000000e+04 1.838700000000000000e+04
1.941700000000000000e+04 1.835900000000000000e+04
1.944300000000000000e+04 1.831100000000000000e+04
1.939800000000000000e+04 1.838100000000000000e+04
1.944800000000000000e+04 1.825200000000000000e+04
1.942300000000000000e+04 1.832700000000000000e+04
1.951100000000000000e+04 1.812900000000000000e+04
1.947300000000000000e+04 1.814200000000000000e+04
1.947200000000000000e+04 1.816700000000000000e+04
1.946800000000000000e+04 1.823000000000000000e+04
1.952100000000000000e+04 1.804500000000000000e+04
1.951400000000000000e+04 1.807500000000000000e+04
1.952300000000000000e+04 1.802200000000000000e+04
1.952900000000000000e+04 1.801300000000000000e+04
1.955900000000000000e+04 1.796000000000000000e+04
1.957400000000000000e+04 1.794800000000000000e+04
1.954800000000000000e+04 1.797900000000000000e+04
1.954700000000000000e+04 1.800400000000000000e+04
1.955300000000000000e+04 1.796900000000000000e+04
1.959200000000000000e+04 1.793900000000000000e+04
1.962300000000000000e+04 1.782100000000000000e+04
1.958300000000000000e+04 1.794400000000000000e+04
1.961100000000000000e+04 1.785900000000000000e+04
1.960700000000000000e+04 1.788700000000000000e+04
1.965300000000000000e+04 1.773000000000000000e+04
1.965800000000000000e+04 1.768000000000000000e+04
1.964000000000000000e+04 1.778400000000000000e+04
1.966000000000000000e+04 1.764700000000000000e+04
1.969200000000000000e+04 1.754400000000000000e+04
1.968900000000000000e+04 1.757700000000000000e+04
1.967800000000000000e+04 1.757800000000000000e+04
1.967300000000000000e+04 1.758100000000000000e+04
1.966800000000000000e+04 1.763300000000000000e+04
1.973400000000000000e+04 1.749000000000000000e+04
1.983800000000000000e+04 1.731500000000000000e+04
1.982500000000000000e+04 1.738400000000000000e+04
1.983600000000000000e+04 1.734300000000000000e+04
1.979600000000000000e+04 1.747600000000000000e+04
1.983700000000000000e+04 1.732200000000000000e+04
1.981600000000000000e+04 1.745500000000000000e+04
1.986000000000000000e+04 1.728200000000000000e+04
1.986600000000000000e+04 1.720400000000000000e+04
1.986200000000000000e+04 1.725400000000000000e+04
