2.646200000000000000e+04 2.874900000000000000e+04
2.618900000000000000e+04 2.893300000000000000e+04
2.617000000000000000e+04 2.893800000000000000e+04
2.575800000000000000e+04 2.911600000000000000e+04
2.544900000000000000e+04 2.926200000000000000e+04
2.547100000000000000e+04 2.924900000000000000e+04
2.537200000000000000e+04 2.927300000000000000e+04
2.514700000000000000e+04 2.943000000000000000e+04
2.508200000000000000e+04 2.944800000000000000e+04
2.504400000000000000e+04 2.946300000000000000e+04
2.510900000000000000e+04 2.943600000000000000e+04
2.533400000000000000e+04 2.934300000000000000e+04
2.533900000000000000e+04 2.932800000000000000e+04
2.531500000000000000e+04 2.938200000000000000e+04
2.524700000000000000e+04 2.942500000000000000e+04
2.527500000000000000e+04 2.941100000000000000e+04
2.529700000000000000e+04 2.940800000000000000e+04
2.560600000000000000e+04 2.918600000000000000e+04
2.573200000000000000e+04 2.916300000000000000e+04
2.559500000000000000e+04 2.920500000000000000e+04
2.572200000000000000e+04 2.916600000000000000e+04
2.571200000000000000e+04 2.917300000000000000e+04
2.564400000000000000e+04 2.918500000000000000e+04
2.559900000000000000e+04 2.919700000000000000e+04
2.645700000000000000e+04 2.881900000000000000e+04
2.637300000000000000e+04 2.890700000000000000e+04
2.630200000000000000e+04 2.892400000000000000e+04
2.640800000000000000e+04 2.887900000000000000e+04
2.642400000000000000e+04 2.886400000000000000e+04
2.636500000000000000e+04 2.892100000000000000e+04
2.638700000000000000e+04 2.888900000000000000e+04
2.611300000000000000e+04 2.900700000000000000e+04
2.608300000000000000e+04 2.902300000000000000e+04
2.607700000000000000e+04 2.904200000000000000e+04
2.605000000000000000e+04 2.908200000000000000e+04
2.606600000000000000e+04 2.904500000000000000e+04
2.604300000000000000e+04 2.908700000000000000e+04
2.606100000000000000e+04 2.905400000000000000e+04
2.606000000000000000e+04 2.906500000000000000e+04
2.683300000000000000e+04 2.870200000000000000e+04
2.678800000000000000e+04 2.874300000000000000e+04
2.679200000000000000e+04 2.871100000000000000e+04
2.674600000000000000e+04 2.874500000000000000e+04
2.679000000000000000e+04 2.871500000000000000e+04
2.683500000000000000e+04 2.869500000000000000e+04
2.684200000000000000e+04 2.868900000000000000e+04
2.690000000000000000e+04 2.868500000000000000e+04
2.693800000000000000e+04 2.868200000000000000e+04
2.697100000000000000e+04 2.865500000000000000e+04
2.699500000000000000e+04 2.864400000000000000e+04
2.700900000000000000e+04 2.863900000000000000e+04
2.696500000000000000e+04 2.865800000000000000e+04
2.702700000000000000e+04 2.862900000000000000e+04
2.702600000000000000e+04 2.863000000000000000e+04
2.699400000000000000e+04 2.864700000000000000e+04
2.695700000000000000e+04 2.866400000000000000e+04
2.703900000000000000e+04 2.860900000000000000e+04
2.705300000000000000e+04 2.860500000000000000e+04
2.702300000000000000e+04 2.863500000000000000e+04
2.703500000000000000e+04 2.862400000000000000e+04
2.700700000000000000e+04 2.864200000000000000e+04
2.708200000000000000e+04 2.859900000000000000e+04
2.708700000000000000e+04 2.859500000000000000e+04
2.705900000000000000e+04 2.860300000000000000e+04
2.712000000000000000e+04 2.856700000000000000e+04
2.712500000000000000e+04 2.856100000000000000e+04
2.713400000000000000e+04 2.855100000000000000e+04
2.713300000000000000e+04 2.855700000000000000e+04
2.716600000000000000e+04 2.854300000000000000e+04
2.715200000000000000e+04 2.855000000000000000e+04
2.717800000000000000e+04 2.853500000000000000e+04
2.722400000000000000e+04 2.850700000000000000e+04
2.715500000000000000e+04 2.854600000000000000e+04
2.718700000000000000e+04 2.852900000000000000e+04
2.719000000000000000e+04 2.851400000000000000e+04
2.733800000000000000e+04 2.842200000000000000e+04
2.735200000000000000e+04 2.841300000000000000e+04
2.736700000000000000e+04 2.839500000000000000e+04
2.736400000000000000e+04 2.840500000000000000e+04
2.733400000000000000e+04 2.842500000000000000e+04
2.734900000000000000e+04 2.841400000000000000e+04
2.735500000000000000e+04 2.840900000000000000e+04
2.753900000000000000e+04 2.828300000000000000e+04
2.756900000000000000e+04 2.824200000000000000e+04
2.756700000000000000e+04 2.824400000000000000e+04
2.754600000000000000e+04 2.827300000000000000e+04
2.754200000000000000e+04 2.827400000000000000e+04
2.755700000000000000e+04 2.826200000000000000e+04
2.756100000000000000e+04 2.825500000000000000e+04
2.755200000000000000e+04 2.826600000000000000e+04
2.756300000000000000e+04 2.824800000000000000e+04
2.756200000000000000e+04 2.825300000000000000e+04
2.755800000000000000e+04 2.825900000000000000e+04
2.754100000000000000e+04 2.827500000000000000e+04
2.763900000000000000e+04 2.820300000000000000e+04
2.760100000000000000e+04 2.823800000000000000e+04
2.761500000000000000e+04 2.821700000000000000e+04
2.761200000000000000e+04 2.823100000000000000e+04
2.763500000000000000e+04 2.820700000000000000e+04
2.765300000000000000e+04 2.818500000000000000e+04
2.763200000000000000e+04 2.820800000000000000e+04
2.764000000000000000e+04 2.819000000000000000e+04
2.764600000000000000e+04 2.818900000000000000e+04
2.762900000000000000e+04 2.820900000000000000e+04
2.777900000000000000e+04 2.805900000000000000e+04
2.775700000000000000e+04 2.807500000000000000e+04
2.779300000000000000e+04 2.805400000000000000e+04
2.781700000000000000e+04 2.802200000000000000e+04
2.770700000000000000e+04 2.810000000000000000e+04
2.772700000000000000e+04 2.809900000000000000e+04
2.774400000000000000e+04 2.809300000000000000e+04
2.769500000000000000e+04 2.814400000000000000e+04
2.770500000000000000e+04 2.811100000000000000e+04
2.770000000000000000e+04 2.812900000000000000e+04
2.775800000000000000e+04 2.807400000000000000e+04
2.775500000000000000e+04 2.807600000000000000e+04
2.774500000000000000e+04 2.808100000000000000e+04
2.774600000000000000e+04 2.807700000000000000e+04
2.776200000000000000e+04 2.806700000000000000e+04
2.781500000000000000e+04 2.802600000000000000e+04
2.780400000000000000e+04 2.803500000000000000e+04
2.784100000000000000e+04 2.800300000000000000e+04
2.782800000000000000e+04 2.801200000000000000e+04
2.783500000000000000e+04 2.800400000000000000e+04
2.783300000000000000e+04 2.800600000000000000e+04
2.779400000000000000e+04 2.804600000000000000e+04
2.786900000000000000e+04 2.797600000000000000e+04
2.786100000000000000e+04 2.798800000000000000e+04
2.787100000000000000e+04 2.795600000000000000e+04
2.789600000000000000e+04 2.794500000000000000e+04
2.784900000000000000e+04 2.799800000000000000e+04
2.788500000000000000e+04 2.795400000000000000e+04
2.785400000000000000e+04 2.799000000000000000e+04
2.791500000000000000e+04 2.792400000000000000e+04
2.790900000000000000e+04 2.793300000000000000e+04
2.790000000000000000e+04 2.794400000000000000e+04
2.792400000000000000e+04 2.792300000000000000e+04
2.792900000000000000e+04 2.790500000000000000e+04
2.792800000000000000e+04 2.790900000000000000e+04
2.792600000000000000e+04 2.791400000000000000e+04
2.796900000000000000e+04 2.787200000000000000e+04
2.794300000000000000e+04 2.789800000000000000e+04
2.795200000000000000e+04 2.788800000000000000e+04
2.795300000000000000e+04 2.787900000000000000e+04
2.794000000000000000e+04 2.790300000000000000e+04
2.796400000000000000e+04 2.787600000000000000e+04
2.794900000000000000e+04 2.789100000000000000e+04
2.797100000000000000e+04 2.785600000000000000e+04
2.800500000000000000e+04 2.783000000000000000e+04
2.799800000000000000e+04 2.784300000000000000e+04
2.799700000000000000e+04 2.784500000000000000e+04
2.801900000000000000e+04 2.782600000000000000e+04
2.805400000000000000e+04 2.777800000000000000e+04
2.802500000000000000e+04 2.782300000000000000e+04
2.805100000000000000e+04 2.779200000000000000e+04
2.802400000000000000e+04 2.782400000000000000e+04
2.804600000000000000e+04 2.779600000000000000e+04
2.805800000000000000e+04 2.777500000000000000e+04
2.804200000000000000e+04 2.780800000000000000e+04
2.806900000000000000e+04 2.776400000000000000e+04
2.808800000000000000e+04 2.774400000000000000e+04
2.807100000000000000e+04 2.775700000000000000e+04
2.806000000000000000e+04 2.776700000000000000e+04
2.807900000000000000e+04 2.774700000000000000e+04
2.811300000000000000e+04 2.770400000000000000e+04
2.811000000000000000e+04 2.771900000000000000e+04
2.813900000000000000e+04 2.768300000000000000e+04
2.812500000000000000e+04 2.769800000000000000e+04
2.812700000000000000e+04 2.769400000000000000e+04
2.811400000000000000e+04 2.770200000000000000e+04
2.815100000000000000e+04 2.766500000000000000e+04
2.816200000000000000e+04 2.765700000000000000e+04
2.820900000000000000e+04 2.758000000000000000e+04
2.816300000000000000e+04 2.765300000000000000e+04
2.817900000000000000e+04 2.763200000000000000e+04
2.816600000000000000e+04 2.765000000000000000e+04
2.818000000000000000e+04 2.762000000000000000e+04
2.820700000000000000e+04 2.759000000000000000e+04
2.821100000000000000e+04 2.756900000000000000e+04
2.822100000000000000e+04 2.755600000000000000e+04
2.817200000000000000e+04 2.764500000000000000e+04
2.818300000000000000e+04 2.761900000000000000e+04
2.820000000000000000e+04 2.760500000000000000e+04
2.819300000000000000e+04 2.761400000000000000e+04
2.823300000000000000e+04 2.752500000000000000e+04
2.822900000000000000e+04 2.753200000000000000e+04
2.826300000000000000e+04 2.750500000000000000e+04
2.823900000000000000e+04 2.750800000000000000e+04
2.827800000000000000e+04 2.744100000000000000e+04
2.824800000000000000e+04 2.750600000000000000e+04
2.828500000000000000e+04 2.743400000000000000e+04
2.827300000000000000e+04 2.747500000000000000e+04
2.827900000000000000e+04 2.743900000000000000e+04
2.831000000000000000e+04 2.740200000000000000e+04
2.826400000000000000e+04 2.748700000000000000e+04
2.830200000000000000e+04 2.741900000000000000e+04
2.832300000000000000e+04 2.739700000000000000e+04
2.829900000000000000e+04 2.742800000000000000e+04
2.835500000000000000e+04 2.733800000000000000e+04
2.833900000000000000e+04 2.738300000000000000e+04
2.836700000000000000e+04 2.731500000000000000e+04
2.834100000000000000e+04 2.737700000000000000e+04
2.835200000000000000e+04 2.736900000000000000e+04
2.835600000000000000e+04 2.732500000000000000e+04
2.837400000000000000e+04 2.731400000000000000e+04
2.838500000000000000e+04 2.728300000000000000e+04
2.839400000000000000e+04 2.727000000000000000e+04
2.842700000000000000e+04 2.726700000000000000e+04
2.846900000000000000e+04 2.719400000000000000e+04
2.843800000000000000e+04 2.725500000000000000e+04
2.844100000000000000e+04 2.724200000000000000e+04
2.845700000000000000e+04 2.721200000000000000e+04
2.853100000000000000e+04 2.714300000000000000e+04
2.848300000000000000e+04 2.719000000000000000e+04
2.855500000000000000e+04 2.704100000000000000e+04
2.854300000000000000e+04 2.707000000000000000e+04
2.854200000000000000e+04 2.707900000000000000e+04
2.855700000000000000e+04 2.702500000000000000e+04
2.860400000000000000e+04 2.699800000000000000e+04
2.857900000000000000e+04 2.701400000000000000e+04
2.859600000000000000e+04 2.700000000000000000e+04
2.861600000000000000e+04 2.697100000000000000e+04
2.863500000000000000e+04 2.692500000000000000e+04
2.866100000000000000e+04 2.687300000000000000e+04
2.866200000000000000e+04 2.685300000000000000e+04
2.863600000000000000e+04 2.690400000000000000e+04
2.865300000000000000e+04 2.690000000000000000e+04
2.869600000000000000e+04 2.681700000000000000e+04
2.869700000000000000e+04 2.681500000000000000e+04
2.868400000000000000e+04 2.682900000000000000e+04
2.866300000000000000e+04 2.684000000000000000e+04
2.868600000000000000e+04 2.682800000000000000e+04
2.871700000000000000e+04 2.680600000000000000e+04
2.872900000000000000e+04 2.676000000000000000e+04
2.880300000000000000e+04 2.669200000000000000e+04
2.878400000000000000e+04 2.674700000000000000e+04
2.883900000000000000e+04 2.658000000000000000e+04
2.880400000000000000e+04 2.667600000000000000e+04
2.883100000000000000e+04 2.659900000000000000e+04
2.883400000000000000e+04 2.659300000000000000e+04
2.882500000000000000e+04 2.667000000000000000e+04
2.884000000000000000e+04 2.657700000000000000e+04
2.886200000000000000e+04 2.654400000000000000e+04
2.883500000000000000e+04 2.658200000000000000e+04
2.884300000000000000e+04 2.657300000000000000e+04
2.885300000000000000e+04 2.654900000000000000e+04
2.889500000000000000e+04 2.648200000000000000e+04
2.884700000000000000e+04 2.656100000000000000e+04
2.887400000000000000e+04 2.651000000000000000e+04
2.887000000000000000e+04 2.652300000000000000e+04
2.886800000000000000e+04 2.652700000000000000e+04
2.886500000000000000e+04 2.653700000000000000e+04
2.891700000000000000e+04 2.640800000000000000e+04
2.896400000000000000e+04 2.634100000000000000e+04
2.894800000000000000e+04 2.637300000000000000e+04
2.904400000000000000e+04 2.618800000000000000e+04
2.900700000000000000e+04 2.633700000000000000e+04
2.902200000000000000e+04 2.627200000000000000e+04
2.906400000000000000e+04 2.614900000000000000e+04
2.904500000000000000e+04 2.616700000000000000e+04
2.902400000000000000e+04 2.619700000000000000e+04
2.905900000000000000e+04 2.615300000000000000e+04
2.909700000000000000e+04 2.605900000000000000e+04
2.907900000000000000e+04 2.613000000000000000e+04
2.908600000000000000e+04 2.607800000000000000e+04
2.910400000000000000e+04 2.604800000000000000e+04
2.911200000000000000e+04 2.600100000000000000e+04
2.917700000000000000e+04 2.591300000000000000e+04
2.912300000000000000e+04 2.599700000000000000e+04
2.914000000000000000e+04 2.598800000000000000e+04
2.916600000000000000e+04 2.595400000000000000e+04
2.918000000000000000e+04 2.587600000000000000e+04
2.922400000000000000e+04 2.584700000000000000e+04
2.923400000000000000e+04 2.576200000000000000e+04
2.919500000000000000e+04 2.586600000000000000e+04
2.921300000000000000e+04 2.585800000000000000e+04
2.924000000000000000e+04 2.572900000000000000e+04
2.925900000000000000e+04 2.570700000000000000e+04
2.926200000000000000e+04 2.566000000000000000e+04
2.928100000000000000e+04 2.564100000000000000e+04
2.929500000000000000e+04 2.555300000000000000e+04
2.930400000000000000e+04 2.554700000000000000e+04
2.929400000000000000e+04 2.562800000000000000e+04
2.931700000000000000e+04 2.548900000000000000e+04
2.931300000000000000e+04 2.553600000000000000e+04
2.932900000000000000e+04 2.544500000000000000e+04
2.930700000000000000e+04 2.554400000000000000e+04
2.934500000000000000e+04 2.544400000000000000e+04
2.935100000000000000e+04 2.536700000000000000e+04
2.936700000000000000e+04 2.531900000000000000e+04
2.942900000000000000e+04 2.528900000000000000e+04
2.946700000000000000e+04 2.517100000000000000e+04
2.944400000000000000e+04 2.522600000000000000e+04
2.945600000000000000e+04 2.518800000000000000e+04
2.945200000000000000e+04 2.519600000000000000e+04
2.946000000000000000e+04 2.518000000000000000e+04
2.945700000000000000e+04 2.518600000000000000e+04
2.949000000000000000e+04 2.513100000000000000e+04
2.948500000000000000e+04 2.516600000000000000e+04
2.948700000000000000e+04 2.513600000000000000e+04
2.950200000000000000e+04 2.508900000000000000e+04
2.949900000000000000e+04 2.509400000000000000e+04
2.950700000000000000e+04 2.505000000000000000e+04
2.955800000000000000e+04 2.500100000000000000e+04
2.955300000000000000e+04 2.500600000000000000e+04
2.956100000000000000e+04 2.499500000000000000e+04
2.960700000000000000e+04 2.488200000000000000e+04
2.961800000000000000e+04 2.484400000000000000e+04
2.964000000000000000e+04 2.475800000000000000e+04
2.961300000000000000e+04 2.487100000000000000e+04
2.964300000000000000e+04 2.473800000000000000e+04
2.962000000000000000e+04 2.480300000000000000e+04
2.963400000000000000e+04 2.479100000000000000e+04
2.953600000000000000e+04 2.502000000000000000e+04
2.960400000000000000e+04 2.491600000000000000e+04
2.961900000000000000e+04 2.482300000000000000e+04
2.957300000000000000e+04 2.495700000000000000e+04
2.959300000000000000e+04 2.492300000000000000e+04
2.958000000000000000e+04 2.493600000000000000e+04
2.958100000000000000e+04 2.492500000000000000e+04
2.512800000000000000e+04 2.935100000000000000e+04
2.506100000000000000e+04 2.936900000000000000e+04
2.511300000000000000e+04 2.935400000000000000e+04
2.508000000000000000e+04 2.935500000000000000e+04
2.499100000000000000e+04 2.937900000000000000e+04
2.494000000000000000e+04 2.940300000000000000e+04
2.499000000000000000e+04 2.939100000000000000e+04
2.471900000000000000e+04 2.954700000000000000e+04
2.477100000000000000e+04 2.952200000000000000e+04
2.478900000000000000e+04 2.951800000000000000e+04
2.475000000000000000e+04 2.954300000000000000e+04
2.476700000000000000e+04 2.952600000000000000e+04
2.492800000000000000e+04 2.945000000000000000e+04
2.485900000000000000e+04 2.949000000000000000e+04
2.483200000000000000e+04 2.950200000000000000e+04
2.485500000000000000e+04 2.949500000000000000e+04
2.491100000000000000e+04 2.947400000000000000e+04
2.488200000000000000e+04 2.948700000000000000e+04
2.489600000000000000e+04 2.948500000000000000e+04
2.523100000000000000e+04 2.933100000000000000e+04
2.525800000000000000e+04 2.932000000000000000e+04
2.533800000000000000e+04 2.930900000000000000e+04
2.543200000000000000e+04 2.930100000000000000e+04
2.562600000000000000e+04 2.923700000000000000e+04
2.558500000000000000e+04 2.925200000000000000e+04
2.557500000000000000e+04 2.927600000000000000e+04
2.549400000000000000e+04 2.928700000000000000e+04
2.552500000000000000e+04 2.927700000000000000e+04
2.560100000000000000e+04 2.924500000000000000e+04
2.648600000000000000e+04 2.887800000000000000e+04
2.642800000000000000e+04 2.895000000000000000e+04
2.649400000000000000e+04 2.887300000000000000e+04
2.652600000000000000e+04 2.885800000000000000e+04
2.651900000000000000e+04 2.886500000000000000e+04
2.646400000000000000e+04 2.889900000000000000e+04
2.678900000000000000e+04 2.871500000000000000e+04
2.672100000000000000e+04 2.875700000000000000e+04
2.673500000000000000e+04 2.874500000000000000e+04
2.673900000000000000e+04 2.872600000000000000e+04
2.678700000000000000e+04 2.871800000000000000e+04
2.682100000000000000e+04 2.869700000000000000e+04
2.673800000000000000e+04 2.873400000000000000e+04
2.680400000000000000e+04 2.871100000000000000e+04
2.579700000000000000e+04 2.915300000000000000e+04
2.575700000000000000e+04 2.916000000000000000e+04
2.576100000000000000e+04 2.915700000000000000e+04
2.581300000000000000e+04 2.913400000000000000e+04
2.582600000000000000e+04 2.912100000000000000e+04
2.587200000000000000e+04 2.910000000000000000e+04
2.585000000000000000e+04 2.910700000000000000e+04
2.581800000000000000e+04 2.912300000000000000e+04
2.590800000000000000e+04 2.907900000000000000e+04
2.591100000000000000e+04 2.907200000000000000e+04
2.590000000000000000e+04 2.908200000000000000e+04
2.613200000000000000e+04 2.904300000000000000e+04
2.617400000000000000e+04 2.902300000000000000e+04
2.611200000000000000e+04 2.905400000000000000e+04
2.618500000000000000e+04 2.901400000000000000e+04
2.629100000000000000e+04 2.896900000000000000e+04
2.621400000000000000e+04 2.901000000000000000e+04
2.625100000000000000e+04 2.897600000000000000e+04
2.625000000000000000e+04 2.900600000000000000e+04
2.620400000000000000e+04 2.901200000000000000e+04
2.690400000000000000e+04 2.865400000000000000e+04
2.694400000000000000e+04 2.862200000000000000e+04
2.699100000000000000e+04 2.862000000000000000e+04
2.708800000000000000e+04 2.859200000000000000e+04
2.694000000000000000e+04 2.863400000000000000e+04
2.709200000000000000e+04 2.856200000000000000e+04
2.709700000000000000e+04 2.854900000000000000e+04
2.711900000000000000e+04 2.854500000000000000e+04
2.705500000000000000e+04 2.859800000000000000e+04
2.704300000000000000e+04 2.861200000000000000e+04
2.688800000000000000e+04 2.866800000000000000e+04
2.755200000000000000e+04 2.826200000000000000e+04
2.754400000000000000e+04 2.827500000000000000e+04
2.755900000000000000e+04 2.826000000000000000e+04
2.755000000000000000e+04 2.827100000000000000e+04
2.757300000000000000e+04 2.825700000000000000e+04
2.760300000000000000e+04 2.824600000000000000e+04
2.761900000000000000e+04 2.822600000000000000e+04
2.761500000000000000e+04 2.823400000000000000e+04
2.762600000000000000e+04 2.821800000000000000e+04
2.760000000000000000e+04 2.825200000000000000e+04
2.761100000000000000e+04 2.823600000000000000e+04
2.762100000000000000e+04 2.822400000000000000e+04
2.769600000000000000e+04 2.815800000000000000e+04
2.769700000000000000e+04 2.815300000000000000e+04
2.772000000000000000e+04 2.813600000000000000e+04
2.772200000000000000e+04 2.812700000000000000e+04
2.775000000000000000e+04 2.810100000000000000e+04
2.771100000000000000e+04 2.814900000000000000e+04
2.773200000000000000e+04 2.812000000000000000e+04
2.773800000000000000e+04 2.811100000000000000e+04
2.773400000000000000e+04 2.811300000000000000e+04
2.773900000000000000e+04 2.810400000000000000e+04
2.772800000000000000e+04 2.812100000000000000e+04
2.781500000000000000e+04 2.804600000000000000e+04
2.784800000000000000e+04 2.801800000000000000e+04
2.783500000000000000e+04 2.802900000000000000e+04
2.786900000000000000e+04 2.798600000000000000e+04
2.786400000000000000e+04 2.800100000000000000e+04
2.788300000000000000e+04 2.797800000000000000e+04
2.787600000000000000e+04 2.798200000000000000e+04
2.789000000000000000e+04 2.797300000000000000e+04
2.787700000000000000e+04 2.798000000000000000e+04
2.790700000000000000e+04 2.793700000000000000e+04
2.790000000000000000e+04 2.795900000000000000e+04
2.790200000000000000e+04 2.795200000000000000e+04
2.790500000000000000e+04 2.794300000000000000e+04
2.791200000000000000e+04 2.793300000000000000e+04
2.777000000000000000e+04 2.807400000000000000e+04
2.775500000000000000e+04 2.808800000000000000e+04
2.777400000000000000e+04 2.807000000000000000e+04
2.776900000000000000e+04 2.808400000000000000e+04
2.777800000000000000e+04 2.806600000000000000e+04
2.779700000000000000e+04 2.805400000000000000e+04
2.777300000000000000e+04 2.807300000000000000e+04
2.779000000000000000e+04 2.805700000000000000e+04
2.778300000000000000e+04 2.805800000000000000e+04
2.794500000000000000e+04 2.789600000000000000e+04
2.793300000000000000e+04 2.790300000000000000e+04
2.797200000000000000e+04 2.787000000000000000e+04
2.793200000000000000e+04 2.790400000000000000e+04
2.794200000000000000e+04 2.790100000000000000e+04
2.796700000000000000e+04 2.788000000000000000e+04
2.795300000000000000e+04 2.789200000000000000e+04
2.798400000000000000e+04 2.785800000000000000e+04
2.796900000000000000e+04 2.787400000000000000e+04
2.801400000000000000e+04 2.782400000000000000e+04
2.802600000000000000e+04 2.779500000000000000e+04
2.802400000000000000e+04 2.779600000000000000e+04
2.802200000000000000e+04 2.780300000000000000e+04
2.803300000000000000e+04 2.778900000000000000e+04
2.804600000000000000e+04 2.778800000000000000e+04
2.808300000000000000e+04 2.774500000000000000e+04
2.809000000000000000e+04 2.772800000000000000e+04
2.805500000000000000e+04 2.777800000000000000e+04
2.807700000000000000e+04 2.775400000000000000e+04
2.806300000000000000e+04 2.777600000000000000e+04
2.812000000000000000e+04 2.771300000000000000e+04
2.814200000000000000e+04 2.768300000000000000e+04
2.812100000000000000e+04 2.770800000000000000e+04
2.812500000000000000e+04 2.769100000000000000e+04
2.812300000000000000e+04 2.770600000000000000e+04
2.815000000000000000e+04 2.767800000000000000e+04
2.813900000000000000e+04 2.769000000000000000e+04
2.814900000000000000e+04 2.768100000000000000e+04
2.816500000000000000e+04 2.766600000000000000e+04
2.817000000000000000e+04 2.765900000000000000e+04
2.815100000000000000e+04 2.766800000000000000e+04
2.821900000000000000e+04 2.762000000000000000e+04
2.820200000000000000e+04 2.764000000000000000e+04
2.822500000000000000e+04 2.759900000000000000e+04
2.825400000000000000e+04 2.758500000000000000e+04
2.822200000000000000e+04 2.760300000000000000e+04
2.826000000000000000e+04 2.756900000000000000e+04
2.824500000000000000e+04 2.759300000000000000e+04
2.828100000000000000e+04 2.754700000000000000e+04
2.829600000000000000e+04 2.754000000000000000e+04
2.830000000000000000e+04 2.751900000000000000e+04
2.828700000000000000e+04 2.754300000000000000e+04
2.830800000000000000e+04 2.750600000000000000e+04
2.831300000000000000e+04 2.749500000000000000e+04
2.828300000000000000e+04 2.754400000000000000e+04
2.827500000000000000e+04 2.756300000000000000e+04
2.834000000000000000e+04 2.743200000000000000e+04
2.836900000000000000e+04 2.737600000000000000e+04
2.834700000000000000e+04 2.742700000000000000e+04
2.839700000000000000e+04 2.735500000000000000e+04
2.842300000000000000e+04 2.733200000000000000e+04
2.841500000000000000e+04 2.733700000000000000e+04
2.842800000000000000e+04 2.733000000000000000e+04
2.840200000000000000e+04 2.735300000000000000e+04
2.839100000000000000e+04 2.735700000000000000e+04
2.849100000000000000e+04 2.724300000000000000e+04
2.850500000000000000e+04 2.723200000000000000e+04
2.853000000000000000e+04 2.718500000000000000e+04
2.854200000000000000e+04 2.713000000000000000e+04
2.856300000000000000e+04 2.712300000000000000e+04
2.856400000000000000e+04 2.711800000000000000e+04
2.853300000000000000e+04 2.713100000000000000e+04
2.845900000000000000e+04 2.730200000000000000e+04
2.845500000000000000e+04 2.731100000000000000e+04
2.845800000000000000e+04 2.730700000000000000e+04
2.847100000000000000e+04 2.727200000000000000e+04
2.848800000000000000e+04 2.724600000000000000e+04
2.847400000000000000e+04 2.725400000000000000e+04
2.848600000000000000e+04 2.725000000000000000e+04
2.846900000000000000e+04 2.729300000000000000e+04
2.858600000000000000e+04 2.705800000000000000e+04
2.862000000000000000e+04 2.700900000000000000e+04
2.861200000000000000e+04 2.702300000000000000e+04
2.867200000000000000e+04 2.690900000000000000e+04
2.863000000000000000e+04 2.698900000000000000e+04
2.865100000000000000e+04 2.698600000000000000e+04
2.862600000000000000e+04 2.700200000000000000e+04
2.865400000000000000e+04 2.693100000000000000e+04
2.871200000000000000e+04 2.681700000000000000e+04
2.871900000000000000e+04 2.680800000000000000e+04
2.870400000000000000e+04 2.683800000000000000e+04
2.873700000000000000e+04 2.678300000000000000e+04
2.869800000000000000e+04 2.687700000000000000e+04
2.872600000000000000e+04 2.678400000000000000e+04
2.874400000000000000e+04 2.678200000000000000e+04
2.875500000000000000e+04 2.673500000000000000e+04
2.874800000000000000e+04 2.675100000000000000e+04
2.875600000000000000e+04 2.671500000000000000e+04
2.880400000000000000e+04 2.669600000000000000e+04
2.878100000000000000e+04 2.671300000000000000e+04
2.879200000000000000e+04 2.670900000000000000e+04
2.883600000000000000e+04 2.661900000000000000e+04
2.883400000000000000e+04 2.663200000000000000e+04
2.881600000000000000e+04 2.665600000000000000e+04
2.884300000000000000e+04 2.660800000000000000e+04
2.891700000000000000e+04 2.650700000000000000e+04
2.888800000000000000e+04 2.655800000000000000e+04
2.892500000000000000e+04 2.647000000000000000e+04
2.887800000000000000e+04 2.659800000000000000e+04
2.889200000000000000e+04 2.651800000000000000e+04
2.888900000000000000e+04 2.652500000000000000e+04
2.889300000000000000e+04 2.651600000000000000e+04
2.894200000000000000e+04 2.646100000000000000e+04
2.894700000000000000e+04 2.641700000000000000e+04
2.895400000000000000e+04 2.640500000000000000e+04
2.898300000000000000e+04 2.636200000000000000e+04
2.897900000000000000e+04 2.636600000000000000e+04
2.899800000000000000e+04 2.631700000000000000e+04
2.897000000000000000e+04 2.637600000000000000e+04
2.900100000000000000e+04 2.630700000000000000e+04
2.896800000000000000e+04 2.638200000000000000e+04
2.896200000000000000e+04 2.639500000000000000e+04
2.901600000000000000e+04 2.627400000000000000e+04
2.897500000000000000e+04 2.636900000000000000e+04
2.902900000000000000e+04 2.625600000000000000e+04
2.899400000000000000e+04 2.632000000000000000e+04
2.903500000000000000e+04 2.622700000000000000e+04
2.904400000000000000e+04 2.617600000000000000e+04
2.907900000000000000e+04 2.617300000000000000e+04
2.910000000000000000e+04 2.616100000000000000e+04
2.910300000000000000e+04 2.610500000000000000e+04
2.910600000000000000e+04 2.610000000000000000e+04
2.913700000000000000e+04 2.600800000000000000e+04
2.912700000000000000e+04 2.606800000000000000e+04
2.909400000000000000e+04 2.616500000000000000e+04
2.912100000000000000e+04 2.607000000000000000e+04
2.911800000000000000e+04 2.608500000000000000e+04
2.913300000000000000e+04 2.604300000000000000e+04
2.913600000000000000e+04 2.602000000000000000e+04
2.915600000000000000e+04 2.600400000000000000e+04
2.918200000000000000e+04 2.590000000000000000e+04
2.912200000000000000e+04 2.606900000000000000e+04
2.917400000000000000e+04 2.593200000000000000e+04
2.918500000000000000e+04 2.576500000000000000e+04
2.918300000000000000e+04 2.581700000000000000e+04
2.923300000000000000e+04 2.574200000000000000e+04
2.924800000000000000e+04 2.572300000000000000e+04
2.927400000000000000e+04 2.572200000000000000e+04
2.927500000000000000e+04 2.566600000000000000e+04
2.928600000000000000e+04 2.564700000000000000e+04
2.931000000000000000e+04 2.564100000000000000e+04
2.932400000000000000e+04 2.554100000000000000e+04
2.932100000000000000e+04 2.554700000000000000e+04
2.931800000000000000e+04 2.560200000000000000e+04
2.934600000000000000e+04 2.549600000000000000e+04
2.934000000000000000e+04 2.552900000000000000e+04
2.934100000000000000e+04 2.550500000000000000e+04
2.934800000000000000e+04 2.544600000000000000e+04
2.940600000000000000e+04 2.527900000000000000e+04
2.938600000000000000e+04 2.542600000000000000e+04
2.941800000000000000e+04 2.526700000000000000e+04
2.942300000000000000e+04 2.526600000000000000e+04
2.939100000000000000e+04 2.534900000000000000e+04
2.940400000000000000e+04 2.528300000000000000e+04
2.944500000000000000e+04 2.517500000000000000e+04
2.943900000000000000e+04 2.523100000000000000e+04
2.944400000000000000e+04 2.518200000000000000e+04
2.946200000000000000e+04 2.514600000000000000e+04
2.945400000000000000e+04 2.517200000000000000e+04
2.947000000000000000e+04 2.513700000000000000e+04
2.947300000000000000e+04 2.510000000000000000e+04
2.951100000000000000e+04 2.503400000000000000e+04
2.950300000000000000e+04 2.503700000000000000e+04
2.949800000000000000e+04 2.504800000000000000e+04
2.948800000000000000e+04 2.506000000000000000e+04
2.948300000000000000e+04 2.509600000000000000e+04
2.949000000000000000e+04 2.505000000000000000e+04
2.948900000000000000e+04 2.505100000000000000e+04
2.953300000000000000e+04 2.488500000000000000e+04
2.952600000000000000e+04 2.491900000000000000e+04
2.952100000000000000e+04 2.497700000000000000e+04
2.953700000000000000e+04 2.487200000000000000e+04
2.955800000000000000e+04 2.484500000000000000e+04
2.955400000000000000e+04 2.485300000000000000e+04
2.957500000000000000e+04 2.482300000000000000e+04
2.961600000000000000e+04 2.475500000000000000e+04
2.962600000000000000e+04 2.465300000000000000e+04
2.965900000000000000e+04 2.449300000000000000e+04
2.963300000000000000e+04 2.460100000000000000e+04
2.963600000000000000e+04 2.452500000000000000e+04
2.964600000000000000e+04 2.450300000000000000e+04
2.966300000000000000e+04 2.447300000000000000e+04
2.968400000000000000e+04 2.443800000000000000e+04
2.968600000000000000e+04 2.440600000000000000e+04
2.966500000000000000e+04 2.446400000000000000e+04
2.967600000000000000e+04 2.444300000000000000e+04
2.967400000000000000e+04 2.445400000000000000e+04
2.971400000000000000e+04 2.432600000000000000e+04
2.972700000000000000e+04 2.426700000000000000e+04
2.970400000000000000e+04 2.434900000000000000e+04
2.972200000000000000e+04 2.428200000000000000e+04
2.970300000000000000e+04 2.436300000000000000e+04
2.970800000000000000e+04 2.433900000000000000e+04
2.971100000000000000e+04 2.432700000000000000e+04
2.970200000000000000e+04 2.439400000000000000e+04
2.973000000000000000e+04 2.422600000000000000e+04
2.718600000000000000e+04 2.830000000000000000e+04
2.722100000000000000e+04 2.829800000000000000e+04
2.644900000000000000e+04 2.869800000000000000e+04
2.643000000000000000e+04 2.871700000000000000e+04
2.632500000000000000e+04 2.875100000000000000e+04
2.633400000000000000e+04 2.874500000000000000e+04
2.629300000000000000e+04 2.875600000000000000e+04
2.628000000000000000e+04 2.877400000000000000e+04
2.623600000000000000e+04 2.878200000000000000e+04
2.621700000000000000e+04 2.878700000000000000e+04
2.628900000000000000e+04 2.877200000000000000e+04
2.625500000000000000e+04 2.877700000000000000e+04
2.621400000000000000e+04 2.884400000000000000e+04
2.564000000000000000e+04 2.915200000000000000e+04
2.564100000000000000e+04 2.913300000000000000e+04
2.566400000000000000e+04 2.912500000000000000e+04
2.556500000000000000e+04 2.915600000000000000e+04
2.558300000000000000e+04 2.915400000000000000e+04
2.550200000000000000e+04 2.921400000000000000e+04
2.491000000000000000e+04 2.941200000000000000e+04
2.469500000000000000e+04 2.945200000000000000e+04
2.465300000000000000e+04 2.946000000000000000e+04
2.471300000000000000e+04 2.944800000000000000e+04
2.483500000000000000e+04 2.943600000000000000e+04
2.472900000000000000e+04 2.944600000000000000e+04
2.476900000000000000e+04 2.943900000000000000e+04
2.545800000000000000e+04 2.934700000000000000e+04
2.526200000000000000e+04 2.938100000000000000e+04
2.491400000000000000e+04 2.940300000000000000e+04
2.498300000000000000e+04 2.939800000000000000e+04
2.525300000000000000e+04 2.939400000000000000e+04
2.530400000000000000e+04 2.937900000000000000e+04
2.524200000000000000e+04 2.939500000000000000e+04
2.548900000000000000e+04 2.933300000000000000e+04
2.541300000000000000e+04 2.937800000000000000e+04
2.541500000000000000e+04 2.935100000000000000e+04
2.546800000000000000e+04 2.933400000000000000e+04
2.546300000000000000e+04 2.934400000000000000e+04
2.700700000000000000e+04 2.861900000000000000e+04
2.698700000000000000e+04 2.862300000000000000e+04
2.692900000000000000e+04 2.865300000000000000e+04
2.695400000000000000e+04 2.864500000000000000e+04
2.695200000000000000e+04 2.864900000000000000e+04
2.696500000000000000e+04 2.864200000000000000e+04
2.702900000000000000e+04 2.861200000000000000e+04
2.693300000000000000e+04 2.865000000000000000e+04
2.696900000000000000e+04 2.864000000000000000e+04
2.591300000000000000e+04 2.907400000000000000e+04
2.581900000000000000e+04 2.908200000000000000e+04
2.595800000000000000e+04 2.904900000000000000e+04
2.576100000000000000e+04 2.911500000000000000e+04
2.576900000000000000e+04 2.910700000000000000e+04
2.582600000000000000e+04 2.907700000000000000e+04
2.580900000000000000e+04 2.910200000000000000e+04
2.603800000000000000e+04 2.902000000000000000e+04
2.615300000000000000e+04 2.901200000000000000e+04
2.620300000000000000e+04 2.897500000000000000e+04
2.616400000000000000e+04 2.898600000000000000e+04
2.616700000000000000e+04 2.897800000000000000e+04
2.611500000000000000e+04 2.901800000000000000e+04
2.704700000000000000e+04 2.858100000000000000e+04
2.707200000000000000e+04 2.857000000000000000e+04
2.704300000000000000e+04 2.860500000000000000e+04
2.710000000000000000e+04 2.854600000000000000e+04
2.706300000000000000e+04 2.857300000000000000e+04
2.711100000000000000e+04 2.853500000000000000e+04
2.709300000000000000e+04 2.856400000000000000e+04
2.713000000000000000e+04 2.851600000000000000e+04
2.711300000000000000e+04 2.853100000000000000e+04
2.710900000000000000e+04 2.854300000000000000e+04
2.713700000000000000e+04 2.851200000000000000e+04
2.713100000000000000e+04 2.851300000000000000e+04
2.718400000000000000e+04 2.849500000000000000e+04
2.717200000000000000e+04 2.850500000000000000e+04
2.714500000000000000e+04 2.850600000000000000e+04
2.779500000000000000e+04 2.804000000000000000e+04
2.779900000000000000e+04 2.803700000000000000e+04
2.780400000000000000e+04 2.803500000000000000e+04
2.780700000000000000e+04 2.802700000000000000e+04
2.779600000000000000e+04 2.803800000000000000e+04
2.755600000000000000e+04 2.825200000000000000e+04
2.755900000000000000e+04 2.825000000000000000e+04
2.757600000000000000e+04 2.822900000000000000e+04
2.757200000000000000e+04 2.824300000000000000e+04
2.759400000000000000e+04 2.822100000000000000e+04
2.759300000000000000e+04 2.822200000000000000e+04
2.761200000000000000e+04 2.820100000000000000e+04
2.759500000000000000e+04 2.821800000000000000e+04
2.760800000000000000e+04 2.820400000000000000e+04
2.760300000000000000e+04 2.820900000000000000e+04
2.762900000000000000e+04 2.819400000000000000e+04
2.760000000000000000e+04 2.821700000000000000e+04
2.769300000000000000e+04 2.809800000000000000e+04
2.768600000000000000e+04 2.810600000000000000e+04
2.768700000000000000e+04 2.810500000000000000e+04
2.768200000000000000e+04 2.811100000000000000e+04
2.773300000000000000e+04 2.807700000000000000e+04
2.772400000000000000e+04 2.809000000000000000e+04
2.775400000000000000e+04 2.806500000000000000e+04
2.776500000000000000e+04 2.806000000000000000e+04
2.775200000000000000e+04 2.806900000000000000e+04
2.779400000000000000e+04 2.804800000000000000e+04
2.781800000000000000e+04 2.801500000000000000e+04
2.778800000000000000e+04 2.805400000000000000e+04
2.781500000000000000e+04 2.802100000000000000e+04
2.785200000000000000e+04 2.797800000000000000e+04
2.786100000000000000e+04 2.797300000000000000e+04
2.784900000000000000e+04 2.798100000000000000e+04
2.790000000000000000e+04 2.793700000000000000e+04
2.789100000000000000e+04 2.795300000000000000e+04
2.789700000000000000e+04 2.794500000000000000e+04
2.788600000000000000e+04 2.796500000000000000e+04
2.790800000000000000e+04 2.792400000000000000e+04
2.790700000000000000e+04 2.793500000000000000e+04
2.793100000000000000e+04 2.789900000000000000e+04
2.791800000000000000e+04 2.792300000000000000e+04
2.792100000000000000e+04 2.790300000000000000e+04
2.795100000000000000e+04 2.789200000000000000e+04
2.796300000000000000e+04 2.789000000000000000e+04
2.797600000000000000e+04 2.787000000000000000e+04
2.799300000000000000e+04 2.785000000000000000e+04
2.801100000000000000e+04 2.783900000000000000e+04
2.798700000000000000e+04 2.786500000000000000e+04
2.799100000000000000e+04 2.785400000000000000e+04
2.803200000000000000e+04 2.780700000000000000e+04
2.802300000000000000e+04 2.781700000000000000e+04
2.799900000000000000e+04 2.784600000000000000e+04
2.804700000000000000e+04 2.778000000000000000e+04
2.803800000000000000e+04 2.780300000000000000e+04
2.804600000000000000e+04 2.779800000000000000e+04
2.805200000000000000e+04 2.777800000000000000e+04
2.806700000000000000e+04 2.776900000000000000e+04
2.811600000000000000e+04 2.772400000000000000e+04
2.808300000000000000e+04 2.776100000000000000e+04
2.812700000000000000e+04 2.771300000000000000e+04
2.811800000000000000e+04 2.772100000000000000e+04
2.814300000000000000e+04 2.771100000000000000e+04
2.810200000000000000e+04 2.774100000000000000e+04
2.809000000000000000e+04 2.775300000000000000e+04
2.814400000000000000e+04 2.768800000000000000e+04
2.812300000000000000e+04 2.771400000000000000e+04
2.815900000000000000e+04 2.766100000000000000e+04
2.817600000000000000e+04 2.764700000000000000e+04
2.815500000000000000e+04 2.767300000000000000e+04
2.814500000000000000e+04 2.767700000000000000e+04
2.820800000000000000e+04 2.761900000000000000e+04
2.817400000000000000e+04 2.765800000000000000e+04
2.817500000000000000e+04 2.764900000000000000e+04
2.818400000000000000e+04 2.764500000000000000e+04
2.819200000000000000e+04 2.763100000000000000e+04
2.821000000000000000e+04 2.761500000000000000e+04
2.822700000000000000e+04 2.756500000000000000e+04
2.821500000000000000e+04 2.759100000000000000e+04
2.822300000000000000e+04 2.758700000000000000e+04
2.821300000000000000e+04 2.760500000000000000e+04
2.822600000000000000e+04 2.757400000000000000e+04
2.823600000000000000e+04 2.754900000000000000e+04
2.825300000000000000e+04 2.748300000000000000e+04
2.824600000000000000e+04 2.748600000000000000e+04
2.826700000000000000e+04 2.747100000000000000e+04
2.836700000000000000e+04 2.734900000000000000e+04
2.832700000000000000e+04 2.739400000000000000e+04
2.835300000000000000e+04 2.735200000000000000e+04
2.833500000000000000e+04 2.736800000000000000e+04
2.831700000000000000e+04 2.744700000000000000e+04
2.841700000000000000e+04 2.726600000000000000e+04
2.839800000000000000e+04 2.730700000000000000e+04
2.838000000000000000e+04 2.731300000000000000e+04
2.839000000000000000e+04 2.730900000000000000e+04
2.845900000000000000e+04 2.722800000000000000e+04
2.847500000000000000e+04 2.719800000000000000e+04
2.849100000000000000e+04 2.713800000000000000e+04
2.844200000000000000e+04 2.725700000000000000e+04
2.846300000000000000e+04 2.721800000000000000e+04
2.844400000000000000e+04 2.725500000000000000e+04
2.847600000000000000e+04 2.719000000000000000e+04
2.848600000000000000e+04 2.717300000000000000e+04
2.850000000000000000e+04 2.713500000000000000e+04
2.854200000000000000e+04 2.708600000000000000e+04
2.848800000000000000e+04 2.714700000000000000e+04
2.851200000000000000e+04 2.711000000000000000e+04
2.855300000000000000e+04 2.706300000000000000e+04
2.859900000000000000e+04 2.699400000000000000e+04
2.856500000000000000e+04 2.701800000000000000e+04
2.860500000000000000e+04 2.698800000000000000e+04
2.861800000000000000e+04 2.693300000000000000e+04
2.861300000000000000e+04 2.694200000000000000e+04
2.858300000000000000e+04 2.701400000000000000e+04
2.864300000000000000e+04 2.691600000000000000e+04
2.861600000000000000e+04 2.693900000000000000e+04
2.858700000000000000e+04 2.699700000000000000e+04
2.868700000000000000e+04 2.684200000000000000e+04
2.873200000000000000e+04 2.673600000000000000e+04
2.870400000000000000e+04 2.676000000000000000e+04
2.870000000000000000e+04 2.679900000000000000e+04
2.867500000000000000e+04 2.685800000000000000e+04
2.869000000000000000e+04 2.683300000000000000e+04
2.869800000000000000e+04 2.681100000000000000e+04
2.874900000000000000e+04 2.667000000000000000e+04
2.874200000000000000e+04 2.668000000000000000e+04
2.878100000000000000e+04 2.663600000000000000e+04
2.879400000000000000e+04 2.663100000000000000e+04
2.877200000000000000e+04 2.663700000000000000e+04
2.879100000000000000e+04 2.663500000000000000e+04
2.876700000000000000e+04 2.664800000000000000e+04
2.879700000000000000e+04 2.662300000000000000e+04
2.883700000000000000e+04 2.657500000000000000e+04
2.880500000000000000e+04 2.658500000000000000e+04
2.884100000000000000e+04 2.653300000000000000e+04
2.889000000000000000e+04 2.651800000000000000e+04
2.892000000000000000e+04 2.650200000000000000e+04
2.894500000000000000e+04 2.645700000000000000e+04
2.892900000000000000e+04 2.647800000000000000e+04
2.893900000000000000e+04 2.645800000000000000e+04
2.899500000000000000e+04 2.640800000000000000e+04
2.896800000000000000e+04 2.644500000000000000e+04
2.898800000000000000e+04 2.643400000000000000e+04
2.901300000000000000e+04 2.637400000000000000e+04
2.903600000000000000e+04 2.629800000000000000e+04
2.903000000000000000e+04 2.631300000000000000e+04
2.902400000000000000e+04 2.633700000000000000e+04
2.904400000000000000e+04 2.623500000000000000e+04
2.903900000000000000e+04 2.624700000000000000e+04
2.906500000000000000e+04 2.623100000000000000e+04
2.909600000000000000e+04 2.617100000000000000e+04
2.906800000000000000e+04 2.620900000000000000e+04
2.910000000000000000e+04 2.616900000000000000e+04
2.907300000000000000e+04 2.619700000000000000e+04
2.912200000000000000e+04 2.612900000000000000e+04
2.910300000000000000e+04 2.614700000000000000e+04
2.915700000000000000e+04 2.604300000000000000e+04
2.910900000000000000e+04 2.613800000000000000e+04
2.915100000000000000e+04 2.611900000000000000e+04
2.915300000000000000e+04 2.605500000000000000e+04
2.919200000000000000e+04 2.597400000000000000e+04
2.920500000000000000e+04 2.595000000000000000e+04
2.917300000000000000e+04 2.601800000000000000e+04
2.920400000000000000e+04 2.596900000000000000e+04
2.917800000000000000e+04 2.601000000000000000e+04
2.924300000000000000e+04 2.586300000000000000e+04
2.917400000000000000e+04 2.601400000000000000e+04
2.922800000000000000e+04 2.589900000000000000e+04
2.923200000000000000e+04 2.587100000000000000e+04
2.926400000000000000e+04 2.579100000000000000e+04
2.924700000000000000e+04 2.580700000000000000e+04
2.926700000000000000e+04 2.577900000000000000e+04
2.925200000000000000e+04 2.579800000000000000e+04
2.927400000000000000e+04 2.575800000000000000e+04
2.927700000000000000e+04 2.572100000000000000e+04
2.930100000000000000e+04 2.568800000000000000e+04
2.932000000000000000e+04 2.564900000000000000e+04
2.932900000000000000e+04 2.557900000000000000e+04
2.933100000000000000e+04 2.555300000000000000e+04
2.935700000000000000e+04 2.550600000000000000e+04
2.933500000000000000e+04 2.552000000000000000e+04
2.936900000000000000e+04 2.544200000000000000e+04
2.936200000000000000e+04 2.546400000000000000e+04
2.939600000000000000e+04 2.538600000000000000e+04
2.938800000000000000e+04 2.542000000000000000e+04
2.940800000000000000e+04 2.529300000000000000e+04
2.940400000000000000e+04 2.534500000000000000e+04
2.941000000000000000e+04 2.528500000000000000e+04
2.939700000000000000e+04 2.534700000000000000e+04
2.941600000000000000e+04 2.526800000000000000e+04
2.942200000000000000e+04 2.520800000000000000e+04
2.943300000000000000e+04 2.518700000000000000e+04
2.941700000000000000e+04 2.521700000000000000e+04
2.946600000000000000e+04 2.504400000000000000e+04
2.945100000000000000e+04 2.511500000000000000e+04
2.943400000000000000e+04 2.517300000000000000e+04
2.943700000000000000e+04 2.517100000000000000e+04
2.946300000000000000e+04 2.511200000000000000e+04
2.944700000000000000e+04 2.515700000000000000e+04
2.947400000000000000e+04 2.500000000000000000e+04
2.947500000000000000e+04 2.498100000000000000e+04
2.951300000000000000e+04 2.478400000000000000e+04
2.950600000000000000e+04 2.487800000000000000e+04
2.949000000000000000e+04 2.491900000000000000e+04
2.952500000000000000e+04 2.477900000000000000e+04
2.958300000000000000e+04 2.465600000000000000e+04
2.958500000000000000e+04 2.462400000000000000e+04
2.957900000000000000e+04 2.467200000000000000e+04
2.956400000000000000e+04 2.477100000000000000e+04
2.959200000000000000e+04 2.458800000000000000e+04
2.959100000000000000e+04 2.459800000000000000e+04
2.964700000000000000e+04 2.439300000000000000e+04
2.962400000000000000e+04 2.458500000000000000e+04
2.964400000000000000e+04 2.442500000000000000e+04
2.964200000000000000e+04 2.456200000000000000e+04
2.965100000000000000e+04 2.434500000000000000e+04
2.566100000000000000e+04 2.901000000000000000e+04
2.562200000000000000e+04 2.902500000000000000e+04
2.562300000000000000e+04 2.901800000000000000e+04
2.565200000000000000e+04 2.901400000000000000e+04
2.563400000000000000e+04 2.901600000000000000e+04
2.558600000000000000e+04 2.906200000000000000e+04
2.555800000000000000e+04 2.911500000000000000e+04
2.557300000000000000e+04 2.906600000000000000e+04
2.556900000000000000e+04 2.908200000000000000e+04
2.556700000000000000e+04 2.909700000000000000e+04
2.550600000000000000e+04 2.911600000000000000e+04
2.548000000000000000e+04 2.913800000000000000e+04
2.547600000000000000e+04 2.914900000000000000e+04
2.541100000000000000e+04 2.916800000000000000e+04
2.539900000000000000e+04 2.918700000000000000e+04
2.533000000000000000e+04 2.919900000000000000e+04
2.536600000000000000e+04 2.919200000000000000e+04
2.517400000000000000e+04 2.942800000000000000e+04
2.512900000000000000e+04 2.943800000000000000e+04
2.527700000000000000e+04 2.939500000000000000e+04
2.517700000000000000e+04 2.942700000000000000e+04
2.526600000000000000e+04 2.940200000000000000e+04
2.532100000000000000e+04 2.938200000000000000e+04
2.527800000000000000e+04 2.938700000000000000e+04
2.522200000000000000e+04 2.942500000000000000e+04
2.524600000000000000e+04 2.941000000000000000e+04
2.589500000000000000e+04 2.899300000000000000e+04
2.580500000000000000e+04 2.900900000000000000e+04
2.596700000000000000e+04 2.898300000000000000e+04
2.600900000000000000e+04 2.896200000000000000e+04
2.598800000000000000e+04 2.897700000000000000e+04
2.608800000000000000e+04 2.894500000000000000e+04
2.615300000000000000e+04 2.892400000000000000e+04
2.621300000000000000e+04 2.891800000000000000e+04
2.605700000000000000e+04 2.895900000000000000e+04
2.611200000000000000e+04 2.894100000000000000e+04
2.612400000000000000e+04 2.893500000000000000e+04
2.610300000000000000e+04 2.894400000000000000e+04
2.607700000000000000e+04 2.895100000000000000e+04
2.613800000000000000e+04 2.893000000000000000e+04
2.613100000000000000e+04 2.893200000000000000e+04
2.724600000000000000e+04 2.848400000000000000e+04
2.726100000000000000e+04 2.846800000000000000e+04
2.726000000000000000e+04 2.847500000000000000e+04
2.626100000000000000e+04 2.888600000000000000e+04
2.624100000000000000e+04 2.891200000000000000e+04
2.633500000000000000e+04 2.887600000000000000e+04
2.629300000000000000e+04 2.888200000000000000e+04
2.634800000000000000e+04 2.887200000000000000e+04
2.637500000000000000e+04 2.886600000000000000e+04
2.634900000000000000e+04 2.887000000000000000e+04
2.649600000000000000e+04 2.884500000000000000e+04
2.642300000000000000e+04 2.886400000000000000e+04
2.652800000000000000e+04 2.883100000000000000e+04
2.663400000000000000e+04 2.882800000000000000e+04
2.663700000000000000e+04 2.882700000000000000e+04
2.665300000000000000e+04 2.880600000000000000e+04
2.668000000000000000e+04 2.879200000000000000e+04
2.665200000000000000e+04 2.880900000000000000e+04
2.669100000000000000e+04 2.878500000000000000e+04
2.681800000000000000e+04 2.867400000000000000e+04
2.692000000000000000e+04 2.864700000000000000e+04
2.698700000000000000e+04 2.861900000000000000e+04
2.691600000000000000e+04 2.866400000000000000e+04
2.690100000000000000e+04 2.866700000000000000e+04
2.694500000000000000e+04 2.863300000000000000e+04
2.696400000000000000e+04 2.863000000000000000e+04
2.692800000000000000e+04 2.863500000000000000e+04
2.695200000000000000e+04 2.863200000000000000e+04
2.692600000000000000e+04 2.863700000000000000e+04
2.695300000000000000e+04 2.863100000000000000e+04
2.705600000000000000e+04 2.856100000000000000e+04
2.706400000000000000e+04 2.854900000000000000e+04
2.706000000000000000e+04 2.855100000000000000e+04
2.712000000000000000e+04 2.853800000000000000e+04
2.705000000000000000e+04 2.859200000000000000e+04
2.705900000000000000e+04 2.855700000000000000e+04
2.709200000000000000e+04 2.854800000000000000e+04
2.716000000000000000e+04 2.853500000000000000e+04
2.711400000000000000e+04 2.854700000000000000e+04
2.721400000000000000e+04 2.850500000000000000e+04
2.713800000000000000e+04 2.853700000000000000e+04
2.718000000000000000e+04 2.851900000000000000e+04
2.720800000000000000e+04 2.850800000000000000e+04
2.724200000000000000e+04 2.848500000000000000e+04
2.723300000000000000e+04 2.849400000000000000e+04
2.721800000000000000e+04 2.849700000000000000e+04
2.744200000000000000e+04 2.831500000000000000e+04
2.743400000000000000e+04 2.833400000000000000e+04
2.744400000000000000e+04 2.831300000000000000e+04
2.741500000000000000e+04 2.833800000000000000e+04
2.740500000000000000e+04 2.835300000000000000e+04
2.748000000000000000e+04 2.831000000000000000e+04
2.747400000000000000e+04 2.831200000000000000e+04
2.748900000000000000e+04 2.829700000000000000e+04
2.748700000000000000e+04 2.830500000000000000e+04
2.749600000000000000e+04 2.828800000000000000e+04
2.748800000000000000e+04 2.829800000000000000e+04
2.753500000000000000e+04 2.826900000000000000e+04
2.760900000000000000e+04 2.822600000000000000e+04
2.757400000000000000e+04 2.823900000000000000e+04
2.756000000000000000e+04 2.826700000000000000e+04
2.760700000000000000e+04 2.822900000000000000e+04
2.756500000000000000e+04 2.824000000000000000e+04
2.756200000000000000e+04 2.824700000000000000e+04
2.761400000000000000e+04 2.821500000000000000e+04
2.762300000000000000e+04 2.821100000000000000e+04
2.761600000000000000e+04 2.821400000000000000e+04
2.759300000000000000e+04 2.823700000000000000e+04
2.760100000000000000e+04 2.823400000000000000e+04
2.764800000000000000e+04 2.818300000000000000e+04
2.764600000000000000e+04 2.819700000000000000e+04
2.763500000000000000e+04 2.820800000000000000e+04
2.765600000000000000e+04 2.817700000000000000e+04
2.764700000000000000e+04 2.818600000000000000e+04
2.769800000000000000e+04 2.813500000000000000e+04
2.769100000000000000e+04 2.814200000000000000e+04
2.768800000000000000e+04 2.814900000000000000e+04
2.770600000000000000e+04 2.813300000000000000e+04
2.770700000000000000e+04 2.813100000000000000e+04
2.774100000000000000e+04 2.809200000000000000e+04
2.773900000000000000e+04 2.810400000000000000e+04
2.772400000000000000e+04 2.812200000000000000e+04
2.774800000000000000e+04 2.808500000000000000e+04
2.771700000000000000e+04 2.813000000000000000e+04
2.773100000000000000e+04 2.810800000000000000e+04
2.775500000000000000e+04 2.807800000000000000e+04
2.775100000000000000e+04 2.808000000000000000e+04
2.776300000000000000e+04 2.807700000000000000e+04
2.774600000000000000e+04 2.808800000000000000e+04
2.777900000000000000e+04 2.805800000000000000e+04
2.778100000000000000e+04 2.805300000000000000e+04
2.779100000000000000e+04 2.805000000000000000e+04
2.776900000000000000e+04 2.806900000000000000e+04
2.779400000000000000e+04 2.803200000000000000e+04
2.777500000000000000e+04 2.806000000000000000e+04
2.780100000000000000e+04 2.802900000000000000e+04
2.780400000000000000e+04 2.802800000000000000e+04
2.784500000000000000e+04 2.799200000000000000e+04
2.784900000000000000e+04 2.799000000000000000e+04
2.786600000000000000e+04 2.797800000000000000e+04
2.785800000000000000e+04 2.798400000000000000e+04
2.786700000000000000e+04 2.797400000000000000e+04
2.791200000000000000e+04 2.794000000000000000e+04
2.788600000000000000e+04 2.796700000000000000e+04
2.789200000000000000e+04 2.796200000000000000e+04
2.790100000000000000e+04 2.795400000000000000e+04
2.793100000000000000e+04 2.791000000000000000e+04
2.792500000000000000e+04 2.791900000000000000e+04
2.794600000000000000e+04 2.789600000000000000e+04
2.795300000000000000e+04 2.789200000000000000e+04
2.795100000000000000e+04 2.789300000000000000e+04
2.792100000000000000e+04 2.792500000000000000e+04
2.793600000000000000e+04 2.790900000000000000e+04
2.792900000000000000e+04 2.791400000000000000e+04
2.798400000000000000e+04 2.785200000000000000e+04
2.801100000000000000e+04 2.782800000000000000e+04
2.796400000000000000e+04 2.786400000000000000e+04
2.797700000000000000e+04 2.785400000000000000e+04
2.799000000000000000e+04 2.784600000000000000e+04
2.804000000000000000e+04 2.779600000000000000e+04
2.802200000000000000e+04 2.781700000000000000e+04
2.800200000000000000e+04 2.783100000000000000e+04
2.805900000000000000e+04 2.777900000000000000e+04
2.803300000000000000e+04 2.780200000000000000e+04
2.804100000000000000e+04 2.779200000000000000e+04
2.804700000000000000e+04 2.778800000000000000e+04
2.807800000000000000e+04 2.776600000000000000e+04
2.808400000000000000e+04 2.775900000000000000e+04
2.809900000000000000e+04 2.774000000000000000e+04
2.810800000000000000e+04 2.772500000000000000e+04
2.809400000000000000e+04 2.774100000000000000e+04
2.810100000000000000e+04 2.772600000000000000e+04
2.814000000000000000e+04 2.767800000000000000e+04
2.812200000000000000e+04 2.770800000000000000e+04
2.814200000000000000e+04 2.767400000000000000e+04
2.812700000000000000e+04 2.768900000000000000e+04
2.813200000000000000e+04 2.767900000000000000e+04
2.812300000000000000e+04 2.769100000000000000e+04
2.815800000000000000e+04 2.766300000000000000e+04
2.815300000000000000e+04 2.766800000000000000e+04
2.816000000000000000e+04 2.765500000000000000e+04
2.817100000000000000e+04 2.765400000000000000e+04
2.818100000000000000e+04 2.764700000000000000e+04
2.818600000000000000e+04 2.764400000000000000e+04
2.820100000000000000e+04 2.762300000000000000e+04
2.821500000000000000e+04 2.760200000000000000e+04
2.821800000000000000e+04 2.759800000000000000e+04
2.821400000000000000e+04 2.761000000000000000e+04
2.823200000000000000e+04 2.759100000000000000e+04
2.820300000000000000e+04 2.761300000000000000e+04
2.825500000000000000e+04 2.755500000000000000e+04
2.829200000000000000e+04 2.749400000000000000e+04
2.824800000000000000e+04 2.757600000000000000e+04
2.833700000000000000e+04 2.747300000000000000e+04
2.830200000000000000e+04 2.748900000000000000e+04
2.828400000000000000e+04 2.752400000000000000e+04
2.826800000000000000e+04 2.754500000000000000e+04
2.827400000000000000e+04 2.753800000000000000e+04
2.836000000000000000e+04 2.741000000000000000e+04
2.835600000000000000e+04 2.741600000000000000e+04
2.836800000000000000e+04 2.736700000000000000e+04
2.834300000000000000e+04 2.743800000000000000e+04
2.836600000000000000e+04 2.740000000000000000e+04
2.837000000000000000e+04 2.734500000000000000e+04
2.836700000000000000e+04 2.737600000000000000e+04
2.835200000000000000e+04 2.742000000000000000e+04
2.838600000000000000e+04 2.734400000000000000e+04
2.834700000000000000e+04 2.742300000000000000e+04
2.846600000000000000e+04 2.722600000000000000e+04
2.844900000000000000e+04 2.725000000000000000e+04
2.843800000000000000e+04 2.725600000000000000e+04
2.843200000000000000e+04 2.726000000000000000e+04
2.841000000000000000e+04 2.733100000000000000e+04
2.842400000000000000e+04 2.732200000000000000e+04
2.847300000000000000e+04 2.718500000000000000e+04
2.849400000000000000e+04 2.716700000000000000e+04
2.856100000000000000e+04 2.711900000000000000e+04
2.851300000000000000e+04 2.713300000000000000e+04
2.851000000000000000e+04 2.714700000000000000e+04
2.857700000000000000e+04 2.708600000000000000e+04
2.856600000000000000e+04 2.710000000000000000e+04
2.858700000000000000e+04 2.704000000000000000e+04
2.854600000000000000e+04 2.712400000000000000e+04
2.861300000000000000e+04 2.702100000000000000e+04
2.859400000000000000e+04 2.702400000000000000e+04
2.857500000000000000e+04 2.709100000000000000e+04
2.858600000000000000e+04 2.706300000000000000e+04
2.868700000000000000e+04 2.689500000000000000e+04
2.863600000000000000e+04 2.695200000000000000e+04
2.863500000000000000e+04 2.697900000000000000e+04
2.864400000000000000e+04 2.694400000000000000e+04
2.868200000000000000e+04 2.689700000000000000e+04
2.865900000000000000e+04 2.693600000000000000e+04
2.865700000000000000e+04 2.694100000000000000e+04
2.871400000000000000e+04 2.680600000000000000e+04
2.870700000000000000e+04 2.689300000000000000e+04
2.871100000000000000e+04 2.682400000000000000e+04
2.868100000000000000e+04 2.692600000000000000e+04
2.872500000000000000e+04 2.674600000000000000e+04
2.876500000000000000e+04 2.667900000000000000e+04
2.873500000000000000e+04 2.672200000000000000e+04
2.877200000000000000e+04 2.666100000000000000e+04
2.874100000000000000e+04 2.669700000000000000e+04
2.871900000000000000e+04 2.675200000000000000e+04
2.878600000000000000e+04 2.665500000000000000e+04
2.877000000000000000e+04 2.666300000000000000e+04
2.876400000000000000e+04 2.669500000000000000e+04
2.880400000000000000e+04 2.661700000000000000e+04
2.882200000000000000e+04 2.660500000000000000e+04
2.884600000000000000e+04 2.659200000000000000e+04
2.892800000000000000e+04 2.641900000000000000e+04
2.894500000000000000e+04 2.638800000000000000e+04
2.896400000000000000e+04 2.633900000000000000e+04
2.893600000000000000e+04 2.640500000000000000e+04
2.893400000000000000e+04 2.641800000000000000e+04
2.894900000000000000e+04 2.635700000000000000e+04
2.897600000000000000e+04 2.631800000000000000e+04
2.886400000000000000e+04 2.656300000000000000e+04
2.885500000000000000e+04 2.656500000000000000e+04
2.890000000000000000e+04 2.650600000000000000e+04
2.891600000000000000e+04 2.646300000000000000e+04
2.887400000000000000e+04 2.654700000000000000e+04
2.889200000000000000e+04 2.651800000000000000e+04
2.891000000000000000e+04 2.648800000000000000e+04
2.891700000000000000e+04 2.644800000000000000e+04
2.892400000000000000e+04 2.642800000000000000e+04
2.901600000000000000e+04 2.624400000000000000e+04
2.898700000000000000e+04 2.628600000000000000e+04
2.900800000000000000e+04 2.626200000000000000e+04
2.904600000000000000e+04 2.618500000000000000e+04
2.901900000000000000e+04 2.621400000000000000e+04
2.902100000000000000e+04 2.620100000000000000e+04
2.902900000000000000e+04 2.619100000000000000e+04
2.904900000000000000e+04 2.613300000000000000e+04
2.907700000000000000e+04 2.606900000000000000e+04
2.906400000000000000e+04 2.608700000000000000e+04
2.906700000000000000e+04 2.608100000000000000e+04
2.908200000000000000e+04 2.601500000000000000e+04
2.909800000000000000e+04 2.598300000000000000e+04
2.908800000000000000e+04 2.600700000000000000e+04
2.910600000000000000e+04 2.595300000000000000e+04
2.910700000000000000e+04 2.588900000000000000e+04
2.918700000000000000e+04 2.585000000000000000e+04
2.916700000000000000e+04 2.587900000000000000e+04
2.920400000000000000e+04 2.581600000000000000e+04
2.916800000000000000e+04 2.586900000000000000e+04
2.920700000000000000e+04 2.575600000000000000e+04
2.929000000000000000e+04 2.558100000000000000e+04
2.929500000000000000e+04 2.554700000000000000e+04
2.927800000000000000e+04 2.563600000000000000e+04
2.929100000000000000e+04 2.555200000000000000e+04
2.928100000000000000e+04 2.560700000000000000e+04
2.924400000000000000e+04 2.568300000000000000e+04
2.924100000000000000e+04 2.575500000000000000e+04
2.925700000000000000e+04 2.568000000000000000e+04
2.930000000000000000e+04 2.551100000000000000e+04
2.929700000000000000e+04 2.551800000000000000e+04
2.930800000000000000e+04 2.544300000000000000e+04
2.930600000000000000e+04 2.546100000000000000e+04
2.932800000000000000e+04 2.533100000000000000e+04
2.931900000000000000e+04 2.533200000000000000e+04
2.931200000000000000e+04 2.535100000000000000e+04
2.933600000000000000e+04 2.532500000000000000e+04
2.939700000000000000e+04 2.530400000000000000e+04
2.938800000000000000e+04 2.531400000000000000e+04
2.940500000000000000e+04 2.526900000000000000e+04
2.941800000000000000e+04 2.525700000000000000e+04
2.940000000000000000e+04 2.528300000000000000e+04
2.944100000000000000e+04 2.511300000000000000e+04
2.943700000000000000e+04 2.518100000000000000e+04
2.947000000000000000e+04 2.504100000000000000e+04
2.944800000000000000e+04 2.508700000000000000e+04
2.945700000000000000e+04 2.505400000000000000e+04
2.946800000000000000e+04 2.504900000000000000e+04
2.951600000000000000e+04 2.496600000000000000e+04
2.949000000000000000e+04 2.502200000000000000e+04
2.949500000000000000e+04 2.500300000000000000e+04
2.949800000000000000e+04 2.500000000000000000e+04
2.953600000000000000e+04 2.490600000000000000e+04
2.952000000000000000e+04 2.492000000000000000e+04
2.950200000000000000e+04 2.497100000000000000e+04
2.951700000000000000e+04 2.494600000000000000e+04
2.591400000000000000e+04 2.896900000000000000e+04
2.592000000000000000e+04 2.896700000000000000e+04
2.585900000000000000e+04 2.898400000000000000e+04
2.587300000000000000e+04 2.898300000000000000e+04
2.584400000000000000e+04 2.901500000000000000e+04
2.566100000000000000e+04 2.907300000000000000e+04
2.566800000000000000e+04 2.906300000000000000e+04
2.562100000000000000e+04 2.908800000000000000e+04
2.508700000000000000e+04 2.925100000000000000e+04
2.506000000000000000e+04 2.925600000000000000e+04
2.504300000000000000e+04 2.926800000000000000e+04
2.500700000000000000e+04 2.927100000000000000e+04
2.495800000000000000e+04 2.928400000000000000e+04
2.480600000000000000e+04 2.931000000000000000e+04
2.479600000000000000e+04 2.931200000000000000e+04
2.475700000000000000e+04 2.935200000000000000e+04
2.471000000000000000e+04 2.942200000000000000e+04
2.471200000000000000e+04 2.941300000000000000e+04
2.470300000000000000e+04 2.942800000000000000e+04
2.457400000000000000e+04 2.952700000000000000e+04
2.443800000000000000e+04 2.953800000000000000e+04
2.441600000000000000e+04 2.954100000000000000e+04
2.439500000000000000e+04 2.954200000000000000e+04
2.436300000000000000e+04 2.954900000000000000e+04
2.429800000000000000e+04 2.955800000000000000e+04
2.462500000000000000e+04 2.951400000000000000e+04
2.464700000000000000e+04 2.949100000000000000e+04
2.458800000000000000e+04 2.951700000000000000e+04
2.561100000000000000e+04 2.913500000000000000e+04
2.547300000000000000e+04 2.923700000000000000e+04
2.556300000000000000e+04 2.918300000000000000e+04
2.556600000000000000e+04 2.918000000000000000e+04
2.555900000000000000e+04 2.919900000000000000e+04
2.559200000000000000e+04 2.917900000000000000e+04
2.556000000000000000e+04 2.919200000000000000e+04
2.549100000000000000e+04 2.921900000000000000e+04
2.647300000000000000e+04 2.893100000000000000e+04
2.642800000000000000e+04 2.895000000000000000e+04
2.646100000000000000e+04 2.893200000000000000e+04
2.659800000000000000e+04 2.886100000000000000e+04
2.658600000000000000e+04 2.886700000000000000e+04
2.662500000000000000e+04 2.884100000000000000e+04
2.651800000000000000e+04 2.889000000000000000e+04
2.649300000000000000e+04 2.892000000000000000e+04
2.657500000000000000e+04 2.887800000000000000e+04
2.655300000000000000e+04 2.888700000000000000e+04
2.652000000000000000e+04 2.888900000000000000e+04
2.649900000000000000e+04 2.890500000000000000e+04
2.663300000000000000e+04 2.882600000000000000e+04
2.664500000000000000e+04 2.882200000000000000e+04
2.661400000000000000e+04 2.886000000000000000e+04
2.662700000000000000e+04 2.882700000000000000e+04
2.709400000000000000e+04 2.852200000000000000e+04
2.667000000000000000e+04 2.879100000000000000e+04
2.667700000000000000e+04 2.877900000000000000e+04
2.669600000000000000e+04 2.877400000000000000e+04
2.681000000000000000e+04 2.871800000000000000e+04
2.683500000000000000e+04 2.871700000000000000e+04
2.676600000000000000e+04 2.876800000000000000e+04
2.678000000000000000e+04 2.874000000000000000e+04
2.679100000000000000e+04 2.873100000000000000e+04
2.686800000000000000e+04 2.869000000000000000e+04
2.686200000000000000e+04 2.869500000000000000e+04
2.691200000000000000e+04 2.868700000000000000e+04
2.695000000000000000e+04 2.866400000000000000e+04
2.696200000000000000e+04 2.864600000000000000e+04
2.706700000000000000e+04 2.859400000000000000e+04
2.698400000000000000e+04 2.864300000000000000e+04
2.702900000000000000e+04 2.862200000000000000e+04
2.704300000000000000e+04 2.862100000000000000e+04
2.702400000000000000e+04 2.863600000000000000e+04
2.705000000000000000e+04 2.861200000000000000e+04
2.706200000000000000e+04 2.860000000000000000e+04
2.702700000000000000e+04 2.862400000000000000e+04
2.708100000000000000e+04 2.858000000000000000e+04
2.707500000000000000e+04 2.858900000000000000e+04
2.708700000000000000e+04 2.857500000000000000e+04
2.726200000000000000e+04 2.846500000000000000e+04
2.729200000000000000e+04 2.845400000000000000e+04
2.720800000000000000e+04 2.852100000000000000e+04
2.723900000000000000e+04 2.850000000000000000e+04
2.725000000000000000e+04 2.846900000000000000e+04
2.724600000000000000e+04 2.848500000000000000e+04
2.732600000000000000e+04 2.844700000000000000e+04
2.733000000000000000e+04 2.843700000000000000e+04
2.726900000000000000e+04 2.846400000000000000e+04
2.738600000000000000e+04 2.841700000000000000e+04
2.738700000000000000e+04 2.840700000000000000e+04
2.735900000000000000e+04 2.843400000000000000e+04
2.736300000000000000e+04 2.843200000000000000e+04
2.740600000000000000e+04 2.839900000000000000e+04
2.740700000000000000e+04 2.839200000000000000e+04
2.740500000000000000e+04 2.840000000000000000e+04
2.739800000000000000e+04 2.840500000000000000e+04
2.741400000000000000e+04 2.838700000000000000e+04
2.742400000000000000e+04 2.838600000000000000e+04
2.739900000000000000e+04 2.840100000000000000e+04
2.742700000000000000e+04 2.837500000000000000e+04
2.741100000000000000e+04 2.838900000000000000e+04
2.742600000000000000e+04 2.837900000000000000e+04
2.745500000000000000e+04 2.835800000000000000e+04
2.746500000000000000e+04 2.833800000000000000e+04
2.748600000000000000e+04 2.832400000000000000e+04
2.746000000000000000e+04 2.834600000000000000e+04
2.748000000000000000e+04 2.833400000000000000e+04
2.748400000000000000e+04 2.832900000000000000e+04
2.749400000000000000e+04 2.831900000000000000e+04
2.746400000000000000e+04 2.834100000000000000e+04
2.755200000000000000e+04 2.828400000000000000e+04
2.751500000000000000e+04 2.830400000000000000e+04
2.755000000000000000e+04 2.829100000000000000e+04
2.758100000000000000e+04 2.825400000000000000e+04
2.755100000000000000e+04 2.828600000000000000e+04
2.757900000000000000e+04 2.826200000000000000e+04
2.755500000000000000e+04 2.828300000000000000e+04
2.754700000000000000e+04 2.829800000000000000e+04
2.755800000000000000e+04 2.828200000000000000e+04
2.757200000000000000e+04 2.827400000000000000e+04
2.767700000000000000e+04 2.815300000000000000e+04
2.765500000000000000e+04 2.818200000000000000e+04
2.766300000000000000e+04 2.817000000000000000e+04
2.766800000000000000e+04 2.816000000000000000e+04
2.764000000000000000e+04 2.819200000000000000e+04
2.767300000000000000e+04 2.815800000000000000e+04
2.770400000000000000e+04 2.812500000000000000e+04
2.771700000000000000e+04 2.812200000000000000e+04
2.770100000000000000e+04 2.812800000000000000e+04
2.769900000000000000e+04 2.813300000000000000e+04
2.772300000000000000e+04 2.811500000000000000e+04
2.769800000000000000e+04 2.814900000000000000e+04
2.771800000000000000e+04 2.812100000000000000e+04
2.772000000000000000e+04 2.812000000000000000e+04
2.773300000000000000e+04 2.810800000000000000e+04
2.775600000000000000e+04 2.808700000000000000e+04
2.774300000000000000e+04 2.809900000000000000e+04
2.773000000000000000e+04 2.811200000000000000e+04
2.776200000000000000e+04 2.807700000000000000e+04
2.773600000000000000e+04 2.810500000000000000e+04
2.774800000000000000e+04 2.809300000000000000e+04
2.782500000000000000e+04 2.801300000000000000e+04
2.783200000000000000e+04 2.799700000000000000e+04
2.787500000000000000e+04 2.798100000000000000e+04
2.790800000000000000e+04 2.794100000000000000e+04
2.790300000000000000e+04 2.794200000000000000e+04
2.786200000000000000e+04 2.799400000000000000e+04
2.788500000000000000e+04 2.796700000000000000e+04
2.789200000000000000e+04 2.795300000000000000e+04
2.788000000000000000e+04 2.797500000000000000e+04
2.789000000000000000e+04 2.795800000000000000e+04
2.788700000000000000e+04 2.796000000000000000e+04
2.793600000000000000e+04 2.789800000000000000e+04
2.791800000000000000e+04 2.792600000000000000e+04
2.791400000000000000e+04 2.793400000000000000e+04
2.791600000000000000e+04 2.793000000000000000e+04
2.795700000000000000e+04 2.788700000000000000e+04
2.791000000000000000e+04 2.793700000000000000e+04
2.793500000000000000e+04 2.790000000000000000e+04
2.793800000000000000e+04 2.789600000000000000e+04
2.794300000000000000e+04 2.789200000000000000e+04
2.795600000000000000e+04 2.789100000000000000e+04
2.793200000000000000e+04 2.791900000000000000e+04
2.797900000000000000e+04 2.787200000000000000e+04
2.798200000000000000e+04 2.786900000000000000e+04
2.796600000000000000e+04 2.788200000000000000e+04
2.797200000000000000e+04 2.788000000000000000e+04
2.797300000000000000e+04 2.787600000000000000e+04
2.798900000000000000e+04 2.786100000000000000e+04
2.797800000000000000e+04 2.787400000000000000e+04
2.798500000000000000e+04 2.786800000000000000e+04
2.799000000000000000e+04 2.785200000000000000e+04
2.800200000000000000e+04 2.785000000000000000e+04
2.801600000000000000e+04 2.782800000000000000e+04
2.802100000000000000e+04 2.782700000000000000e+04
2.802700000000000000e+04 2.781900000000000000e+04
2.800600000000000000e+04 2.783900000000000000e+04
2.801100000000000000e+04 2.783500000000000000e+04
2.804000000000000000e+04 2.780800000000000000e+04
2.807800000000000000e+04 2.775600000000000000e+04
2.805500000000000000e+04 2.777700000000000000e+04
2.804800000000000000e+04 2.779100000000000000e+04
2.803600000000000000e+04 2.781200000000000000e+04
2.805000000000000000e+04 2.778300000000000000e+04
2.805900000000000000e+04 2.777500000000000000e+04
2.807600000000000000e+04 2.776900000000000000e+04
2.810300000000000000e+04 2.772100000000000000e+04
2.809300000000000000e+04 2.773200000000000000e+04
2.809100000000000000e+04 2.773500000000000000e+04
2.807200000000000000e+04 2.777000000000000000e+04
2.808900000000000000e+04 2.775400000000000000e+04
2.809700000000000000e+04 2.772900000000000000e+04
2.811000000000000000e+04 2.771400000000000000e+04
2.814400000000000000e+04 2.769800000000000000e+04
2.812800000000000000e+04 2.771000000000000000e+04
2.815100000000000000e+04 2.767500000000000000e+04
2.817600000000000000e+04 2.764600000000000000e+04
2.816400000000000000e+04 2.766700000000000000e+04
2.819400000000000000e+04 2.763500000000000000e+04
2.818700000000000000e+04 2.763700000000000000e+04
2.822900000000000000e+04 2.758800000000000000e+04
2.821000000000000000e+04 2.760400000000000000e+04
2.820800000000000000e+04 2.761100000000000000e+04
2.824100000000000000e+04 2.757600000000000000e+04
2.822400000000000000e+04 2.759100000000000000e+04
2.825300000000000000e+04 2.756200000000000000e+04
2.822000000000000000e+04 2.759200000000000000e+04
2.825400000000000000e+04 2.755600000000000000e+04
2.826100000000000000e+04 2.754600000000000000e+04
2.826400000000000000e+04 2.752900000000000000e+04
2.827400000000000000e+04 2.752400000000000000e+04
2.830700000000000000e+04 2.749800000000000000e+04
2.830100000000000000e+04 2.749900000000000000e+04
2.832800000000000000e+04 2.742800000000000000e+04
2.833800000000000000e+04 2.742400000000000000e+04
2.835400000000000000e+04 2.739500000000000000e+04
2.835100000000000000e+04 2.741400000000000000e+04
2.835900000000000000e+04 2.738300000000000000e+04
2.835800000000000000e+04 2.738500000000000000e+04
2.834500000000000000e+04 2.741900000000000000e+04
2.828000000000000000e+04 2.751700000000000000e+04
2.827300000000000000e+04 2.752500000000000000e+04
2.831900000000000000e+04 2.748600000000000000e+04
2.827700000000000000e+04 2.752000000000000000e+04
2.842600000000000000e+04 2.732800000000000000e+04
2.838200000000000000e+04 2.736300000000000000e+04
2.843500000000000000e+04 2.728100000000000000e+04
2.841800000000000000e+04 2.736000000000000000e+04
2.849800000000000000e+04 2.724600000000000000e+04
2.847600000000000000e+04 2.725600000000000000e+04
2.845900000000000000e+04 2.727800000000000000e+04
2.850400000000000000e+04 2.716900000000000000e+04
2.853400000000000000e+04 2.713200000000000000e+04
2.850700000000000000e+04 2.715600000000000000e+04
2.851100000000000000e+04 2.715000000000000000e+04
2.843400000000000000e+04 2.732300000000000000e+04
2.849900000000000000e+04 2.717100000000000000e+04
2.854000000000000000e+04 2.712300000000000000e+04
2.851900000000000000e+04 2.714200000000000000e+04
2.857900000000000000e+04 2.701700000000000000e+04
2.855300000000000000e+04 2.709800000000000000e+04
2.857100000000000000e+04 2.704900000000000000e+04
2.860900000000000000e+04 2.699100000000000000e+04
2.863500000000000000e+04 2.697700000000000000e+04
2.860600000000000000e+04 2.701200000000000000e+04
2.864800000000000000e+04 2.695300000000000000e+04
2.868600000000000000e+04 2.689000000000000000e+04
2.869000000000000000e+04 2.685400000000000000e+04
2.865000000000000000e+04 2.690600000000000000e+04
2.865200000000000000e+04 2.690400000000000000e+04
2.870800000000000000e+04 2.683200000000000000e+04
2.872100000000000000e+04 2.680900000000000000e+04
2.871800000000000000e+04 2.681200000000000000e+04
2.875900000000000000e+04 2.676900000000000000e+04
2.875700000000000000e+04 2.677100000000000000e+04
2.874100000000000000e+04 2.679700000000000000e+04
2.869400000000000000e+04 2.684300000000000000e+04
2.879800000000000000e+04 2.669500000000000000e+04
2.878400000000000000e+04 2.674100000000000000e+04
2.877200000000000000e+04 2.674700000000000000e+04
2.878900000000000000e+04 2.670700000000000000e+04
2.879100000000000000e+04 2.669900000000000000e+04
2.883200000000000000e+04 2.664900000000000000e+04
2.880800000000000000e+04 2.666600000000000000e+04
2.885400000000000000e+04 2.660700000000000000e+04
2.885000000000000000e+04 2.664000000000000000e+04
2.884300000000000000e+04 2.664700000000000000e+04
2.890100000000000000e+04 2.653100000000000000e+04
2.887600000000000000e+04 2.660000000000000000e+04
2.888000000000000000e+04 2.657500000000000000e+04
2.888500000000000000e+04 2.655000000000000000e+04
2.893800000000000000e+04 2.648300000000000000e+04
2.889400000000000000e+04 2.653700000000000000e+04
2.893300000000000000e+04 2.649900000000000000e+04
2.892200000000000000e+04 2.650100000000000000e+04
2.891900000000000000e+04 2.651400000000000000e+04
2.894700000000000000e+04 2.645300000000000000e+04
2.893900000000000000e+04 2.646000000000000000e+04
2.895000000000000000e+04 2.644600000000000000e+04
2.896500000000000000e+04 2.644100000000000000e+04
2.898300000000000000e+04 2.637700000000000000e+04
2.900300000000000000e+04 2.632500000000000000e+04
2.897400000000000000e+04 2.638500000000000000e+04
2.896800000000000000e+04 2.643000000000000000e+04
2.900000000000000000e+04 2.633900000000000000e+04
2.898600000000000000e+04 2.637500000000000000e+04
2.903000000000000000e+04 2.629400000000000000e+04
2.900500000000000000e+04 2.631000000000000000e+04
2.908100000000000000e+04 2.622900000000000000e+04
2.908300000000000000e+04 2.619100000000000000e+04
2.906100000000000000e+04 2.628400000000000000e+04
2.908200000000000000e+04 2.619900000000000000e+04
2.905700000000000000e+04 2.628600000000000000e+04
2.906600000000000000e+04 2.627700000000000000e+04
2.907600000000000000e+04 2.623300000000000000e+04
2.912700000000000000e+04 2.617000000000000000e+04
2.914600000000000000e+04 2.608800000000000000e+04
2.912800000000000000e+04 2.609500000000000000e+04
2.917300000000000000e+04 2.604600000000000000e+04
2.919100000000000000e+04 2.602800000000000000e+04
2.915700000000000000e+04 2.606200000000000000e+04
2.924100000000000000e+04 2.589200000000000000e+04
2.925500000000000000e+04 2.585900000000000000e+04
2.923900000000000000e+04 2.589300000000000000e+04
2.924900000000000000e+04 2.588800000000000000e+04
2.926600000000000000e+04 2.581200000000000000e+04
2.923800000000000000e+04 2.596100000000000000e+04
2.924700000000000000e+04 2.589000000000000000e+04
2.920300000000000000e+04 2.597800000000000000e+04
2.927000000000000000e+04 2.575900000000000000e+04
2.920200000000000000e+04 2.600200000000000000e+04
2.927300000000000000e+04 2.571500000000000000e+04
2.928100000000000000e+04 2.568100000000000000e+04
2.929900000000000000e+04 2.566700000000000000e+04
2.931000000000000000e+04 2.561800000000000000e+04
2.932800000000000000e+04 2.555700000000000000e+04
2.936500000000000000e+04 2.545900000000000000e+04
2.936800000000000000e+04 2.545500000000000000e+04
2.936300000000000000e+04 2.552900000000000000e+04
2.937100000000000000e+04 2.543800000000000000e+04
2.935400000000000000e+04 2.553400000000000000e+04
2.941100000000000000e+04 2.539500000000000000e+04
2.941300000000000000e+04 2.535000000000000000e+04
2.938400000000000000e+04 2.540900000000000000e+04
2.937500000000000000e+04 2.543200000000000000e+04
2.943500000000000000e+04 2.534400000000000000e+04
2.940800000000000000e+04 2.540300000000000000e+04
2.945200000000000000e+04 2.514100000000000000e+04
2.944400000000000000e+04 2.523400000000000000e+04
2.944900000000000000e+04 2.519600000000000000e+04
2.949500000000000000e+04 2.509300000000000000e+04
2.948400000000000000e+04 2.513400000000000000e+04
2.949700000000000000e+04 2.504900000000000000e+04
2.950300000000000000e+04 2.497700000000000000e+04
2.950000000000000000e+04 2.501400000000000000e+04
2.950700000000000000e+04 2.493600000000000000e+04
2.951500000000000000e+04 2.488600000000000000e+04
2.952900000000000000e+04 2.486100000000000000e+04
2.951100000000000000e+04 2.492200000000000000e+04
2.951600000000000000e+04 2.486300000000000000e+04
2.953200000000000000e+04 2.485400000000000000e+04
2.953300000000000000e+04 2.482800000000000000e+04
2.958300000000000000e+04 2.475900000000000000e+04
2.959500000000000000e+04 2.461800000000000000e+04
2.957600000000000000e+04 2.480200000000000000e+04
2.959200000000000000e+04 2.463800000000000000e+04
2.960100000000000000e+04 2.459800000000000000e+04
2.958900000000000000e+04 2.474200000000000000e+04
2.963800000000000000e+04 2.450700000000000000e+04
2.961900000000000000e+04 2.453800000000000000e+04
2.962500000000000000e+04 2.452700000000000000e+04
2.961800000000000000e+04 2.454800000000000000e+04
2.964300000000000000e+04 2.442100000000000000e+04
2.965800000000000000e+04 2.441800000000000000e+04
2.966100000000000000e+04 2.433900000000000000e+04
2.964000000000000000e+04 2.445400000000000000e+04
2.966700000000000000e+04 2.430000000000000000e+04
2.966500000000000000e+04 2.431600000000000000e+04
2.967700000000000000e+04 2.422600000000000000e+04
2.966300000000000000e+04 2.433600000000000000e+04
2.965900000000000000e+04 2.434100000000000000e+04
2.967000000000000000e+04 2.423000000000000000e+04
