1.590700000000000000e+04 2.045500000000000000e+04
1.596900000000000000e+04 2.044800000000000000e+04
1.617900000000000000e+04 2.044400000000000000e+04
1.630700000000000000e+04 2.043600000000000000e+04
1.634700000000000000e+04 2.042900000000000000e+04
1.638800000000000000e+04 2.042800000000000000e+04
1.640600000000000000e+04 2.041700000000000000e+04
1.642700000000000000e+04 2.041700000000000000e+04
1.644600000000000000e+04 2.041300000000000000e+04
1.646800000000000000e+04 2.040800000000000000e+04
1.647600000000000000e+04 2.040500000000000000e+04
1.649000000000000000e+04 2.040500000000000000e+04
1.649800000000000000e+04 2.039900000000000000e+04
1.652200000000000000e+04 2.039700000000000000e+04
1.653500000000000000e+04 2.039400000000000000e+04
1.654500000000000000e+04 2.039200000000000000e+04
1.655800000000000000e+04 2.039000000000000000e+04
1.657200000000000000e+04 2.038800000000000000e+04
1.658800000000000000e+04 2.038400000000000000e+04
1.659300000000000000e+04 2.037900000000000000e+04
1.663300000000000000e+04 2.037700000000000000e+04
1.666500000000000000e+04 2.037500000000000000e+04
1.668200000000000000e+04 2.037300000000000000e+04
1.671000000000000000e+04 2.036100000000000000e+04
1.672000000000000000e+04 2.035600000000000000e+04
1.672000000000000000e+04 2.036000000000000000e+04
1.678100000000000000e+04 2.035200000000000000e+04
1.679600000000000000e+04 2.034300000000000000e+04
1.682600000000000000e+04 2.034200000000000000e+04
1.683700000000000000e+04 2.033200000000000000e+04
1.688300000000000000e+04 2.033100000000000000e+04
1.688800000000000000e+04 2.032400000000000000e+04
1.690500000000000000e+04 2.031400000000000000e+04
1.691300000000000000e+04 2.031300000000000000e+04
1.693300000000000000e+04 2.031100000000000000e+04
1.694200000000000000e+04 2.030700000000000000e+04
1.694600000000000000e+04 2.030200000000000000e+04
1.695100000000000000e+04 2.030000000000000000e+04
1.697200000000000000e+04 2.029900000000000000e+04
1.697400000000000000e+04 2.029200000000000000e+04
1.699200000000000000e+04 2.029100000000000000e+04
1.700200000000000000e+04 2.029000000000000000e+04
1.700500000000000000e+04 2.028200000000000000e+04
1.701900000000000000e+04 2.028100000000000000e+04
1.702000000000000000e+04 2.027700000000000000e+04
1.703000000000000000e+04 2.027300000000000000e+04
1.703200000000000000e+04 2.026800000000000000e+04
1.703500000000000000e+04 2.026600000000000000e+04
1.704100000000000000e+04 2.026600000000000000e+04
1.704400000000000000e+04 2.025900000000000000e+04
1.707000000000000000e+04 2.025900000000000000e+04
1.708700000000000000e+04 2.025600000000000000e+04
1.709000000000000000e+04 2.025200000000000000e+04
1.709900000000000000e+04 2.024900000000000000e+04
1.712600000000000000e+04 2.024500000000000000e+04
1.714000000000000000e+04 2.024200000000000000e+04
1.715700000000000000e+04 2.024000000000000000e+04
1.718500000000000000e+04 2.023200000000000000e+04
1.718800000000000000e+04 2.022700000000000000e+04
1.720200000000000000e+04 2.021700000000000000e+04
1.720200000000000000e+04 2.022500000000000000e+04
1.720700000000000000e+04 2.021500000000000000e+04
1.720900000000000000e+04 2.021300000000000000e+04
1.721900000000000000e+04 2.021000000000000000e+04
1.722200000000000000e+04 2.020800000000000000e+04
1.723800000000000000e+04 2.020600000000000000e+04
1.727200000000000000e+04 2.020000000000000000e+04
1.729900000000000000e+04 2.019500000000000000e+04
1.730300000000000000e+04 2.018800000000000000e+04
1.730300000000000000e+04 2.019100000000000000e+04
1.731700000000000000e+04 2.018000000000000000e+04
1.733700000000000000e+04 2.017900000000000000e+04
1.734100000000000000e+04 2.017000000000000000e+04
1.734900000000000000e+04 2.016900000000000000e+04
1.737100000000000000e+04 2.016100000000000000e+04
1.738000000000000000e+04 2.015500000000000000e+04
1.739800000000000000e+04 2.014800000000000000e+04
1.740100000000000000e+04 2.013900000000000000e+04
1.740300000000000000e+04 2.013900000000000000e+04
1.747300000000000000e+04 2.013600000000000000e+04
1.748900000000000000e+04 2.012100000000000000e+04
1.749100000000000000e+04 2.011100000000000000e+04
1.749400000000000000e+04 2.010900000000000000e+04
1.749400000000000000e+04 2.011100000000000000e+04
1.749800000000000000e+04 2.010900000000000000e+04
1.750400000000000000e+04 2.010500000000000000e+04
1.751900000000000000e+04 2.010400000000000000e+04
1.752800000000000000e+04 2.009300000000000000e+04
1.752800000000000000e+04 2.009900000000000000e+04
1.753700000000000000e+04 2.009200000000000000e+04
1.754700000000000000e+04 2.009200000000000000e+04
1.756600000000000000e+04 2.008000000000000000e+04
1.756600000000000000e+04 2.008400000000000000e+04
1.757200000000000000e+04 2.008000000000000000e+04
1.758400000000000000e+04 2.008000000000000000e+04
1.761200000000000000e+04 2.007600000000000000e+04
1.761400000000000000e+04 2.006000000000000000e+04
1.762400000000000000e+04 2.005900000000000000e+04
1.762600000000000000e+04 2.005500000000000000e+04
1.763100000000000000e+04 2.005400000000000000e+04
1.763500000000000000e+04 2.005100000000000000e+04
1.766300000000000000e+04 2.005100000000000000e+04
1.766800000000000000e+04 2.004700000000000000e+04
1.767100000000000000e+04 2.004300000000000000e+04
1.767300000000000000e+04 2.003800000000000000e+04
1.768600000000000000e+04 2.003100000000000000e+04
1.769200000000000000e+04 2.003100000000000000e+04
1.770000000000000000e+04 2.002900000000000000e+04
1.771800000000000000e+04 2.002300000000000000e+04
1.771900000000000000e+04 2.001500000000000000e+04
1.772300000000000000e+04 2.001000000000000000e+04
1.773600000000000000e+04 2.000400000000000000e+04
1.777300000000000000e+04 1.999400000000000000e+04
1.777900000000000000e+04 1.998700000000000000e+04
1.778500000000000000e+04 1.998700000000000000e+04
1.779100000000000000e+04 1.998300000000000000e+04
1.779500000000000000e+04 1.998200000000000000e+04
1.779700000000000000e+04 1.998100000000000000e+04
1.779900000000000000e+04 1.997900000000000000e+04
1.780400000000000000e+04 1.997600000000000000e+04
1.780800000000000000e+04 1.997300000000000000e+04
1.781300000000000000e+04 1.997000000000000000e+04
1.782900000000000000e+04 1.996900000000000000e+04
1.784200000000000000e+04 1.996700000000000000e+04
1.785100000000000000e+04 1.996000000000000000e+04
1.786200000000000000e+04 1.995100000000000000e+04
1.786300000000000000e+04 1.993800000000000000e+04
1.786800000000000000e+04 1.993500000000000000e+04
1.787000000000000000e+04 1.993500000000000000e+04
1.788000000000000000e+04 1.993500000000000000e+04
1.788600000000000000e+04 1.993400000000000000e+04
1.790300000000000000e+04 1.992900000000000000e+04
1.793200000000000000e+04 1.992800000000000000e+04
1.794900000000000000e+04 1.991000000000000000e+04
1.796200000000000000e+04 1.990900000000000000e+04
1.797700000000000000e+04 1.990200000000000000e+04
1.800200000000000000e+04 1.988600000000000000e+04
1.800800000000000000e+04 1.987900000000000000e+04
1.802000000000000000e+04 1.987300000000000000e+04
1.802900000000000000e+04 1.986800000000000000e+04
1.803200000000000000e+04 1.986000000000000000e+04
1.803900000000000000e+04 1.985200000000000000e+04
1.804500000000000000e+04 1.984500000000000000e+04
1.804700000000000000e+04 1.984500000000000000e+04
1.806900000000000000e+04 1.983000000000000000e+04
1.808800000000000000e+04 1.982700000000000000e+04
1.809900000000000000e+04 1.981800000000000000e+04
1.810300000000000000e+04 1.980600000000000000e+04
1.810700000000000000e+04 1.980500000000000000e+04
1.810800000000000000e+04 1.980000000000000000e+04
1.811800000000000000e+04 1.980000000000000000e+04
1.812100000000000000e+04 1.979900000000000000e+04
1.812300000000000000e+04 1.979800000000000000e+04
1.812700000000000000e+04 1.979600000000000000e+04
1.813600000000000000e+04 1.979200000000000000e+04
1.813900000000000000e+04 1.978400000000000000e+04
1.814000000000000000e+04 1.978300000000000000e+04
1.814500000000000000e+04 1.977800000000000000e+04
1.814900000000000000e+04 1.977700000000000000e+04
1.815700000000000000e+04 1.977500000000000000e+04
1.816200000000000000e+04 1.976800000000000000e+04
1.816800000000000000e+04 1.976400000000000000e+04
1.816900000000000000e+04 1.976100000000000000e+04
1.817000000000000000e+04 1.975900000000000000e+04
1.817200000000000000e+04 1.975800000000000000e+04
1.818100000000000000e+04 1.975400000000000000e+04
1.818100000000000000e+04 1.975500000000000000e+04
1.819400000000000000e+04 1.975400000000000000e+04
1.819500000000000000e+04 1.975200000000000000e+04
1.819800000000000000e+04 1.975200000000000000e+04
1.820000000000000000e+04 1.975100000000000000e+04
1.822300000000000000e+04 1.974200000000000000e+04
1.822600000000000000e+04 1.973300000000000000e+04
1.823000000000000000e+04 1.972400000000000000e+04
1.823800000000000000e+04 1.972300000000000000e+04
1.825700000000000000e+04 1.972200000000000000e+04
1.826400000000000000e+04 1.971000000000000000e+04
1.827300000000000000e+04 1.970700000000000000e+04
1.828200000000000000e+04 1.970300000000000000e+04
1.828600000000000000e+04 1.969800000000000000e+04
1.828900000000000000e+04 1.969200000000000000e+04
1.829600000000000000e+04 1.969100000000000000e+04
1.829900000000000000e+04 1.968800000000000000e+04
1.830300000000000000e+04 1.968200000000000000e+04
1.830700000000000000e+04 1.968200000000000000e+04
1.831300000000000000e+04 1.967500000000000000e+04
1.832400000000000000e+04 1.967400000000000000e+04
1.832600000000000000e+04 1.967300000000000000e+04
1.833100000000000000e+04 1.966900000000000000e+04
1.834700000000000000e+04 1.965800000000000000e+04
1.835500000000000000e+04 1.965000000000000000e+04
1.836300000000000000e+04 1.964400000000000000e+04
1.836900000000000000e+04 1.963800000000000000e+04
1.837600000000000000e+04 1.963000000000000000e+04
1.837800000000000000e+04 1.961900000000000000e+04
1.838400000000000000e+04 1.961700000000000000e+04
1.839300000000000000e+04 1.961500000000000000e+04
1.839400000000000000e+04 1.960400000000000000e+04
1.839400000000000000e+04 1.960500000000000000e+04
1.840000000000000000e+04 1.960100000000000000e+04
1.840700000000000000e+04 1.959900000000000000e+04
1.840900000000000000e+04 1.958800000000000000e+04
1.840900000000000000e+04 1.959100000000000000e+04
1.841000000000000000e+04 1.958700000000000000e+04
1.841200000000000000e+04 1.958600000000000000e+04
1.841700000000000000e+04 1.958400000000000000e+04
1.842500000000000000e+04 1.958200000000000000e+04
1.842600000000000000e+04 1.957900000000000000e+04
1.842900000000000000e+04 1.957700000000000000e+04
1.842900000000000000e+04 1.957800000000000000e+04
1.843000000000000000e+04 1.957300000000000000e+04
1.843200000000000000e+04 1.957200000000000000e+04
1.846500000000000000e+04 1.956700000000000000e+04
1.847600000000000000e+04 1.954900000000000000e+04
1.847700000000000000e+04 1.954100000000000000e+04
1.849300000000000000e+04 1.953900000000000000e+04
1.849700000000000000e+04 1.953500000000000000e+04
1.849900000000000000e+04 1.953400000000000000e+04
1.850500000000000000e+04 1.953300000000000000e+04
1.851100000000000000e+04 1.952200000000000000e+04
1.852700000000000000e+04 1.952100000000000000e+04
1.854000000000000000e+04 1.951100000000000000e+04
1.854500000000000000e+04 1.950400000000000000e+04
1.855300000000000000e+04 1.950400000000000000e+04
1.857700000000000000e+04 1.948000000000000000e+04
1.859000000000000000e+04 1.946500000000000000e+04
1.860600000000000000e+04 1.945900000000000000e+04
1.861200000000000000e+04 1.944200000000000000e+04
1.862000000000000000e+04 1.944000000000000000e+04
1.862800000000000000e+04 1.942200000000000000e+04
1.864100000000000000e+04 1.942100000000000000e+04
1.866200000000000000e+04 1.941900000000000000e+04
1.867700000000000000e+04 1.939700000000000000e+04
1.869600000000000000e+04 1.938200000000000000e+04
1.870100000000000000e+04 1.936800000000000000e+04
1.871600000000000000e+04 1.936400000000000000e+04
1.872800000000000000e+04 1.935300000000000000e+04
1.874200000000000000e+04 1.934200000000000000e+04
1.875400000000000000e+04 1.933400000000000000e+04
1.875700000000000000e+04 1.932900000000000000e+04
1.877200000000000000e+04 1.932900000000000000e+04
1.878000000000000000e+04 1.931800000000000000e+04
1.878200000000000000e+04 1.930800000000000000e+04
1.878800000000000000e+04 1.930600000000000000e+04
1.879600000000000000e+04 1.930100000000000000e+04
1.880000000000000000e+04 1.929000000000000000e+04
1.880700000000000000e+04 1.928100000000000000e+04
1.880800000000000000e+04 1.927900000000000000e+04
1.880900000000000000e+04 1.927100000000000000e+04
1.881400000000000000e+04 1.926600000000000000e+04
1.882900000000000000e+04 1.926500000000000000e+04
1.883600000000000000e+04 1.923600000000000000e+04
1.883900000000000000e+04 1.923100000000000000e+04
1.884600000000000000e+04 1.923000000000000000e+04
1.884800000000000000e+04 1.923000000000000000e+04
1.886000000000000000e+04 1.922800000000000000e+04
1.886100000000000000e+04 1.921700000000000000e+04
1.886100000000000000e+04 1.922000000000000000e+04
1.887000000000000000e+04 1.921200000000000000e+04
1.888100000000000000e+04 1.920900000000000000e+04
1.888300000000000000e+04 1.920100000000000000e+04
1.888900000000000000e+04 1.919400000000000000e+04
1.888900000000000000e+04 1.920000000000000000e+04
1.889500000000000000e+04 1.918500000000000000e+04
1.889900000000000000e+04 1.918300000000000000e+04
1.891800000000000000e+04 1.918300000000000000e+04
1.892000000000000000e+04 1.917100000000000000e+04
1.894000000000000000e+04 1.916800000000000000e+04
1.894400000000000000e+04 1.914900000000000000e+04
1.894500000000000000e+04 1.914200000000000000e+04
1.895200000000000000e+04 1.913200000000000000e+04
1.896500000000000000e+04 1.913100000000000000e+04
1.896600000000000000e+04 1.912800000000000000e+04
1.897900000000000000e+04 1.912200000000000000e+04
1.899200000000000000e+04 1.909700000000000000e+04
1.899600000000000000e+04 1.908500000000000000e+04
1.899800000000000000e+04 1.907000000000000000e+04
1.899800000000000000e+04 1.907900000000000000e+04
1.901100000000000000e+04 1.907000000000000000e+04
1.902200000000000000e+04 1.906700000000000000e+04
1.903400000000000000e+04 1.904800000000000000e+04
1.904200000000000000e+04 1.903400000000000000e+04
1.904400000000000000e+04 1.902700000000000000e+04
1.905600000000000000e+04 1.902600000000000000e+04
1.905700000000000000e+04 1.900300000000000000e+04
1.906900000000000000e+04 1.900300000000000000e+04
1.907300000000000000e+04 1.899500000000000000e+04
1.907600000000000000e+04 1.899300000000000000e+04
1.908100000000000000e+04 1.898000000000000000e+04
1.908400000000000000e+04 1.897900000000000000e+04
1.909100000000000000e+04 1.897800000000000000e+04
1.909500000000000000e+04 1.895900000000000000e+04
1.910000000000000000e+04 1.895400000000000000e+04
1.910100000000000000e+04 1.894700000000000000e+04
1.910500000000000000e+04 1.894700000000000000e+04
1.910900000000000000e+04 1.893700000000000000e+04
1.910900000000000000e+04 1.894600000000000000e+04
1.910900000000000000e+04 1.894700000000000000e+04
1.911300000000000000e+04 1.893300000000000000e+04
1.911500000000000000e+04 1.893300000000000000e+04
1.911700000000000000e+04 1.893000000000000000e+04
1.912100000000000000e+04 1.892900000000000000e+04
1.913500000000000000e+04 1.890900000000000000e+04
1.913500000000000000e+04 1.891700000000000000e+04
1.914300000000000000e+04 1.890700000000000000e+04
1.914600000000000000e+04 1.890700000000000000e+04
1.915300000000000000e+04 1.889000000000000000e+04
1.916300000000000000e+04 1.888200000000000000e+04
1.916500000000000000e+04 1.887900000000000000e+04
1.917800000000000000e+04 1.887300000000000000e+04
1.918500000000000000e+04 1.886200000000000000e+04
1.920300000000000000e+04 1.885000000000000000e+04
1.921900000000000000e+04 1.883600000000000000e+04
1.922500000000000000e+04 1.881300000000000000e+04
1.922600000000000000e+04 1.879700000000000000e+04
1.922600000000000000e+04 1.879800000000000000e+04
1.923500000000000000e+04 1.879400000000000000e+04
1.923900000000000000e+04 1.878200000000000000e+04
1.924100000000000000e+04 1.878000000000000000e+04
1.925400000000000000e+04 1.877600000000000000e+04
1.926000000000000000e+04 1.876800000000000000e+04
1.927400000000000000e+04 1.875000000000000000e+04
1.927500000000000000e+04 1.874400000000000000e+04
1.927600000000000000e+04 1.872900000000000000e+04
1.928100000000000000e+04 1.872600000000000000e+04
1.928600000000000000e+04 1.872500000000000000e+04
1.928800000000000000e+04 1.871900000000000000e+04
1.928800000000000000e+04 1.872200000000000000e+04
1.929000000000000000e+04 1.871900000000000000e+04
1.929300000000000000e+04 1.871600000000000000e+04
1.929500000000000000e+04 1.870700000000000000e+04
1.929900000000000000e+04 1.869700000000000000e+04
1.930400000000000000e+04 1.869600000000000000e+04
1.931500000000000000e+04 1.868700000000000000e+04
1.931600000000000000e+04 1.868200000000000000e+04
1.931800000000000000e+04 1.868100000000000000e+04
1.931900000000000000e+04 1.866200000000000000e+04
1.932100000000000000e+04 1.865700000000000000e+04
1.933700000000000000e+04 1.865100000000000000e+04
1.933800000000000000e+04 1.865000000000000000e+04
1.934800000000000000e+04 1.862300000000000000e+04
1.934800000000000000e+04 1.863700000000000000e+04
1.935100000000000000e+04 1.861700000000000000e+04
1.935700000000000000e+04 1.861700000000000000e+04
1.936300000000000000e+04 1.859500000000000000e+04
1.936900000000000000e+04 1.859100000000000000e+04
1.938000000000000000e+04 1.857700000000000000e+04
1.938000000000000000e+04 1.858100000000000000e+04
1.938000000000000000e+04 1.859000000000000000e+04
1.939500000000000000e+04 1.857300000000000000e+04
1.940300000000000000e+04 1.856800000000000000e+04
1.940400000000000000e+04 1.856300000000000000e+04
1.940500000000000000e+04 1.854900000000000000e+04
1.940500000000000000e+04 1.855400000000000000e+04
1.943300000000000000e+04 1.854800000000000000e+04
1.946200000000000000e+04 1.851000000000000000e+04
1.946900000000000000e+04 1.847300000000000000e+04
1.947100000000000000e+04 1.847200000000000000e+04
1.948300000000000000e+04 1.845700000000000000e+04
1.948700000000000000e+04 1.844100000000000000e+04
1.949700000000000000e+04 1.842300000000000000e+04
1.950300000000000000e+04 1.840600000000000000e+04
1.950600000000000000e+04 1.840500000000000000e+04
1.951300000000000000e+04 1.837500000000000000e+04
1.951600000000000000e+04 1.837500000000000000e+04
1.952100000000000000e+04 1.835200000000000000e+04
1.952700000000000000e+04 1.834700000000000000e+04
1.952900000000000000e+04 1.833900000000000000e+04
1.953200000000000000e+04 1.833400000000000000e+04
1.953600000000000000e+04 1.833300000000000000e+04
1.953800000000000000e+04 1.832100000000000000e+04
1.954400000000000000e+04 1.831800000000000000e+04
1.954800000000000000e+04 1.830200000000000000e+04
1.954800000000000000e+04 1.830300000000000000e+04
1.955000000000000000e+04 1.829900000000000000e+04
1.955200000000000000e+04 1.829500000000000000e+04
1.955400000000000000e+04 1.829300000000000000e+04
1.955700000000000000e+04 1.829100000000000000e+04
1.956100000000000000e+04 1.829000000000000000e+04
1.956200000000000000e+04 1.828400000000000000e+04
1.956700000000000000e+04 1.828300000000000000e+04
1.956800000000000000e+04 1.827600000000000000e+04
1.957000000000000000e+04 1.826200000000000000e+04
1.957000000000000000e+04 1.827200000000000000e+04
1.957100000000000000e+04 1.826200000000000000e+04
1.957600000000000000e+04 1.825900000000000000e+04
1.957800000000000000e+04 1.825200000000000000e+04
1.957900000000000000e+04 1.825100000000000000e+04
1.958000000000000000e+04 1.824600000000000000e+04
1.958100000000000000e+04 1.823900000000000000e+04
1.958200000000000000e+04 1.823600000000000000e+04
1.958600000000000000e+04 1.823600000000000000e+04
1.960900000000000000e+04 1.823100000000000000e+04
1.961500000000000000e+04 1.821300000000000000e+04
1.961900000000000000e+04 1.818600000000000000e+04
1.963000000000000000e+04 1.818400000000000000e+04
1.963100000000000000e+04 1.816000000000000000e+04
1.963500000000000000e+04 1.815900000000000000e+04
1.964300000000000000e+04 1.815700000000000000e+04
1.964400000000000000e+04 1.814300000000000000e+04
1.965000000000000000e+04 1.813700000000000000e+04
1.965100000000000000e+04 1.811900000000000000e+04
1.965300000000000000e+04 1.811700000000000000e+04
1.965400000000000000e+04 1.811200000000000000e+04
1.965500000000000000e+04 1.811000000000000000e+04
1.965800000000000000e+04 1.810600000000000000e+04
1.966300000000000000e+04 1.810000000000000000e+04
1.966800000000000000e+04 1.809600000000000000e+04
1.967200000000000000e+04 1.806900000000000000e+04
1.968200000000000000e+04 1.803600000000000000e+04
1.968200000000000000e+04 1.804800000000000000e+04
1.968200000000000000e+04 1.805700000000000000e+04
1.968300000000000000e+04 1.803000000000000000e+04
1.968300000000000000e+04 1.803400000000000000e+04
1.969600000000000000e+04 1.802600000000000000e+04
1.969800000000000000e+04 1.800800000000000000e+04
1.970200000000000000e+04 1.800100000000000000e+04
1.970700000000000000e+04 1.799700000000000000e+04
1.971100000000000000e+04 1.799500000000000000e+04
1.971600000000000000e+04 1.798000000000000000e+04
1.971600000000000000e+04 1.798800000000000000e+04
1.971800000000000000e+04 1.798000000000000000e+04
1.972800000000000000e+04 1.796600000000000000e+04
1.974100000000000000e+04 1.793800000000000000e+04
1.974300000000000000e+04 1.791500000000000000e+04
1.974600000000000000e+04 1.791400000000000000e+04
1.975800000000000000e+04 1.789900000000000000e+04
1.976300000000000000e+04 1.787700000000000000e+04
1.976500000000000000e+04 1.787400000000000000e+04
1.976700000000000000e+04 1.786500000000000000e+04
1.976800000000000000e+04 1.784700000000000000e+04
1.977100000000000000e+04 1.783500000000000000e+04
1.977400000000000000e+04 1.781700000000000000e+04
1.977600000000000000e+04 1.781600000000000000e+04
1.977700000000000000e+04 1.781300000000000000e+04
1.977900000000000000e+04 1.780400000000000000e+04
1.977900000000000000e+04 1.780500000000000000e+04
1.978100000000000000e+04 1.780000000000000000e+04
1.978700000000000000e+04 1.779400000000000000e+04
1.978700000000000000e+04 1.779800000000000000e+04
1.979000000000000000e+04 1.779000000000000000e+04
1.979100000000000000e+04 1.777600000000000000e+04
1.979900000000000000e+04 1.775700000000000000e+04
1.979900000000000000e+04 1.777300000000000000e+04
1.980200000000000000e+04 1.774800000000000000e+04
1.980200000000000000e+04 1.775200000000000000e+04
1.981300000000000000e+04 1.774600000000000000e+04
1.981500000000000000e+04 1.772800000000000000e+04
1.981600000000000000e+04 1.772800000000000000e+04
1.981700000000000000e+04 1.772500000000000000e+04
1.982400000000000000e+04 1.771300000000000000e+04
1.983400000000000000e+04 1.769700000000000000e+04
1.984000000000000000e+04 1.767100000000000000e+04
1.984000000000000000e+04 1.769600000000000000e+04
1.984300000000000000e+04 1.765600000000000000e+04
1.984400000000000000e+04 1.765400000000000000e+04
1.984700000000000000e+04 1.764700000000000000e+04
1.984800000000000000e+04 1.763700000000000000e+04
1.984900000000000000e+04 1.763500000000000000e+04
1.985500000000000000e+04 1.763200000000000000e+04
1.986400000000000000e+04 1.762600000000000000e+04
1.986800000000000000e+04 1.759700000000000000e+04
1.987700000000000000e+04 1.757200000000000000e+04
1.987800000000000000e+04 1.755100000000000000e+04
1.988300000000000000e+04 1.754200000000000000e+04
1.988700000000000000e+04 1.752900000000000000e+04
1.989100000000000000e+04 1.751800000000000000e+04
1.989500000000000000e+04 1.748300000000000000e+04
1.989500000000000000e+04 1.750300000000000000e+04
1.990600000000000000e+04 1.748000000000000000e+04
1.991500000000000000e+04 1.744300000000000000e+04
1.991700000000000000e+04 1.741500000000000000e+04
1.991900000000000000e+04 1.741300000000000000e+04
1.992000000000000000e+04 1.739200000000000000e+04
1.992100000000000000e+04 1.739100000000000000e+04
1.992200000000000000e+04 1.738900000000000000e+04
1.992600000000000000e+04 1.738200000000000000e+04
1.992800000000000000e+04 1.736400000000000000e+04
1.992800000000000000e+04 1.737400000000000000e+04
1.993500000000000000e+04 1.735600000000000000e+04
1.993500000000000000e+04 1.736300000000000000e+04
1.993600000000000000e+04 1.734500000000000000e+04
1.993800000000000000e+04 1.734100000000000000e+04
1.993900000000000000e+04 1.733300000000000000e+04
1.994300000000000000e+04 1.732000000000000000e+04
1.994500000000000000e+04 1.731800000000000000e+04
1.994600000000000000e+04 1.731300000000000000e+04
1.994700000000000000e+04 1.731100000000000000e+04
1.995300000000000000e+04 1.727700000000000000e+04
1.995300000000000000e+04 1.731100000000000000e+04
1.996000000000000000e+04 1.727700000000000000e+04
1.996200000000000000e+04 1.726700000000000000e+04
1.996600000000000000e+04 1.725100000000000000e+04
1.997600000000000000e+04 1.719400000000000000e+04
1.997600000000000000e+04 1.723000000000000000e+04
1.997800000000000000e+04 1.718200000000000000e+04
1.998500000000000000e+04 1.717900000000000000e+04
1.998900000000000000e+04 1.716900000000000000e+04
1.999400000000000000e+04 1.715700000000000000e+04
1.999800000000000000e+04 1.711900000000000000e+04
2.001000000000000000e+04 1.711500000000000000e+04
2.001100000000000000e+04 1.702800000000000000e+04
2.001100000000000000e+04 1.703400000000000000e+04
2.001100000000000000e+04 1.704600000000000000e+04
2.001500000000000000e+04 1.702000000000000000e+04
2.001700000000000000e+04 1.700900000000000000e+04
2.001900000000000000e+04 1.699800000000000000e+04
2.002400000000000000e+04 1.699600000000000000e+04
2.002500000000000000e+04 1.695100000000000000e+04
2.002600000000000000e+04 1.694500000000000000e+04
2.002700000000000000e+04 1.693500000000000000e+04
2.003000000000000000e+04 1.693000000000000000e+04
2.003300000000000000e+04 1.691300000000000000e+04
2.004300000000000000e+04 1.685600000000000000e+04
2.005700000000000000e+04 1.676500000000000000e+04
2.005700000000000000e+04 1.679100000000000000e+04
2.005900000000000000e+04 1.670000000000000000e+04
2.005900000000000000e+04 1.671400000000000000e+04
2.006000000000000000e+04 1.668000000000000000e+04
2.006200000000000000e+04 1.662700000000000000e+04
2.006200000000000000e+04 1.663400000000000000e+04
2.006500000000000000e+04 1.661400000000000000e+04
2.006600000000000000e+04 1.660900000000000000e+04
2.007300000000000000e+04 1.639900000000000000e+04
2.007300000000000000e+04 1.648600000000000000e+04
