7.222000000000000000e+03 1.009600000000000000e+04
7.239000000000000000e+03 1.008600000000000000e+04
7.248000000000000000e+03 1.008000000000000000e+04
7.250000000000000000e+03 1.007900000000000000e+04
7.275000000000000000e+03 1.007900000000000000e+04
7.316000000000000000e+03 1.007900000000000000e+04
7.439000000000000000e+03 1.007800000000000000e+04
7.489000000000000000e+03 1.007600000000000000e+04
7.549000000000000000e+03 1.006900000000000000e+04
7.569000000000000000e+03 1.006800000000000000e+04
7.572000000000000000e+03 1.006600000000000000e+04
7.584000000000000000e+03 1.006600000000000000e+04
7.656000000000000000e+03 1.006500000000000000e+04
7.668000000000000000e+03 1.006400000000000000e+04
7.719000000000000000e+03 1.006400000000000000e+04
7.744000000000000000e+03 1.005600000000000000e+04
7.778000000000000000e+03 1.004700000000000000e+04
7.802000000000000000e+03 1.003700000000000000e+04
7.807000000000000000e+03 1.003700000000000000e+04
7.868000000000000000e+03 1.003400000000000000e+04
7.890000000000000000e+03 1.003000000000000000e+04
7.924000000000000000e+03 1.002400000000000000e+04
7.927000000000000000e+03 1.001500000000000000e+04
7.941000000000000000e+03 1.001400000000000000e+04
7.962000000000000000e+03 1.001000000000000000e+04
7.979000000000000000e+03 1.000900000000000000e+04
7.994000000000000000e+03 1.000400000000000000e+04
8.040000000000000000e+03 1.000400000000000000e+04
8.062000000000000000e+03 9.996000000000000000e+03
8.084000000000000000e+03 9.984000000000000000e+03
8.084000000000000000e+03 9.990000000000000000e+03
8.089000000000000000e+03 9.983000000000000000e+03
8.092000000000000000e+03 9.982000000000000000e+03
8.110000000000000000e+03 9.981000000000000000e+03
8.114000000000000000e+03 9.981000000000000000e+03
8.118000000000000000e+03 9.973000000000000000e+03
8.125000000000000000e+03 9.970000000000000000e+03
8.139000000000000000e+03 9.970000000000000000e+03
8.145000000000000000e+03 9.970000000000000000e+03
8.187000000000000000e+03 9.966000000000000000e+03
8.219000000000000000e+03 9.963000000000000000e+03
8.254000000000000000e+03 9.961000000000000000e+03
8.257000000000000000e+03 9.942000000000000000e+03
8.263000000000000000e+03 9.941000000000000000e+03
8.267000000000000000e+03 9.940000000000000000e+03
8.280000000000000000e+03 9.939000000000000000e+03
8.297000000000000000e+03 9.935000000000000000e+03
8.318000000000000000e+03 9.929000000000000000e+03
8.322000000000000000e+03 9.923000000000000000e+03
8.347000000000000000e+03 9.922000000000000000e+03
8.349000000000000000e+03 9.913000000000000000e+03
8.367000000000000000e+03 9.911000000000000000e+03
8.391000000000000000e+03 9.908000000000000000e+03
8.400000000000000000e+03 9.897000000000000000e+03
8.400000000000000000e+03 9.904000000000000000e+03
8.402000000000000000e+03 9.893000000000000000e+03
8.404000000000000000e+03 9.891000000000000000e+03
8.451000000000000000e+03 9.891000000000000000e+03
8.454000000000000000e+03 9.876000000000000000e+03
8.456000000000000000e+03 9.868000000000000000e+03
8.505000000000000000e+03 9.867000000000000000e+03
8.507000000000000000e+03 9.853000000000000000e+03
8.531000000000000000e+03 9.851000000000000000e+03
8.533000000000000000e+03 9.846000000000000000e+03
8.574000000000000000e+03 9.840000000000000000e+03
8.579000000000000000e+03 9.819000000000000000e+03
8.612000000000000000e+03 9.819000000000000000e+03
8.639000000000000000e+03 9.802000000000000000e+03
8.640000000000000000e+03 9.795000000000000000e+03
8.644000000000000000e+03 9.794000000000000000e+03
8.656000000000000000e+03 9.781000000000000000e+03
8.663000000000000000e+03 9.776000000000000000e+03
8.679000000000000000e+03 9.775000000000000000e+03
8.682000000000000000e+03 9.773000000000000000e+03
8.684000000000000000e+03 9.770000000000000000e+03
8.684000000000000000e+03 9.772000000000000000e+03
8.696000000000000000e+03 9.765000000000000000e+03
8.699000000000000000e+03 9.758000000000000000e+03
8.712000000000000000e+03 9.754000000000000000e+03
8.727000000000000000e+03 9.748000000000000000e+03
8.730000000000000000e+03 9.741000000000000000e+03
8.742000000000000000e+03 9.737000000000000000e+03
8.754000000000000000e+03 9.731000000000000000e+03
8.760000000000000000e+03 9.729000000000000000e+03
8.767000000000000000e+03 9.722000000000000000e+03
8.772000000000000000e+03 9.722000000000000000e+03
8.774000000000000000e+03 9.718000000000000000e+03
8.792000000000000000e+03 9.712000000000000000e+03
8.792000000000000000e+03 9.716000000000000000e+03
8.805000000000000000e+03 9.712000000000000000e+03
8.807000000000000000e+03 9.706000000000000000e+03
8.822000000000000000e+03 9.704000000000000000e+03
8.838000000000000000e+03 9.697000000000000000e+03
8.852000000000000000e+03 9.684000000000000000e+03
8.860000000000000000e+03 9.670000000000000000e+03
8.869000000000000000e+03 9.668000000000000000e+03
8.878000000000000000e+03 9.657000000000000000e+03
8.886000000000000000e+03 9.647000000000000000e+03
8.899000000000000000e+03 9.634000000000000000e+03
8.904000000000000000e+03 9.630000000000000000e+03
8.923000000000000000e+03 9.626000000000000000e+03
8.927000000000000000e+03 9.615000000000000000e+03
8.930000000000000000e+03 9.613000000000000000e+03
8.942000000000000000e+03 9.609000000000000000e+03
8.944000000000000000e+03 9.604000000000000000e+03
8.951000000000000000e+03 9.603000000000000000e+03
8.955000000000000000e+03 9.598000000000000000e+03
8.956000000000000000e+03 9.592000000000000000e+03
8.960000000000000000e+03 9.588000000000000000e+03
8.960000000000000000e+03 9.592000000000000000e+03
8.964000000000000000e+03 9.587000000000000000e+03
8.965000000000000000e+03 9.586000000000000000e+03
8.982000000000000000e+03 9.581000000000000000e+03
8.985000000000000000e+03 9.578000000000000000e+03
8.992000000000000000e+03 9.565000000000000000e+03
9.002000000000000000e+03 9.562000000000000000e+03
9.007000000000000000e+03 9.555000000000000000e+03
9.010000000000000000e+03 9.553000000000000000e+03
9.032000000000000000e+03 9.544000000000000000e+03
9.040000000000000000e+03 9.536000000000000000e+03
9.046000000000000000e+03 9.532000000000000000e+03
9.052000000000000000e+03 9.528000000000000000e+03
9.058000000000000000e+03 9.509000000000000000e+03
9.058000000000000000e+03 9.517000000000000000e+03
9.064000000000000000e+03 9.507000000000000000e+03
9.067000000000000000e+03 9.501000000000000000e+03
9.074000000000000000e+03 9.501000000000000000e+03
9.075000000000000000e+03 9.496000000000000000e+03
9.079000000000000000e+03 9.492000000000000000e+03
9.079000000000000000e+03 9.494000000000000000e+03
9.091000000000000000e+03 9.488000000000000000e+03
9.097000000000000000e+03 9.476000000000000000e+03
9.101000000000000000e+03 9.474000000000000000e+03
9.114000000000000000e+03 9.470000000000000000e+03
9.127000000000000000e+03 9.458000000000000000e+03
9.139000000000000000e+03 9.453000000000000000e+03
9.145000000000000000e+03 9.449000000000000000e+03
9.152000000000000000e+03 9.431000000000000000e+03
9.172000000000000000e+03 9.420000000000000000e+03
9.173000000000000000e+03 9.406000000000000000e+03
9.182000000000000000e+03 9.402000000000000000e+03
9.188000000000000000e+03 9.385000000000000000e+03
9.189000000000000000e+03 9.384000000000000000e+03
9.191000000000000000e+03 9.382000000000000000e+03
9.196000000000000000e+03 9.380000000000000000e+03
9.203000000000000000e+03 9.374000000000000000e+03
9.203000000000000000e+03 9.378000000000000000e+03
9.205000000000000000e+03 9.372000000000000000e+03
9.211000000000000000e+03 9.367000000000000000e+03
9.216000000000000000e+03 9.361000000000000000e+03
9.222000000000000000e+03 9.357000000000000000e+03
9.229000000000000000e+03 9.349000000000000000e+03
9.232000000000000000e+03 9.344000000000000000e+03
9.253000000000000000e+03 9.340000000000000000e+03
9.254000000000000000e+03 9.335000000000000000e+03
9.259000000000000000e+03 9.325000000000000000e+03
9.266000000000000000e+03 9.321000000000000000e+03
9.271000000000000000e+03 9.320000000000000000e+03
9.275000000000000000e+03 9.309000000000000000e+03
9.275000000000000000e+03 9.311000000000000000e+03
9.284000000000000000e+03 9.299000000000000000e+03
9.286000000000000000e+03 9.293000000000000000e+03
9.309000000000000000e+03 9.274000000000000000e+03
9.312000000000000000e+03 9.257000000000000000e+03
9.312000000000000000e+03 9.263000000000000000e+03
9.322000000000000000e+03 9.253000000000000000e+03
9.327000000000000000e+03 9.244000000000000000e+03
9.329000000000000000e+03 9.233000000000000000e+03
9.337000000000000000e+03 9.227000000000000000e+03
9.341000000000000000e+03 9.225000000000000000e+03
9.344000000000000000e+03 9.224000000000000000e+03
9.348000000000000000e+03 9.212000000000000000e+03
9.350000000000000000e+03 9.206000000000000000e+03
9.356000000000000000e+03 9.205000000000000000e+03
9.359000000000000000e+03 9.194000000000000000e+03
9.365000000000000000e+03 9.192000000000000000e+03
9.371000000000000000e+03 9.171000000000000000e+03
9.371000000000000000e+03 9.186000000000000000e+03
9.378000000000000000e+03 9.161000000000000000e+03
9.378000000000000000e+03 9.168000000000000000e+03
9.381000000000000000e+03 9.159000000000000000e+03
9.382000000000000000e+03 9.158000000000000000e+03
9.386000000000000000e+03 9.157000000000000000e+03
9.386000000000000000e+03 9.158000000000000000e+03
9.397000000000000000e+03 9.154000000000000000e+03
9.404000000000000000e+03 9.153000000000000000e+03
9.405000000000000000e+03 9.143000000000000000e+03
9.409000000000000000e+03 9.133000000000000000e+03
9.409000000000000000e+03 9.140000000000000000e+03
9.413000000000000000e+03 9.133000000000000000e+03
9.423000000000000000e+03 9.124000000000000000e+03
9.429000000000000000e+03 9.120000000000000000e+03
9.435000000000000000e+03 9.104000000000000000e+03
9.436000000000000000e+03 9.101000000000000000e+03
9.440000000000000000e+03 9.095000000000000000e+03
9.444000000000000000e+03 9.093000000000000000e+03
9.449000000000000000e+03 9.083000000000000000e+03
9.454000000000000000e+03 9.080000000000000000e+03
9.458000000000000000e+03 9.076000000000000000e+03
9.463000000000000000e+03 9.071000000000000000e+03
9.466000000000000000e+03 9.067000000000000000e+03
9.467000000000000000e+03 9.065000000000000000e+03
9.468000000000000000e+03 9.063000000000000000e+03
9.470000000000000000e+03 9.063000000000000000e+03
9.473000000000000000e+03 9.048000000000000000e+03
9.478000000000000000e+03 9.043000000000000000e+03
9.479000000000000000e+03 9.041000000000000000e+03
9.482000000000000000e+03 9.040000000000000000e+03
9.483000000000000000e+03 9.036000000000000000e+03
9.488000000000000000e+03 9.030000000000000000e+03
9.492000000000000000e+03 9.019000000000000000e+03
9.493000000000000000e+03 9.016000000000000000e+03
9.494000000000000000e+03 9.008000000000000000e+03
9.496000000000000000e+03 9.006000000000000000e+03
9.497000000000000000e+03 9.006000000000000000e+03
9.501000000000000000e+03 9.005000000000000000e+03
9.506000000000000000e+03 8.998000000000000000e+03
9.507000000000000000e+03 8.990000000000000000e+03
9.511000000000000000e+03 8.985000000000000000e+03
9.515000000000000000e+03 8.983000000000000000e+03
9.515000000000000000e+03 8.984000000000000000e+03
9.525000000000000000e+03 8.971000000000000000e+03
9.536000000000000000e+03 8.953000000000000000e+03
9.553000000000000000e+03 8.942000000000000000e+03
9.558000000000000000e+03 8.920000000000000000e+03
9.564000000000000000e+03 8.905000000000000000e+03
9.566000000000000000e+03 8.901000000000000000e+03
9.597000000000000000e+03 8.865000000000000000e+03
9.597000000000000000e+03 8.892000000000000000e+03
9.614000000000000000e+03 8.829000000000000000e+03
9.618000000000000000e+03 8.823000000000000000e+03
9.621000000000000000e+03 8.801000000000000000e+03
9.627000000000000000e+03 8.796000000000000000e+03
9.630000000000000000e+03 8.790000000000000000e+03
9.631000000000000000e+03 8.775000000000000000e+03
9.634000000000000000e+03 8.774000000000000000e+03
9.635000000000000000e+03 8.774000000000000000e+03
9.639000000000000000e+03 8.754000000000000000e+03
9.639000000000000000e+03 8.766000000000000000e+03
9.641000000000000000e+03 8.746000000000000000e+03
9.646000000000000000e+03 8.744000000000000000e+03
9.656000000000000000e+03 8.740000000000000000e+03
9.671000000000000000e+03 8.720000000000000000e+03
9.676000000000000000e+03 8.684000000000000000e+03
9.686000000000000000e+03 8.671000000000000000e+03
9.689000000000000000e+03 8.643000000000000000e+03
9.689000000000000000e+03 8.648000000000000000e+03
9.689000000000000000e+03 8.662000000000000000e+03
9.700000000000000000e+03 8.634000000000000000e+03
9.703000000000000000e+03 8.603000000000000000e+03
9.703000000000000000e+03 8.611000000000000000e+03
9.705000000000000000e+03 8.598000000000000000e+03
9.712000000000000000e+03 8.596000000000000000e+03
9.722000000000000000e+03 8.588000000000000000e+03
9.726000000000000000e+03 8.538000000000000000e+03
9.726000000000000000e+03 8.558000000000000000e+03
9.726000000000000000e+03 8.564000000000000000e+03
9.729000000000000000e+03 8.527000000000000000e+03
9.735000000000000000e+03 8.527000000000000000e+03
9.738000000000000000e+03 8.488000000000000000e+03
9.738000000000000000e+03 8.525000000000000000e+03
9.740000000000000000e+03 8.486000000000000000e+03
9.743000000000000000e+03 8.486000000000000000e+03
9.745000000000000000e+03 8.477000000000000000e+03
9.754000000000000000e+03 8.467000000000000000e+03
9.756000000000000000e+03 8.461000000000000000e+03
9.757000000000000000e+03 8.424000000000000000e+03
9.757000000000000000e+03 8.442000000000000000e+03
9.762000000000000000e+03 8.414000000000000000e+03
9.762000000000000000e+03 8.424000000000000000e+03
9.767000000000000000e+03 8.413000000000000000e+03
9.774000000000000000e+03 8.409000000000000000e+03
9.779000000000000000e+03 8.391000000000000000e+03
9.780000000000000000e+03 8.387000000000000000e+03
9.781000000000000000e+03 8.374000000000000000e+03
9.786000000000000000e+03 8.360000000000000000e+03
9.788000000000000000e+03 8.351000000000000000e+03
9.790000000000000000e+03 8.342000000000000000e+03
9.794000000000000000e+03 8.333000000000000000e+03
9.795000000000000000e+03 8.314000000000000000e+03
9.795000000000000000e+03 8.318000000000000000e+03
9.795000000000000000e+03 8.329000000000000000e+03
9.806000000000000000e+03 8.308000000000000000e+03
9.809000000000000000e+03 8.292000000000000000e+03
9.810000000000000000e+03 8.276000000000000000e+03
9.812000000000000000e+03 8.228000000000000000e+03
9.812000000000000000e+03 8.241000000000000000e+03
9.814000000000000000e+03 8.227000000000000000e+03
9.815000000000000000e+03 8.225000000000000000e+03
9.816000000000000000e+03 8.224000000000000000e+03
9.824000000000000000e+03 8.224000000000000000e+03
9.825000000000000000e+03 8.190000000000000000e+03
9.825000000000000000e+03 8.203000000000000000e+03
9.828000000000000000e+03 8.188000000000000000e+03
9.831000000000000000e+03 8.185000000000000000e+03
9.838000000000000000e+03 8.178000000000000000e+03
9.840000000000000000e+03 8.167000000000000000e+03
9.844000000000000000e+03 8.125000000000000000e+03
9.844000000000000000e+03 8.129000000000000000e+03
9.847000000000000000e+03 8.119000000000000000e+03
9.852000000000000000e+03 8.106000000000000000e+03
9.854000000000000000e+03 8.079000000000000000e+03
9.856000000000000000e+03 8.071000000000000000e+03
9.857000000000000000e+03 8.069000000000000000e+03
9.861000000000000000e+03 8.069000000000000000e+03
9.863000000000000000e+03 8.024000000000000000e+03
9.865000000000000000e+03 8.017000000000000000e+03
9.869000000000000000e+03 7.985000000000000000e+03
9.873000000000000000e+03 7.940000000000000000e+03
9.876000000000000000e+03 7.898000000000000000e+03
9.876000000000000000e+03 7.909000000000000000e+03
9.877000000000000000e+03 7.874000000000000000e+03
9.882000000000000000e+03 7.839000000000000000e+03
9.882000000000000000e+03 7.863000000000000000e+03
9.884000000000000000e+03 7.818000000000000000e+03
