2.316800000000000000e+04 2.999300000000000000e+04
2.327600000000000000e+04 2.998800000000000000e+04
2.327900000000000000e+04 2.998700000000000000e+04
2.348500000000000000e+04 2.998000000000000000e+04
2.362700000000000000e+04 2.995100000000000000e+04
2.364200000000000000e+04 2.995000000000000000e+04
2.364400000000000000e+04 2.994600000000000000e+04
2.368600000000000000e+04 2.994500000000000000e+04
2.369600000000000000e+04 2.993900000000000000e+04
2.382500000000000000e+04 2.993500000000000000e+04
2.382900000000000000e+04 2.993200000000000000e+04
2.392100000000000000e+04 2.992800000000000000e+04
2.396200000000000000e+04 2.992100000000000000e+04
2.396500000000000000e+04 2.991600000000000000e+04
2.398600000000000000e+04 2.991100000000000000e+04
2.416100000000000000e+04 2.990800000000000000e+04
2.420800000000000000e+04 2.990600000000000000e+04
2.425500000000000000e+04 2.989900000000000000e+04
2.427600000000000000e+04 2.989300000000000000e+04
2.428600000000000000e+04 2.987000000000000000e+04
2.430100000000000000e+04 2.986700000000000000e+04
2.431000000000000000e+04 2.986300000000000000e+04
2.433000000000000000e+04 2.986300000000000000e+04
2.435600000000000000e+04 2.986200000000000000e+04
2.440200000000000000e+04 2.986100000000000000e+04
2.446800000000000000e+04 2.985400000000000000e+04
2.447700000000000000e+04 2.985200000000000000e+04
2.447900000000000000e+04 2.984900000000000000e+04
2.448200000000000000e+04 2.984700000000000000e+04
2.448400000000000000e+04 2.984600000000000000e+04
2.448600000000000000e+04 2.984500000000000000e+04
2.449700000000000000e+04 2.984300000000000000e+04
2.451700000000000000e+04 2.984200000000000000e+04
2.452700000000000000e+04 2.983900000000000000e+04
2.454100000000000000e+04 2.983200000000000000e+04
2.456400000000000000e+04 2.983000000000000000e+04
2.458300000000000000e+04 2.982800000000000000e+04
2.459000000000000000e+04 2.982500000000000000e+04
2.461700000000000000e+04 2.982000000000000000e+04
2.464800000000000000e+04 2.981700000000000000e+04
2.465700000000000000e+04 2.981500000000000000e+04
2.465800000000000000e+04 2.981400000000000000e+04
2.466200000000000000e+04 2.981200000000000000e+04
2.467000000000000000e+04 2.981000000000000000e+04
2.468700000000000000e+04 2.980900000000000000e+04
2.470300000000000000e+04 2.980600000000000000e+04
2.473500000000000000e+04 2.980200000000000000e+04
2.473700000000000000e+04 2.979400000000000000e+04
2.474600000000000000e+04 2.978700000000000000e+04
2.477300000000000000e+04 2.978600000000000000e+04
2.478500000000000000e+04 2.977800000000000000e+04
2.481200000000000000e+04 2.977700000000000000e+04
2.482000000000000000e+04 2.977300000000000000e+04
2.483600000000000000e+04 2.977100000000000000e+04
2.484000000000000000e+04 2.976600000000000000e+04
2.484400000000000000e+04 2.976400000000000000e+04
2.485000000000000000e+04 2.976300000000000000e+04
2.487000000000000000e+04 2.976000000000000000e+04
2.487200000000000000e+04 2.975800000000000000e+04
2.487800000000000000e+04 2.975700000000000000e+04
2.487900000000000000e+04 2.974900000000000000e+04
2.488500000000000000e+04 2.974800000000000000e+04
2.489700000000000000e+04 2.974700000000000000e+04
2.490100000000000000e+04 2.974400000000000000e+04
2.492000000000000000e+04 2.973700000000000000e+04
2.494900000000000000e+04 2.973700000000000000e+04
2.495800000000000000e+04 2.972700000000000000e+04
2.498000000000000000e+04 2.972400000000000000e+04
2.499500000000000000e+04 2.972400000000000000e+04
2.499600000000000000e+04 2.972300000000000000e+04
2.500100000000000000e+04 2.972100000000000000e+04
2.502100000000000000e+04 2.971700000000000000e+04
2.503800000000000000e+04 2.971600000000000000e+04
2.504200000000000000e+04 2.971300000000000000e+04
2.508400000000000000e+04 2.970900000000000000e+04
2.509200000000000000e+04 2.970200000000000000e+04
2.509600000000000000e+04 2.969800000000000000e+04
2.511200000000000000e+04 2.969500000000000000e+04
2.511900000000000000e+04 2.969000000000000000e+04
2.512100000000000000e+04 2.968700000000000000e+04
2.512200000000000000e+04 2.968300000000000000e+04
2.515500000000000000e+04 2.968200000000000000e+04
2.515600000000000000e+04 2.967500000000000000e+04
2.519800000000000000e+04 2.967000000000000000e+04
2.523800000000000000e+04 2.966400000000000000e+04
2.524300000000000000e+04 2.965800000000000000e+04
2.524700000000000000e+04 2.965000000000000000e+04
2.527500000000000000e+04 2.964800000000000000e+04
2.527900000000000000e+04 2.963500000000000000e+04
2.528000000000000000e+04 2.963400000000000000e+04
2.532300000000000000e+04 2.962700000000000000e+04
2.532800000000000000e+04 2.961900000000000000e+04
2.532900000000000000e+04 2.961800000000000000e+04
2.534200000000000000e+04 2.961300000000000000e+04
2.535100000000000000e+04 2.961200000000000000e+04
2.536300000000000000e+04 2.961100000000000000e+04
2.536900000000000000e+04 2.960800000000000000e+04
2.538600000000000000e+04 2.959700000000000000e+04
2.538600000000000000e+04 2.960300000000000000e+04
2.539000000000000000e+04 2.959400000000000000e+04
2.539000000000000000e+04 2.959600000000000000e+04
2.539500000000000000e+04 2.959200000000000000e+04
2.540600000000000000e+04 2.959100000000000000e+04
2.541000000000000000e+04 2.958800000000000000e+04
2.543500000000000000e+04 2.958700000000000000e+04
2.548200000000000000e+04 2.958400000000000000e+04
2.552100000000000000e+04 2.956500000000000000e+04
2.553700000000000000e+04 2.955300000000000000e+04
2.556000000000000000e+04 2.955000000000000000e+04
2.558000000000000000e+04 2.953500000000000000e+04
2.558700000000000000e+04 2.952900000000000000e+04
2.559000000000000000e+04 2.952600000000000000e+04
2.559800000000000000e+04 2.952400000000000000e+04
2.563100000000000000e+04 2.952300000000000000e+04
2.565800000000000000e+04 2.951700000000000000e+04
2.568400000000000000e+04 2.950600000000000000e+04
2.569200000000000000e+04 2.949500000000000000e+04
2.569200000000000000e+04 2.950400000000000000e+04
2.569300000000000000e+04 2.949400000000000000e+04
2.569800000000000000e+04 2.949200000000000000e+04
2.571400000000000000e+04 2.948800000000000000e+04
2.572300000000000000e+04 2.947700000000000000e+04
2.573100000000000000e+04 2.947700000000000000e+04
2.574500000000000000e+04 2.947300000000000000e+04
2.575500000000000000e+04 2.946500000000000000e+04
2.575500000000000000e+04 2.947300000000000000e+04
2.577300000000000000e+04 2.945500000000000000e+04
2.577300000000000000e+04 2.946400000000000000e+04
2.579500000000000000e+04 2.945400000000000000e+04
2.581000000000000000e+04 2.944700000000000000e+04
2.583400000000000000e+04 2.944100000000000000e+04
2.586900000000000000e+04 2.943400000000000000e+04
2.587500000000000000e+04 2.942700000000000000e+04
2.587800000000000000e+04 2.942600000000000000e+04
2.589600000000000000e+04 2.941600000000000000e+04
2.589800000000000000e+04 2.940800000000000000e+04
2.590600000000000000e+04 2.940200000000000000e+04
2.591800000000000000e+04 2.940100000000000000e+04
2.592300000000000000e+04 2.939300000000000000e+04
2.593700000000000000e+04 2.938700000000000000e+04
2.594700000000000000e+04 2.938300000000000000e+04
2.595300000000000000e+04 2.937500000000000000e+04
2.596900000000000000e+04 2.937300000000000000e+04
2.597300000000000000e+04 2.936600000000000000e+04
2.598900000000000000e+04 2.936200000000000000e+04
2.601400000000000000e+04 2.935500000000000000e+04
2.602700000000000000e+04 2.934900000000000000e+04
2.604200000000000000e+04 2.934600000000000000e+04
2.605800000000000000e+04 2.932900000000000000e+04
2.608400000000000000e+04 2.932600000000000000e+04
2.610000000000000000e+04 2.931300000000000000e+04
2.611600000000000000e+04 2.930100000000000000e+04
2.612100000000000000e+04 2.929500000000000000e+04
2.612600000000000000e+04 2.929000000000000000e+04
2.612700000000000000e+04 2.928500000000000000e+04
2.612900000000000000e+04 2.928400000000000000e+04
2.613000000000000000e+04 2.928400000000000000e+04
2.613100000000000000e+04 2.927800000000000000e+04
2.616700000000000000e+04 2.927800000000000000e+04
2.616900000000000000e+04 2.927000000000000000e+04
2.617600000000000000e+04 2.926800000000000000e+04
2.618100000000000000e+04 2.926500000000000000e+04
2.618300000000000000e+04 2.926300000000000000e+04
2.619300000000000000e+04 2.926200000000000000e+04
2.619500000000000000e+04 2.925900000000000000e+04
2.619600000000000000e+04 2.925800000000000000e+04
2.620400000000000000e+04 2.925300000000000000e+04
2.620500000000000000e+04 2.925000000000000000e+04
2.623500000000000000e+04 2.924900000000000000e+04
2.623600000000000000e+04 2.924800000000000000e+04
2.624900000000000000e+04 2.923900000000000000e+04
2.625100000000000000e+04 2.922800000000000000e+04
2.627200000000000000e+04 2.922600000000000000e+04
2.627500000000000000e+04 2.920900000000000000e+04
2.627900000000000000e+04 2.920300000000000000e+04
2.629500000000000000e+04 2.919900000000000000e+04
2.629800000000000000e+04 2.919500000000000000e+04
2.630200000000000000e+04 2.919400000000000000e+04
2.630700000000000000e+04 2.919000000000000000e+04
2.632100000000000000e+04 2.918800000000000000e+04
2.634100000000000000e+04 2.917800000000000000e+04
2.636700000000000000e+04 2.916400000000000000e+04
2.638100000000000000e+04 2.915200000000000000e+04
2.638900000000000000e+04 2.914500000000000000e+04
2.639600000000000000e+04 2.914100000000000000e+04
2.643700000000000000e+04 2.913900000000000000e+04
2.644000000000000000e+04 2.911400000000000000e+04
2.644200000000000000e+04 2.911100000000000000e+04
2.648300000000000000e+04 2.910900000000000000e+04
2.651800000000000000e+04 2.908100000000000000e+04
2.652300000000000000e+04 2.907100000000000000e+04
2.652400000000000000e+04 2.906300000000000000e+04
2.654500000000000000e+04 2.905400000000000000e+04
2.656600000000000000e+04 2.905300000000000000e+04
2.657800000000000000e+04 2.903900000000000000e+04
2.658600000000000000e+04 2.903100000000000000e+04
2.658800000000000000e+04 2.902800000000000000e+04
2.659000000000000000e+04 2.902600000000000000e+04
2.661400000000000000e+04 2.902400000000000000e+04
2.661500000000000000e+04 2.902300000000000000e+04
2.661900000000000000e+04 2.900700000000000000e+04
2.662200000000000000e+04 2.900100000000000000e+04
2.662500000000000000e+04 2.899900000000000000e+04
2.662900000000000000e+04 2.899200000000000000e+04
2.663100000000000000e+04 2.898500000000000000e+04
2.664100000000000000e+04 2.897700000000000000e+04
2.664700000000000000e+04 2.897700000000000000e+04
2.665200000000000000e+04 2.897000000000000000e+04
2.665400000000000000e+04 2.896900000000000000e+04
2.665500000000000000e+04 2.896700000000000000e+04
2.665800000000000000e+04 2.896400000000000000e+04
2.666000000000000000e+04 2.896300000000000000e+04
2.666500000000000000e+04 2.896100000000000000e+04
2.667000000000000000e+04 2.896000000000000000e+04
2.668400000000000000e+04 2.896000000000000000e+04
2.668900000000000000e+04 2.895600000000000000e+04
2.669100000000000000e+04 2.895200000000000000e+04
2.669100000000000000e+04 2.895500000000000000e+04
2.669600000000000000e+04 2.893500000000000000e+04
2.669600000000000000e+04 2.893800000000000000e+04
2.670100000000000000e+04 2.893300000000000000e+04
2.670300000000000000e+04 2.893200000000000000e+04
2.671000000000000000e+04 2.892900000000000000e+04
2.673800000000000000e+04 2.892800000000000000e+04
2.675000000000000000e+04 2.892500000000000000e+04
2.676100000000000000e+04 2.891100000000000000e+04
2.676300000000000000e+04 2.890900000000000000e+04
2.676900000000000000e+04 2.890400000000000000e+04
2.677500000000000000e+04 2.890200000000000000e+04
2.677800000000000000e+04 2.890000000000000000e+04
2.678300000000000000e+04 2.888500000000000000e+04
2.679800000000000000e+04 2.888200000000000000e+04
2.680100000000000000e+04 2.887900000000000000e+04
2.681200000000000000e+04 2.887800000000000000e+04
2.681800000000000000e+04 2.887400000000000000e+04
2.682700000000000000e+04 2.886800000000000000e+04
2.683400000000000000e+04 2.883800000000000000e+04
2.683900000000000000e+04 2.883400000000000000e+04
2.684200000000000000e+04 2.882800000000000000e+04
2.685200000000000000e+04 2.882600000000000000e+04
2.689500000000000000e+04 2.882600000000000000e+04
2.689600000000000000e+04 2.880400000000000000e+04
2.690000000000000000e+04 2.880400000000000000e+04
2.690200000000000000e+04 2.880200000000000000e+04
2.690800000000000000e+04 2.879300000000000000e+04
2.690800000000000000e+04 2.879500000000000000e+04
2.691200000000000000e+04 2.879100000000000000e+04
2.691900000000000000e+04 2.879000000000000000e+04
2.692500000000000000e+04 2.878900000000000000e+04
2.692600000000000000e+04 2.878800000000000000e+04
2.695100000000000000e+04 2.878800000000000000e+04
2.695200000000000000e+04 2.877300000000000000e+04
2.696500000000000000e+04 2.877100000000000000e+04
2.696900000000000000e+04 2.876400000000000000e+04
2.697500000000000000e+04 2.876300000000000000e+04
2.697700000000000000e+04 2.875900000000000000e+04
2.698000000000000000e+04 2.875700000000000000e+04
2.698300000000000000e+04 2.875100000000000000e+04
2.698600000000000000e+04 2.874800000000000000e+04
2.698900000000000000e+04 2.874800000000000000e+04
2.699200000000000000e+04 2.874200000000000000e+04
2.699900000000000000e+04 2.873600000000000000e+04
2.700100000000000000e+04 2.873500000000000000e+04
2.700500000000000000e+04 2.873000000000000000e+04
2.701000000000000000e+04 2.872900000000000000e+04
2.701300000000000000e+04 2.872100000000000000e+04
2.702100000000000000e+04 2.871900000000000000e+04
2.703200000000000000e+04 2.871800000000000000e+04
2.703500000000000000e+04 2.871000000000000000e+04
2.703600000000000000e+04 2.869900000000000000e+04
2.703600000000000000e+04 2.870700000000000000e+04
2.703800000000000000e+04 2.869900000000000000e+04
2.705300000000000000e+04 2.869700000000000000e+04
2.706100000000000000e+04 2.869300000000000000e+04
2.706500000000000000e+04 2.867900000000000000e+04
2.707200000000000000e+04 2.867400000000000000e+04
2.707900000000000000e+04 2.867100000000000000e+04
2.708400000000000000e+04 2.867000000000000000e+04
2.708500000000000000e+04 2.866700000000000000e+04
2.708600000000000000e+04 2.865900000000000000e+04
2.709200000000000000e+04 2.865700000000000000e+04
2.710200000000000000e+04 2.865500000000000000e+04
2.710300000000000000e+04 2.864900000000000000e+04
2.710400000000000000e+04 2.864400000000000000e+04
2.710600000000000000e+04 2.864400000000000000e+04
2.711100000000000000e+04 2.864100000000000000e+04
2.712400000000000000e+04 2.864000000000000000e+04
2.712700000000000000e+04 2.863600000000000000e+04
2.713300000000000000e+04 2.863500000000000000e+04
2.714000000000000000e+04 2.862500000000000000e+04
2.714400000000000000e+04 2.861500000000000000e+04
2.715400000000000000e+04 2.861400000000000000e+04
2.716800000000000000e+04 2.860900000000000000e+04
2.721000000000000000e+04 2.860800000000000000e+04
2.722000000000000000e+04 2.859400000000000000e+04
2.722100000000000000e+04 2.858300000000000000e+04
2.723400000000000000e+04 2.858200000000000000e+04
2.723800000000000000e+04 2.856600000000000000e+04
2.723900000000000000e+04 2.856400000000000000e+04
2.724300000000000000e+04 2.856200000000000000e+04
2.724900000000000000e+04 2.855500000000000000e+04
2.726000000000000000e+04 2.855400000000000000e+04
2.727500000000000000e+04 2.854000000000000000e+04
2.729100000000000000e+04 2.853300000000000000e+04
2.729400000000000000e+04 2.852000000000000000e+04
2.730000000000000000e+04 2.851700000000000000e+04
2.730100000000000000e+04 2.851100000000000000e+04
2.730400000000000000e+04 2.850900000000000000e+04
2.730500000000000000e+04 2.850400000000000000e+04
2.731100000000000000e+04 2.849900000000000000e+04
2.732400000000000000e+04 2.849600000000000000e+04
2.732700000000000000e+04 2.847400000000000000e+04
2.733300000000000000e+04 2.846600000000000000e+04
2.733300000000000000e+04 2.846800000000000000e+04
2.734300000000000000e+04 2.845800000000000000e+04
2.736400000000000000e+04 2.845600000000000000e+04
2.736900000000000000e+04 2.844800000000000000e+04
2.737100000000000000e+04 2.844400000000000000e+04
2.738200000000000000e+04 2.844300000000000000e+04
2.738500000000000000e+04 2.842500000000000000e+04
2.738600000000000000e+04 2.842400000000000000e+04
2.739300000000000000e+04 2.841900000000000000e+04
2.739700000000000000e+04 2.841800000000000000e+04
2.740400000000000000e+04 2.841400000000000000e+04
2.742000000000000000e+04 2.840200000000000000e+04
2.742300000000000000e+04 2.839400000000000000e+04
2.743200000000000000e+04 2.839300000000000000e+04
2.744000000000000000e+04 2.837600000000000000e+04
2.745600000000000000e+04 2.837300000000000000e+04
2.745800000000000000e+04 2.836900000000000000e+04
2.746600000000000000e+04 2.836600000000000000e+04
2.747000000000000000e+04 2.836000000000000000e+04
2.747400000000000000e+04 2.835600000000000000e+04
2.747800000000000000e+04 2.835200000000000000e+04
2.748400000000000000e+04 2.834900000000000000e+04
2.748800000000000000e+04 2.834700000000000000e+04
2.749900000000000000e+04 2.833800000000000000e+04
2.750000000000000000e+04 2.833100000000000000e+04
2.750100000000000000e+04 2.832500000000000000e+04
2.750800000000000000e+04 2.831100000000000000e+04
2.751500000000000000e+04 2.831000000000000000e+04
2.751600000000000000e+04 2.830500000000000000e+04
2.752000000000000000e+04 2.830400000000000000e+04
2.752400000000000000e+04 2.829900000000000000e+04
2.752700000000000000e+04 2.829800000000000000e+04
2.753600000000000000e+04 2.829200000000000000e+04
2.754700000000000000e+04 2.828500000000000000e+04
2.754900000000000000e+04 2.827900000000000000e+04
2.755400000000000000e+04 2.827500000000000000e+04
2.755900000000000000e+04 2.824500000000000000e+04
2.756800000000000000e+04 2.824400000000000000e+04
2.757400000000000000e+04 2.824300000000000000e+04
2.757900000000000000e+04 2.824200000000000000e+04
2.758600000000000000e+04 2.823800000000000000e+04
2.759100000000000000e+04 2.823200000000000000e+04
2.759300000000000000e+04 2.822900000000000000e+04
2.760000000000000000e+04 2.822500000000000000e+04
2.760100000000000000e+04 2.822500000000000000e+04
2.761200000000000000e+04 2.821900000000000000e+04
2.761600000000000000e+04 2.820700000000000000e+04
2.761900000000000000e+04 2.820400000000000000e+04
2.762300000000000000e+04 2.820200000000000000e+04
2.763200000000000000e+04 2.820100000000000000e+04
2.764100000000000000e+04 2.818300000000000000e+04
2.764500000000000000e+04 2.817000000000000000e+04
2.764900000000000000e+04 2.816700000000000000e+04
2.765200000000000000e+04 2.815800000000000000e+04
2.766000000000000000e+04 2.815400000000000000e+04
2.766800000000000000e+04 2.814800000000000000e+04
2.767000000000000000e+04 2.814800000000000000e+04
2.767300000000000000e+04 2.814300000000000000e+04
2.767400000000000000e+04 2.814200000000000000e+04
2.767800000000000000e+04 2.813900000000000000e+04
2.768900000000000000e+04 2.813800000000000000e+04
2.769000000000000000e+04 2.812900000000000000e+04
2.769600000000000000e+04 2.812500000000000000e+04
2.769700000000000000e+04 2.811500000000000000e+04
2.771100000000000000e+04 2.811300000000000000e+04
2.772000000000000000e+04 2.810500000000000000e+04
2.772200000000000000e+04 2.809700000000000000e+04
2.773000000000000000e+04 2.809600000000000000e+04
2.773600000000000000e+04 2.808900000000000000e+04
2.775200000000000000e+04 2.808200000000000000e+04
2.775600000000000000e+04 2.808000000000000000e+04
2.775800000000000000e+04 2.806900000000000000e+04
2.776100000000000000e+04 2.806100000000000000e+04
2.776300000000000000e+04 2.805200000000000000e+04
2.776500000000000000e+04 2.805000000000000000e+04
2.777200000000000000e+04 2.804800000000000000e+04
2.777700000000000000e+04 2.804700000000000000e+04
2.777900000000000000e+04 2.804300000000000000e+04
2.778000000000000000e+04 2.804100000000000000e+04
2.779000000000000000e+04 2.803600000000000000e+04
2.780300000000000000e+04 2.802900000000000000e+04
2.780400000000000000e+04 2.801800000000000000e+04
2.781100000000000000e+04 2.800800000000000000e+04
2.781900000000000000e+04 2.800700000000000000e+04
2.782100000000000000e+04 2.800600000000000000e+04
2.783700000000000000e+04 2.800100000000000000e+04
2.784700000000000000e+04 2.798600000000000000e+04
2.784800000000000000e+04 2.797900000000000000e+04
2.786100000000000000e+04 2.797700000000000000e+04
2.787000000000000000e+04 2.796700000000000000e+04
2.787200000000000000e+04 2.796000000000000000e+04
2.788300000000000000e+04 2.795400000000000000e+04
2.788600000000000000e+04 2.795100000000000000e+04
2.789100000000000000e+04 2.794400000000000000e+04
2.789800000000000000e+04 2.793700000000000000e+04
2.790200000000000000e+04 2.793200000000000000e+04
2.790600000000000000e+04 2.791600000000000000e+04
2.790700000000000000e+04 2.791000000000000000e+04
2.792200000000000000e+04 2.791000000000000000e+04
2.792600000000000000e+04 2.789800000000000000e+04
2.792800000000000000e+04 2.788900000000000000e+04
2.793000000000000000e+04 2.788600000000000000e+04
2.793000000000000000e+04 2.788800000000000000e+04
2.793100000000000000e+04 2.788200000000000000e+04
2.794200000000000000e+04 2.788000000000000000e+04
2.794300000000000000e+04 2.786700000000000000e+04
2.794300000000000000e+04 2.787700000000000000e+04
2.794400000000000000e+04 2.786200000000000000e+04
2.794400000000000000e+04 2.786700000000000000e+04
2.795400000000000000e+04 2.785400000000000000e+04
2.797000000000000000e+04 2.785000000000000000e+04
2.797100000000000000e+04 2.784200000000000000e+04
2.797400000000000000e+04 2.784200000000000000e+04
2.797700000000000000e+04 2.784000000000000000e+04
2.798500000000000000e+04 2.783500000000000000e+04
2.799100000000000000e+04 2.782800000000000000e+04
2.799300000000000000e+04 2.782200000000000000e+04
2.800800000000000000e+04 2.782000000000000000e+04
2.800900000000000000e+04 2.780500000000000000e+04
2.801700000000000000e+04 2.780200000000000000e+04
2.802500000000000000e+04 2.780200000000000000e+04
2.803900000000000000e+04 2.779600000000000000e+04
2.804200000000000000e+04 2.777900000000000000e+04
2.805100000000000000e+04 2.777600000000000000e+04
2.805700000000000000e+04 2.776800000000000000e+04
2.806100000000000000e+04 2.775400000000000000e+04
2.806100000000000000e+04 2.775800000000000000e+04
2.806300000000000000e+04 2.775000000000000000e+04
2.806800000000000000e+04 2.775000000000000000e+04
2.807700000000000000e+04 2.774500000000000000e+04
2.807900000000000000e+04 2.773800000000000000e+04
2.808400000000000000e+04 2.773200000000000000e+04
2.808700000000000000e+04 2.773100000000000000e+04
2.808900000000000000e+04 2.772400000000000000e+04
2.809200000000000000e+04 2.772300000000000000e+04
2.809500000000000000e+04 2.772300000000000000e+04
2.809900000000000000e+04 2.772100000000000000e+04
2.810200000000000000e+04 2.771100000000000000e+04
2.811300000000000000e+04 2.771000000000000000e+04
2.813700000000000000e+04 2.767400000000000000e+04
2.813700000000000000e+04 2.770200000000000000e+04
2.813800000000000000e+04 2.766200000000000000e+04
2.817100000000000000e+04 2.766200000000000000e+04
2.817500000000000000e+04 2.764300000000000000e+04
2.818300000000000000e+04 2.764200000000000000e+04
2.819600000000000000e+04 2.764000000000000000e+04
2.820000000000000000e+04 2.762000000000000000e+04
2.821200000000000000e+04 2.761900000000000000e+04
2.821900000000000000e+04 2.760800000000000000e+04
2.822900000000000000e+04 2.760700000000000000e+04
2.823900000000000000e+04 2.758900000000000000e+04
2.824700000000000000e+04 2.758200000000000000e+04
2.826600000000000000e+04 2.757100000000000000e+04
2.826800000000000000e+04 2.755100000000000000e+04
2.827300000000000000e+04 2.754700000000000000e+04
2.828200000000000000e+04 2.753500000000000000e+04
2.828600000000000000e+04 2.751900000000000000e+04
2.829300000000000000e+04 2.749600000000000000e+04
2.829500000000000000e+04 2.748100000000000000e+04
2.829900000000000000e+04 2.747800000000000000e+04
2.830400000000000000e+04 2.747200000000000000e+04
2.832200000000000000e+04 2.746500000000000000e+04
2.833100000000000000e+04 2.745900000000000000e+04
2.833800000000000000e+04 2.744600000000000000e+04
2.834600000000000000e+04 2.744000000000000000e+04
2.834900000000000000e+04 2.742300000000000000e+04
2.834900000000000000e+04 2.743000000000000000e+04
2.836600000000000000e+04 2.742000000000000000e+04
2.838000000000000000e+04 2.740800000000000000e+04
2.838100000000000000e+04 2.739200000000000000e+04
2.838400000000000000e+04 2.739000000000000000e+04
2.838700000000000000e+04 2.738500000000000000e+04
2.840100000000000000e+04 2.737900000000000000e+04
2.841400000000000000e+04 2.737600000000000000e+04
2.841600000000000000e+04 2.734200000000000000e+04
2.842400000000000000e+04 2.733300000000000000e+04
2.843200000000000000e+04 2.733000000000000000e+04
2.843700000000000000e+04 2.732800000000000000e+04
2.844400000000000000e+04 2.732000000000000000e+04
2.844600000000000000e+04 2.731300000000000000e+04
2.845600000000000000e+04 2.731000000000000000e+04
2.845800000000000000e+04 2.729600000000000000e+04
2.846200000000000000e+04 2.729600000000000000e+04
2.846800000000000000e+04 2.728200000000000000e+04
2.847500000000000000e+04 2.727900000000000000e+04
2.847700000000000000e+04 2.727100000000000000e+04
2.847900000000000000e+04 2.726400000000000000e+04
2.848300000000000000e+04 2.726300000000000000e+04
2.849700000000000000e+04 2.725600000000000000e+04
2.850100000000000000e+04 2.724800000000000000e+04
2.850300000000000000e+04 2.724200000000000000e+04
2.850400000000000000e+04 2.724100000000000000e+04
2.850900000000000000e+04 2.724000000000000000e+04
2.851500000000000000e+04 2.722600000000000000e+04
2.852200000000000000e+04 2.722500000000000000e+04
2.853000000000000000e+04 2.721300000000000000e+04
2.854300000000000000e+04 2.720400000000000000e+04
2.854700000000000000e+04 2.717700000000000000e+04
2.854800000000000000e+04 2.717300000000000000e+04
2.855200000000000000e+04 2.717100000000000000e+04
2.855700000000000000e+04 2.716500000000000000e+04
2.856200000000000000e+04 2.715200000000000000e+04
2.856500000000000000e+04 2.715100000000000000e+04
2.857700000000000000e+04 2.713900000000000000e+04
2.857700000000000000e+04 2.714600000000000000e+04
2.859100000000000000e+04 2.713400000000000000e+04
2.859800000000000000e+04 2.711300000000000000e+04
2.860100000000000000e+04 2.711200000000000000e+04
2.860200000000000000e+04 2.709900000000000000e+04
2.860300000000000000e+04 2.709900000000000000e+04
2.861500000000000000e+04 2.709800000000000000e+04
2.861700000000000000e+04 2.709100000000000000e+04
2.862900000000000000e+04 2.707800000000000000e+04
2.863200000000000000e+04 2.707500000000000000e+04
2.863400000000000000e+04 2.706900000000000000e+04
2.864000000000000000e+04 2.706800000000000000e+04
2.865000000000000000e+04 2.706100000000000000e+04
2.865100000000000000e+04 2.704800000000000000e+04
2.865200000000000000e+04 2.704300000000000000e+04
2.865300000000000000e+04 2.704200000000000000e+04
2.865700000000000000e+04 2.703800000000000000e+04
2.865900000000000000e+04 2.703600000000000000e+04
2.865900000000000000e+04 2.703700000000000000e+04
2.866500000000000000e+04 2.702800000000000000e+04
2.866800000000000000e+04 2.702500000000000000e+04
2.867200000000000000e+04 2.702300000000000000e+04
2.867700000000000000e+04 2.702000000000000000e+04
2.867800000000000000e+04 2.701500000000000000e+04
2.868100000000000000e+04 2.700100000000000000e+04
2.868900000000000000e+04 2.700100000000000000e+04
2.870700000000000000e+04 2.699200000000000000e+04
2.871100000000000000e+04 2.697200000000000000e+04
2.871600000000000000e+04 2.696800000000000000e+04
2.872100000000000000e+04 2.696400000000000000e+04
2.872200000000000000e+04 2.696000000000000000e+04
2.872300000000000000e+04 2.695600000000000000e+04
2.872400000000000000e+04 2.695200000000000000e+04
2.872700000000000000e+04 2.694900000000000000e+04
2.872900000000000000e+04 2.693600000000000000e+04
2.872900000000000000e+04 2.693900000000000000e+04
2.873100000000000000e+04 2.693500000000000000e+04
2.873400000000000000e+04 2.693500000000000000e+04
2.873600000000000000e+04 2.693400000000000000e+04
2.873900000000000000e+04 2.693100000000000000e+04
2.874000000000000000e+04 2.692000000000000000e+04
2.874000000000000000e+04 2.692700000000000000e+04
2.874800000000000000e+04 2.691700000000000000e+04
2.876200000000000000e+04 2.691400000000000000e+04
2.876300000000000000e+04 2.689500000000000000e+04
2.876500000000000000e+04 2.688300000000000000e+04
2.876700000000000000e+04 2.688300000000000000e+04
2.879000000000000000e+04 2.688000000000000000e+04
2.879100000000000000e+04 2.687400000000000000e+04
2.879800000000000000e+04 2.687000000000000000e+04
2.880100000000000000e+04 2.685300000000000000e+04
2.880600000000000000e+04 2.685200000000000000e+04
2.881300000000000000e+04 2.684100000000000000e+04
2.881600000000000000e+04 2.681100000000000000e+04
2.881900000000000000e+04 2.680800000000000000e+04
2.883000000000000000e+04 2.680400000000000000e+04
2.883100000000000000e+04 2.679000000000000000e+04
2.883200000000000000e+04 2.678700000000000000e+04
2.883300000000000000e+04 2.678400000000000000e+04
2.884100000000000000e+04 2.678000000000000000e+04
2.885100000000000000e+04 2.677300000000000000e+04
2.885600000000000000e+04 2.676900000000000000e+04
2.886200000000000000e+04 2.674700000000000000e+04
2.886200000000000000e+04 2.675900000000000000e+04
2.886300000000000000e+04 2.674300000000000000e+04
2.886400000000000000e+04 2.673700000000000000e+04
2.887800000000000000e+04 2.673200000000000000e+04
2.888000000000000000e+04 2.671000000000000000e+04
2.888000000000000000e+04 2.673200000000000000e+04
2.888300000000000000e+04 2.671000000000000000e+04
2.888600000000000000e+04 2.670700000000000000e+04
2.888800000000000000e+04 2.669600000000000000e+04
2.890300000000000000e+04 2.669600000000000000e+04
2.890600000000000000e+04 2.667100000000000000e+04
2.891300000000000000e+04 2.665300000000000000e+04
2.892600000000000000e+04 2.664500000000000000e+04
2.893000000000000000e+04 2.664300000000000000e+04
2.894400000000000000e+04 2.663400000000000000e+04
2.895100000000000000e+04 2.660700000000000000e+04
2.895800000000000000e+04 2.660000000000000000e+04
2.896700000000000000e+04 2.658000000000000000e+04
2.897500000000000000e+04 2.656500000000000000e+04
2.898200000000000000e+04 2.654100000000000000e+04
2.898300000000000000e+04 2.654000000000000000e+04
2.898900000000000000e+04 2.653700000000000000e+04
2.899200000000000000e+04 2.652700000000000000e+04
2.899600000000000000e+04 2.652500000000000000e+04
2.899700000000000000e+04 2.651400000000000000e+04
2.900000000000000000e+04 2.650400000000000000e+04
2.900000000000000000e+04 2.651200000000000000e+04
2.900100000000000000e+04 2.650300000000000000e+04
2.900200000000000000e+04 2.649700000000000000e+04
2.900800000000000000e+04 2.649200000000000000e+04
2.901200000000000000e+04 2.648100000000000000e+04
2.901800000000000000e+04 2.647900000000000000e+04
2.902000000000000000e+04 2.646800000000000000e+04
2.902000000000000000e+04 2.647200000000000000e+04
2.902700000000000000e+04 2.646400000000000000e+04
2.903300000000000000e+04 2.645300000000000000e+04
2.906000000000000000e+04 2.644900000000000000e+04
2.906300000000000000e+04 2.642600000000000000e+04
2.907000000000000000e+04 2.641900000000000000e+04
2.907200000000000000e+04 2.640300000000000000e+04
2.907300000000000000e+04 2.639900000000000000e+04
2.907500000000000000e+04 2.639600000000000000e+04
2.907700000000000000e+04 2.639600000000000000e+04
2.908000000000000000e+04 2.639300000000000000e+04
2.909300000000000000e+04 2.638800000000000000e+04
2.909900000000000000e+04 2.637400000000000000e+04
2.911500000000000000e+04 2.637100000000000000e+04
2.911700000000000000e+04 2.633600000000000000e+04
2.911700000000000000e+04 2.635000000000000000e+04
2.912200000000000000e+04 2.633400000000000000e+04
2.913800000000000000e+04 2.630000000000000000e+04
2.914400000000000000e+04 2.629200000000000000e+04
2.914500000000000000e+04 2.628200000000000000e+04
2.915500000000000000e+04 2.627500000000000000e+04
2.915600000000000000e+04 2.627300000000000000e+04
2.916300000000000000e+04 2.626100000000000000e+04
2.917600000000000000e+04 2.625700000000000000e+04
2.917700000000000000e+04 2.620800000000000000e+04
2.917800000000000000e+04 2.620500000000000000e+04
2.918200000000000000e+04 2.619900000000000000e+04
2.919600000000000000e+04 2.619400000000000000e+04
2.920100000000000000e+04 2.616800000000000000e+04
2.920500000000000000e+04 2.616600000000000000e+04
2.920900000000000000e+04 2.615800000000000000e+04
2.921700000000000000e+04 2.614100000000000000e+04
2.922000000000000000e+04 2.612500000000000000e+04
2.922200000000000000e+04 2.610600000000000000e+04
2.922500000000000000e+04 2.609700000000000000e+04
2.922900000000000000e+04 2.609700000000000000e+04
2.923000000000000000e+04 2.609000000000000000e+04
2.923500000000000000e+04 2.608400000000000000e+04
2.923500000000000000e+04 2.608900000000000000e+04
2.923800000000000000e+04 2.607800000000000000e+04
2.924000000000000000e+04 2.607400000000000000e+04
2.924900000000000000e+04 2.606900000000000000e+04
2.925000000000000000e+04 2.605000000000000000e+04
2.925400000000000000e+04 2.604500000000000000e+04
2.925500000000000000e+04 2.602200000000000000e+04
2.927600000000000000e+04 2.602000000000000000e+04
2.927900000000000000e+04 2.599800000000000000e+04
2.928000000000000000e+04 2.597800000000000000e+04
2.928700000000000000e+04 2.597600000000000000e+04
2.929100000000000000e+04 2.597200000000000000e+04
2.929400000000000000e+04 2.596900000000000000e+04
2.929800000000000000e+04 2.596300000000000000e+04
2.930500000000000000e+04 2.594800000000000000e+04
2.931000000000000000e+04 2.594000000000000000e+04
2.931500000000000000e+04 2.593000000000000000e+04
2.932300000000000000e+04 2.591500000000000000e+04
2.933800000000000000e+04 2.588900000000000000e+04
2.933900000000000000e+04 2.584300000000000000e+04
2.933900000000000000e+04 2.584600000000000000e+04
2.934200000000000000e+04 2.584100000000000000e+04
2.934400000000000000e+04 2.583900000000000000e+04
2.934600000000000000e+04 2.583400000000000000e+04
2.934700000000000000e+04 2.583400000000000000e+04
2.935300000000000000e+04 2.583300000000000000e+04
2.935400000000000000e+04 2.581800000000000000e+04
2.935500000000000000e+04 2.581300000000000000e+04
2.935700000000000000e+04 2.581300000000000000e+04
2.936100000000000000e+04 2.581100000000000000e+04
2.936400000000000000e+04 2.577800000000000000e+04
2.936400000000000000e+04 2.578600000000000000e+04
2.936400000000000000e+04 2.579900000000000000e+04
2.937000000000000000e+04 2.577700000000000000e+04
2.937300000000000000e+04 2.576900000000000000e+04
2.937900000000000000e+04 2.575900000000000000e+04
2.938100000000000000e+04 2.575900000000000000e+04
2.939700000000000000e+04 2.574000000000000000e+04
2.939800000000000000e+04 2.573900000000000000e+04
2.940300000000000000e+04 2.572100000000000000e+04
2.940600000000000000e+04 2.571800000000000000e+04
2.940800000000000000e+04 2.571000000000000000e+04
2.940900000000000000e+04 2.570900000000000000e+04
2.941400000000000000e+04 2.570100000000000000e+04
2.941800000000000000e+04 2.569900000000000000e+04
2.941900000000000000e+04 2.567800000000000000e+04
2.942100000000000000e+04 2.566300000000000000e+04
2.942400000000000000e+04 2.564100000000000000e+04
2.942900000000000000e+04 2.561500000000000000e+04
2.944200000000000000e+04 2.560800000000000000e+04
2.944500000000000000e+04 2.559900000000000000e+04
2.944500000000000000e+04 2.560300000000000000e+04
2.944900000000000000e+04 2.559200000000000000e+04
2.945300000000000000e+04 2.557800000000000000e+04
2.945600000000000000e+04 2.557200000000000000e+04
2.946100000000000000e+04 2.554900000000000000e+04
2.946100000000000000e+04 2.556500000000000000e+04
2.946200000000000000e+04 2.554500000000000000e+04
2.946700000000000000e+04 2.554400000000000000e+04
2.948000000000000000e+04 2.554000000000000000e+04
2.948600000000000000e+04 2.551000000000000000e+04
2.949400000000000000e+04 2.549800000000000000e+04
2.949700000000000000e+04 2.548300000000000000e+04
2.949800000000000000e+04 2.546400000000000000e+04
2.950600000000000000e+04 2.546000000000000000e+04
2.951000000000000000e+04 2.545400000000000000e+04
2.951700000000000000e+04 2.542800000000000000e+04
2.951700000000000000e+04 2.543500000000000000e+04
2.952200000000000000e+04 2.540600000000000000e+04
2.952800000000000000e+04 2.539400000000000000e+04
2.953400000000000000e+04 2.537700000000000000e+04
2.955000000000000000e+04 2.537600000000000000e+04
2.955400000000000000e+04 2.536700000000000000e+04
2.955600000000000000e+04 2.535100000000000000e+04
2.955600000000000000e+04 2.536000000000000000e+04
2.955900000000000000e+04 2.534600000000000000e+04
2.956000000000000000e+04 2.533600000000000000e+04
2.957600000000000000e+04 2.533400000000000000e+04
2.957800000000000000e+04 2.531800000000000000e+04
2.957900000000000000e+04 2.529100000000000000e+04
2.958300000000000000e+04 2.528700000000000000e+04
2.958600000000000000e+04 2.527400000000000000e+04
2.959900000000000000e+04 2.527200000000000000e+04
2.960700000000000000e+04 2.525000000000000000e+04
2.961100000000000000e+04 2.520600000000000000e+04
2.961200000000000000e+04 2.520300000000000000e+04
2.961300000000000000e+04 2.518200000000000000e+04
2.961600000000000000e+04 2.517500000000000000e+04
2.961700000000000000e+04 2.517500000000000000e+04
2.961800000000000000e+04 2.516900000000000000e+04
2.962600000000000000e+04 2.516500000000000000e+04
2.962700000000000000e+04 2.513700000000000000e+04
2.962700000000000000e+04 2.513900000000000000e+04
2.963000000000000000e+04 2.513400000000000000e+04
2.963800000000000000e+04 2.512500000000000000e+04
2.964100000000000000e+04 2.511000000000000000e+04
2.964900000000000000e+04 2.509800000000000000e+04
2.965000000000000000e+04 2.506400000000000000e+04
2.965100000000000000e+04 2.505700000000000000e+04
2.965600000000000000e+04 2.503800000000000000e+04
2.965600000000000000e+04 2.504600000000000000e+04
2.967500000000000000e+04 2.502900000000000000e+04
2.968000000000000000e+04 2.497600000000000000e+04
2.968500000000000000e+04 2.496800000000000000e+04
2.968700000000000000e+04 2.496100000000000000e+04
2.969400000000000000e+04 2.494900000000000000e+04
2.969600000000000000e+04 2.492800000000000000e+04
2.970200000000000000e+04 2.490500000000000000e+04
2.970300000000000000e+04 2.489300000000000000e+04
2.970500000000000000e+04 2.488300000000000000e+04
2.972100000000000000e+04 2.483300000000000000e+04
2.972100000000000000e+04 2.487600000000000000e+04
2.972800000000000000e+04 2.482900000000000000e+04
2.974100000000000000e+04 2.481300000000000000e+04
2.975300000000000000e+04 2.478400000000000000e+04
2.975400000000000000e+04 2.473000000000000000e+04
2.977700000000000000e+04 2.472700000000000000e+04
2.977800000000000000e+04 2.468000000000000000e+04
2.978000000000000000e+04 2.466400000000000000e+04
2.978200000000000000e+04 2.466200000000000000e+04
2.978200000000000000e+04 2.466300000000000000e+04
2.979600000000000000e+04 2.465400000000000000e+04
2.979900000000000000e+04 2.464800000000000000e+04
2.980500000000000000e+04 2.463900000000000000e+04
2.980700000000000000e+04 2.462300000000000000e+04
2.980800000000000000e+04 2.462200000000000000e+04
2.981300000000000000e+04 2.456900000000000000e+04
2.981600000000000000e+04 2.456400000000000000e+04
2.981700000000000000e+04 2.454700000000000000e+04
2.981800000000000000e+04 2.453300000000000000e+04
2.982400000000000000e+04 2.452700000000000000e+04
2.982500000000000000e+04 2.448000000000000000e+04
2.982600000000000000e+04 2.447800000000000000e+04
2.982900000000000000e+04 2.447100000000000000e+04
2.983800000000000000e+04 2.446400000000000000e+04
2.984200000000000000e+04 2.446200000000000000e+04
2.984400000000000000e+04 2.445100000000000000e+04
2.985000000000000000e+04 2.443500000000000000e+04
2.985100000000000000e+04 2.441800000000000000e+04
2.985500000000000000e+04 2.440200000000000000e+04
2.985700000000000000e+04 2.439600000000000000e+04
2.986000000000000000e+04 2.438900000000000000e+04
2.986100000000000000e+04 2.437500000000000000e+04
2.986700000000000000e+04 2.435400000000000000e+04
2.987300000000000000e+04 2.435300000000000000e+04
2.987500000000000000e+04 2.433500000000000000e+04
2.988200000000000000e+04 2.431600000000000000e+04
2.988900000000000000e+04 2.430000000000000000e+04
2.989800000000000000e+04 2.428400000000000000e+04
2.989900000000000000e+04 2.425200000000000000e+04
2.990900000000000000e+04 2.424900000000000000e+04
2.991200000000000000e+04 2.421500000000000000e+04
2.991300000000000000e+04 2.421000000000000000e+04
2.991400000000000000e+04 2.418700000000000000e+04
2.991500000000000000e+04 2.418400000000000000e+04
2.992200000000000000e+04 2.418300000000000000e+04
2.992800000000000000e+04 2.411400000000000000e+04
2.992800000000000000e+04 2.416700000000000000e+04
2.993300000000000000e+04 2.409000000000000000e+04
2.994300000000000000e+04 2.408500000000000000e+04
2.995000000000000000e+04 2.408000000000000000e+04
2.995100000000000000e+04 2.403300000000000000e+04
2.995500000000000000e+04 2.400500000000000000e+04
2.995900000000000000e+04 2.395300000000000000e+04
2.996200000000000000e+04 2.395100000000000000e+04
2.996700000000000000e+04 2.393900000000000000e+04
2.996800000000000000e+04 2.392900000000000000e+04
2.997600000000000000e+04 2.392500000000000000e+04
2.998600000000000000e+04 2.388300000000000000e+04
2.998800000000000000e+04 2.384300000000000000e+04
2.999800000000000000e+04 2.381400000000000000e+04
2.999800000000000000e+04 2.384300000000000000e+04
3.000100000000000000e+04 2.377300000000000000e+04
3.000200000000000000e+04 2.375900000000000000e+04
3.000300000000000000e+04 2.375300000000000000e+04
3.000400000000000000e+04 2.374000000000000000e+04
3.000500000000000000e+04 2.373700000000000000e+04
3.001300000000000000e+04 2.373200000000000000e+04
3.001600000000000000e+04 2.372100000000000000e+04
3.001700000000000000e+04 2.370800000000000000e+04
3.001900000000000000e+04 2.368400000000000000e+04
3.002300000000000000e+04 2.363000000000000000e+04
3.003200000000000000e+04 2.361600000000000000e+04
3.004100000000000000e+04 2.357900000000000000e+04
3.004300000000000000e+04 2.356800000000000000e+04
3.004500000000000000e+04 2.355200000000000000e+04
3.004600000000000000e+04 2.352600000000000000e+04
3.004800000000000000e+04 2.351700000000000000e+04
3.005100000000000000e+04 2.349900000000000000e+04
3.005200000000000000e+04 2.347600000000000000e+04
3.005400000000000000e+04 2.346800000000000000e+04
3.005700000000000000e+04 2.346000000000000000e+04
3.006300000000000000e+04 2.345600000000000000e+04
3.006400000000000000e+04 2.340300000000000000e+04
3.006800000000000000e+04 2.339500000000000000e+04
3.006900000000000000e+04 2.333000000000000000e+04
3.007100000000000000e+04 2.331400000000000000e+04
3.007400000000000000e+04 2.329800000000000000e+04
3.007500000000000000e+04 2.328500000000000000e+04
3.007800000000000000e+04 2.326700000000000000e+04
3.008300000000000000e+04 2.325500000000000000e+04
3.008800000000000000e+04 2.319500000000000000e+04
3.009000000000000000e+04 2.314400000000000000e+04
3.009300000000000000e+04 2.312100000000000000e+04
