7.187000000000000000e+03 1.010000000000000000e+04
7.400000000000000000e+03 1.009500000000000000e+04
7.529000000000000000e+03 1.009000000000000000e+04
7.534000000000000000e+03 1.008500000000000000e+04
7.580000000000000000e+03 1.007800000000000000e+04
7.616000000000000000e+03 1.007500000000000000e+04
7.626000000000000000e+03 1.007100000000000000e+04
7.651000000000000000e+03 1.007000000000000000e+04
7.656000000000000000e+03 1.006800000000000000e+04
7.691000000000000000e+03 1.006600000000000000e+04
7.699000000000000000e+03 1.006400000000000000e+04
7.728000000000000000e+03 1.006300000000000000e+04
7.732000000000000000e+03 1.005800000000000000e+04
7.744000000000000000e+03 1.005600000000000000e+04
7.748000000000000000e+03 1.005500000000000000e+04
7.778000000000000000e+03 1.005000000000000000e+04
7.807000000000000000e+03 1.004900000000000000e+04
7.821000000000000000e+03 1.004600000000000000e+04
7.859000000000000000e+03 1.004400000000000000e+04
7.874000000000000000e+03 1.004200000000000000e+04
7.879000000000000000e+03 1.003900000000000000e+04
7.893000000000000000e+03 1.003800000000000000e+04
7.911000000000000000e+03 1.003500000000000000e+04
7.927000000000000000e+03 1.003000000000000000e+04
7.952000000000000000e+03 1.002800000000000000e+04
7.972000000000000000e+03 1.002600000000000000e+04
7.994000000000000000e+03 1.002000000000000000e+04
8.004000000000000000e+03 1.001600000000000000e+04
8.010000000000000000e+03 1.001200000000000000e+04
8.042000000000000000e+03 1.000900000000000000e+04
8.050000000000000000e+03 1.000700000000000000e+04
8.075000000000000000e+03 1.000600000000000000e+04
8.085000000000000000e+03 1.000200000000000000e+04
8.105000000000000000e+03 1.000000000000000000e+04
8.120000000000000000e+03 9.992000000000000000e+03
8.127000000000000000e+03 9.990000000000000000e+03
8.130000000000000000e+03 9.987000000000000000e+03
8.139000000000000000e+03 9.985000000000000000e+03
8.140000000000000000e+03 9.982000000000000000e+03
8.190000000000000000e+03 9.978000000000000000e+03
8.196000000000000000e+03 9.975000000000000000e+03
8.199000000000000000e+03 9.970000000000000000e+03
8.221000000000000000e+03 9.968000000000000000e+03
8.233000000000000000e+03 9.966000000000000000e+03
8.238000000000000000e+03 9.961000000000000000e+03
8.253000000000000000e+03 9.957000000000000000e+03
8.280000000000000000e+03 9.955000000000000000e+03
8.294000000000000000e+03 9.953000000000000000e+03
8.307000000000000000e+03 9.945000000000000000e+03
8.310000000000000000e+03 9.941000000000000000e+03
8.318000000000000000e+03 9.940000000000000000e+03
8.337000000000000000e+03 9.938000000000000000e+03
8.344000000000000000e+03 9.932000000000000000e+03
8.350000000000000000e+03 9.925000000000000000e+03
8.369000000000000000e+03 9.923000000000000000e+03
8.387000000000000000e+03 9.918000000000000000e+03
8.393000000000000000e+03 9.913000000000000000e+03
8.401000000000000000e+03 9.909000000000000000e+03
8.408000000000000000e+03 9.905000000000000000e+03
8.412000000000000000e+03 9.901000000000000000e+03
8.418000000000000000e+03 9.900000000000000000e+03
8.425000000000000000e+03 9.897000000000000000e+03
8.465000000000000000e+03 9.893000000000000000e+03
8.481000000000000000e+03 9.882000000000000000e+03
8.490000000000000000e+03 9.880000000000000000e+03
8.508000000000000000e+03 9.869000000000000000e+03
8.511000000000000000e+03 9.867000000000000000e+03
8.522000000000000000e+03 9.862000000000000000e+03
8.534000000000000000e+03 9.857000000000000000e+03
8.538000000000000000e+03 9.854000000000000000e+03
8.540000000000000000e+03 9.853000000000000000e+03
8.550000000000000000e+03 9.843000000000000000e+03
8.567000000000000000e+03 9.839000000000000000e+03
8.569000000000000000e+03 9.836000000000000000e+03
8.579000000000000000e+03 9.834000000000000000e+03
8.582000000000000000e+03 9.828000000000000000e+03
8.589000000000000000e+03 9.827000000000000000e+03
8.600000000000000000e+03 9.824000000000000000e+03
8.604000000000000000e+03 9.818000000000000000e+03
8.610000000000000000e+03 9.817000000000000000e+03
8.615000000000000000e+03 9.816000000000000000e+03
8.626000000000000000e+03 9.811000000000000000e+03
8.640000000000000000e+03 9.806000000000000000e+03
8.649000000000000000e+03 9.801000000000000000e+03
8.650000000000000000e+03 9.800000000000000000e+03
8.663000000000000000e+03 9.797000000000000000e+03
8.670000000000000000e+03 9.794000000000000000e+03
8.672000000000000000e+03 9.792000000000000000e+03
8.674000000000000000e+03 9.791000000000000000e+03
8.680000000000000000e+03 9.785000000000000000e+03
8.683000000000000000e+03 9.779000000000000000e+03
8.702000000000000000e+03 9.777000000000000000e+03
8.707000000000000000e+03 9.772000000000000000e+03
8.721000000000000000e+03 9.771000000000000000e+03
8.753000000000000000e+03 9.753000000000000000e+03
8.756000000000000000e+03 9.741000000000000000e+03
8.765000000000000000e+03 9.739000000000000000e+03
8.776000000000000000e+03 9.734000000000000000e+03
8.782000000000000000e+03 9.728000000000000000e+03
8.790000000000000000e+03 9.721000000000000000e+03
8.798000000000000000e+03 9.715000000000000000e+03
8.824000000000000000e+03 9.710000000000000000e+03
8.830000000000000000e+03 9.700000000000000000e+03
8.834000000000000000e+03 9.693000000000000000e+03
8.847000000000000000e+03 9.686000000000000000e+03
8.868000000000000000e+03 9.684000000000000000e+03
8.885000000000000000e+03 9.666000000000000000e+03
8.893000000000000000e+03 9.659000000000000000e+03
8.895000000000000000e+03 9.650000000000000000e+03
8.901000000000000000e+03 9.649000000000000000e+03
8.903000000000000000e+03 9.645000000000000000e+03
8.907000000000000000e+03 9.642000000000000000e+03
8.909000000000000000e+03 9.637000000000000000e+03
8.917000000000000000e+03 9.635000000000000000e+03
8.921000000000000000e+03 9.634000000000000000e+03
8.929000000000000000e+03 9.632000000000000000e+03
8.931000000000000000e+03 9.628000000000000000e+03
8.932000000000000000e+03 9.624000000000000000e+03
8.938000000000000000e+03 9.620000000000000000e+03
8.942000000000000000e+03 9.619000000000000000e+03
8.952000000000000000e+03 9.618000000000000000e+03
8.955000000000000000e+03 9.609000000000000000e+03
8.964000000000000000e+03 9.607000000000000000e+03
8.969000000000000000e+03 9.600000000000000000e+03
8.971000000000000000e+03 9.598000000000000000e+03
8.979000000000000000e+03 9.593000000000000000e+03
8.980000000000000000e+03 9.592000000000000000e+03
8.981000000000000000e+03 9.588000000000000000e+03
8.986000000000000000e+03 9.587000000000000000e+03
8.992000000000000000e+03 9.585000000000000000e+03
8.995000000000000000e+03 9.578000000000000000e+03
9.011000000000000000e+03 9.577000000000000000e+03
9.012000000000000000e+03 9.573000000000000000e+03
9.021000000000000000e+03 9.566000000000000000e+03
9.025000000000000000e+03 9.559000000000000000e+03
9.036000000000000000e+03 9.557000000000000000e+03
9.042000000000000000e+03 9.549000000000000000e+03
9.051000000000000000e+03 9.543000000000000000e+03
9.060000000000000000e+03 9.534000000000000000e+03
9.062000000000000000e+03 9.531000000000000000e+03
9.067000000000000000e+03 9.519000000000000000e+03
9.074000000000000000e+03 9.516000000000000000e+03
9.076000000000000000e+03 9.514000000000000000e+03
9.078000000000000000e+03 9.505000000000000000e+03
9.088000000000000000e+03 9.502000000000000000e+03
9.091000000000000000e+03 9.499000000000000000e+03
9.100000000000000000e+03 9.490000000000000000e+03
9.108000000000000000e+03 9.489000000000000000e+03
9.109000000000000000e+03 9.484000000000000000e+03
9.111000000000000000e+03 9.479000000000000000e+03
9.112000000000000000e+03 9.476000000000000000e+03
9.120000000000000000e+03 9.474000000000000000e+03
9.123000000000000000e+03 9.467000000000000000e+03
9.128000000000000000e+03 9.464000000000000000e+03
9.134000000000000000e+03 9.462000000000000000e+03
9.136000000000000000e+03 9.456000000000000000e+03
9.141000000000000000e+03 9.453000000000000000e+03
9.148000000000000000e+03 9.452000000000000000e+03
9.156000000000000000e+03 9.444000000000000000e+03
9.161000000000000000e+03 9.434000000000000000e+03
9.162000000000000000e+03 9.428000000000000000e+03
9.176000000000000000e+03 9.422000000000000000e+03
9.183000000000000000e+03 9.417000000000000000e+03
9.189000000000000000e+03 9.405000000000000000e+03
9.193000000000000000e+03 9.403000000000000000e+03
9.202000000000000000e+03 9.392000000000000000e+03
9.205000000000000000e+03 9.390000000000000000e+03
9.216000000000000000e+03 9.386000000000000000e+03
9.218000000000000000e+03 9.374000000000000000e+03
9.219000000000000000e+03 9.372000000000000000e+03
9.223000000000000000e+03 9.368000000000000000e+03
9.228000000000000000e+03 9.363000000000000000e+03
9.237000000000000000e+03 9.361000000000000000e+03
9.253000000000000000e+03 9.347000000000000000e+03
9.254000000000000000e+03 9.333000000000000000e+03
9.261000000000000000e+03 9.331000000000000000e+03
9.262000000000000000e+03 9.322000000000000000e+03
9.273000000000000000e+03 9.321000000000000000e+03
9.275000000000000000e+03 9.315000000000000000e+03
9.276000000000000000e+03 9.314000000000000000e+03
9.296000000000000000e+03 9.305000000000000000e+03
9.302000000000000000e+03 9.303000000000000000e+03
9.307000000000000000e+03 9.292000000000000000e+03
9.314000000000000000e+03 9.286000000000000000e+03
9.319000000000000000e+03 9.272000000000000000e+03
9.322000000000000000e+03 9.263000000000000000e+03
9.328000000000000000e+03 9.261000000000000000e+03
9.333000000000000000e+03 9.255000000000000000e+03
9.334000000000000000e+03 9.247000000000000000e+03
9.340000000000000000e+03 9.244000000000000000e+03
9.355000000000000000e+03 9.237000000000000000e+03
9.361000000000000000e+03 9.228000000000000000e+03
9.365000000000000000e+03 9.217000000000000000e+03
9.372000000000000000e+03 9.206000000000000000e+03
9.378000000000000000e+03 9.194000000000000000e+03
9.382000000000000000e+03 9.193000000000000000e+03
9.403000000000000000e+03 9.179000000000000000e+03
9.409000000000000000e+03 9.158000000000000000e+03
9.416000000000000000e+03 9.150000000000000000e+03
9.417000000000000000e+03 9.140000000000000000e+03
9.421000000000000000e+03 9.138000000000000000e+03
9.426000000000000000e+03 9.137000000000000000e+03
9.427000000000000000e+03 9.136000000000000000e+03
9.432000000000000000e+03 9.127000000000000000e+03
9.438000000000000000e+03 9.120000000000000000e+03
9.440000000000000000e+03 9.114000000000000000e+03
9.443000000000000000e+03 9.108000000000000000e+03
9.448000000000000000e+03 9.106000000000000000e+03
9.452000000000000000e+03 9.102000000000000000e+03
9.453000000000000000e+03 9.087000000000000000e+03
9.458000000000000000e+03 9.085000000000000000e+03
9.475000000000000000e+03 9.081000000000000000e+03
9.482000000000000000e+03 9.066000000000000000e+03
9.485000000000000000e+03 9.050000000000000000e+03
9.487000000000000000e+03 9.040000000000000000e+03
9.495000000000000000e+03 9.039000000000000000e+03
9.505000000000000000e+03 9.032000000000000000e+03
9.507000000000000000e+03 9.026000000000000000e+03
9.514000000000000000e+03 9.016000000000000000e+03
9.518000000000000000e+03 9.004000000000000000e+03
9.520000000000000000e+03 9.003000000000000000e+03
9.536000000000000000e+03 8.997000000000000000e+03
9.546000000000000000e+03 8.984000000000000000e+03
9.557000000000000000e+03 8.950000000000000000e+03
9.564000000000000000e+03 8.939000000000000000e+03
9.566000000000000000e+03 8.924000000000000000e+03
9.578000000000000000e+03 8.921000000000000000e+03
9.579000000000000000e+03 8.904000000000000000e+03
9.580000000000000000e+03 8.903000000000000000e+03
9.592000000000000000e+03 8.895000000000000000e+03
9.594000000000000000e+03 8.876000000000000000e+03
9.597000000000000000e+03 8.875000000000000000e+03
9.599000000000000000e+03 8.870000000000000000e+03
9.601000000000000000e+03 8.861000000000000000e+03
9.602000000000000000e+03 8.860000000000000000e+03
9.604000000000000000e+03 8.858000000000000000e+03
9.610000000000000000e+03 8.854000000000000000e+03
9.613000000000000000e+03 8.847000000000000000e+03
9.614000000000000000e+03 8.844000000000000000e+03
9.615000000000000000e+03 8.841000000000000000e+03
9.628000000000000000e+03 8.837000000000000000e+03
9.630000000000000000e+03 8.814000000000000000e+03
9.631000000000000000e+03 8.805000000000000000e+03
9.632000000000000000e+03 8.802000000000000000e+03
9.635000000000000000e+03 8.798000000000000000e+03
9.650000000000000000e+03 8.789000000000000000e+03
9.656000000000000000e+03 8.768000000000000000e+03
9.659000000000000000e+03 8.755000000000000000e+03
9.669000000000000000e+03 8.746000000000000000e+03
9.671000000000000000e+03 8.725000000000000000e+03
9.672000000000000000e+03 8.720000000000000000e+03
9.674000000000000000e+03 8.716000000000000000e+03
9.678000000000000000e+03 8.714000000000000000e+03
9.679000000000000000e+03 8.708000000000000000e+03
9.680000000000000000e+03 8.705000000000000000e+03
9.682000000000000000e+03 8.698000000000000000e+03
9.684000000000000000e+03 8.692000000000000000e+03
9.686000000000000000e+03 8.690000000000000000e+03
9.688000000000000000e+03 8.684000000000000000e+03
9.693000000000000000e+03 8.681000000000000000e+03
9.697000000000000000e+03 8.674000000000000000e+03
9.698000000000000000e+03 8.661000000000000000e+03
9.705000000000000000e+03 8.656000000000000000e+03
9.708000000000000000e+03 8.649000000000000000e+03
9.710000000000000000e+03 8.632000000000000000e+03
9.713000000000000000e+03 8.621000000000000000e+03
9.717000000000000000e+03 8.620000000000000000e+03
9.722000000000000000e+03 8.606000000000000000e+03
9.732000000000000000e+03 8.593000000000000000e+03
9.733000000000000000e+03 8.563000000000000000e+03
9.735000000000000000e+03 8.555000000000000000e+03
9.737000000000000000e+03 8.553000000000000000e+03
9.745000000000000000e+03 8.552000000000000000e+03
9.746000000000000000e+03 8.530000000000000000e+03
9.751000000000000000e+03 8.510000000000000000e+03
9.753000000000000000e+03 8.501000000000000000e+03
9.754000000000000000e+03 8.499000000000000000e+03
9.755000000000000000e+03 8.495000000000000000e+03
9.757000000000000000e+03 8.485000000000000000e+03
9.758000000000000000e+03 8.484000000000000000e+03
9.764000000000000000e+03 8.465000000000000000e+03
9.765000000000000000e+03 8.461000000000000000e+03
9.769000000000000000e+03 8.446000000000000000e+03
9.770000000000000000e+03 8.445000000000000000e+03
9.774000000000000000e+03 8.442000000000000000e+03
9.779000000000000000e+03 8.428000000000000000e+03
9.781000000000000000e+03 8.408000000000000000e+03
9.786000000000000000e+03 8.399000000000000000e+03
9.787000000000000000e+03 8.376000000000000000e+03
9.789000000000000000e+03 8.371000000000000000e+03
9.793000000000000000e+03 8.365000000000000000e+03
9.799000000000000000e+03 8.358000000000000000e+03
9.801000000000000000e+03 8.339000000000000000e+03
9.802000000000000000e+03 8.328000000000000000e+03
9.807000000000000000e+03 8.313000000000000000e+03
9.808000000000000000e+03 8.305000000000000000e+03
9.810000000000000000e+03 8.296000000000000000e+03
9.811000000000000000e+03 8.289000000000000000e+03
9.812000000000000000e+03 8.278000000000000000e+03
9.816000000000000000e+03 8.271000000000000000e+03
9.819000000000000000e+03 8.262000000000000000e+03
9.821000000000000000e+03 8.236000000000000000e+03
9.825000000000000000e+03 8.234000000000000000e+03
9.830000000000000000e+03 8.221000000000000000e+03
9.831000000000000000e+03 8.198000000000000000e+03
9.832000000000000000e+03 8.197000000000000000e+03
9.833000000000000000e+03 8.187000000000000000e+03
9.838000000000000000e+03 8.184000000000000000e+03
9.842000000000000000e+03 8.163000000000000000e+03
9.843000000000000000e+03 8.145000000000000000e+03
9.851000000000000000e+03 8.137000000000000000e+03
9.855000000000000000e+03 8.107000000000000000e+03
9.857000000000000000e+03 8.085000000000000000e+03
9.861000000000000000e+03 8.069000000000000000e+03
9.865000000000000000e+03 8.064000000000000000e+03
9.866000000000000000e+03 8.040000000000000000e+03
9.868000000000000000e+03 8.027000000000000000e+03
9.869000000000000000e+03 8.022000000000000000e+03
9.879000000000000000e+03 7.993000000000000000e+03
9.880000000000000000e+03 7.922000000000000000e+03
9.883000000000000000e+03 7.896000000000000000e+03
9.886000000000000000e+03 7.854000000000000000e+03
9.888000000000000000e+03 7.732000000000000000e+03
9.891000000000000000e+03 7.715000000000000000e+03
9.892000000000000000e+03 7.567000000000000000e+03
