7.178000000000000000e+03 1.009900000000000000e+04
7.231000000000000000e+03 1.009800000000000000e+04
7.246000000000000000e+03 1.009500000000000000e+04
7.253000000000000000e+03 1.009500000000000000e+04
7.344000000000000000e+03 1.009500000000000000e+04
7.368000000000000000e+03 1.009500000000000000e+04
7.400000000000000000e+03 1.009300000000000000e+04
7.428000000000000000e+03 1.009200000000000000e+04
7.434000000000000000e+03 1.008900000000000000e+04
7.475000000000000000e+03 1.008900000000000000e+04
7.486000000000000000e+03 1.008600000000000000e+04
7.510000000000000000e+03 1.008600000000000000e+04
7.589000000000000000e+03 1.008600000000000000e+04
7.622000000000000000e+03 1.008000000000000000e+04
7.657000000000000000e+03 1.007500000000000000e+04
7.727000000000000000e+03 1.007300000000000000e+04
7.775000000000000000e+03 1.006100000000000000e+04
7.796000000000000000e+03 1.005500000000000000e+04
7.820000000000000000e+03 1.005000000000000000e+04
7.840000000000000000e+03 1.004900000000000000e+04
7.846000000000000000e+03 1.004300000000000000e+04
7.846000000000000000e+03 1.004600000000000000e+04
7.856000000000000000e+03 1.004300000000000000e+04
7.872000000000000000e+03 1.004300000000000000e+04
7.887000000000000000e+03 1.004200000000000000e+04
7.897000000000000000e+03 1.004200000000000000e+04
7.904000000000000000e+03 1.003800000000000000e+04
7.909000000000000000e+03 1.003700000000000000e+04
7.915000000000000000e+03 1.003500000000000000e+04
7.950000000000000000e+03 1.003100000000000000e+04
7.955000000000000000e+03 1.003000000000000000e+04
7.963000000000000000e+03 1.002600000000000000e+04
7.970000000000000000e+03 1.002600000000000000e+04
7.971000000000000000e+03 1.002300000000000000e+04
7.972000000000000000e+03 1.002200000000000000e+04
7.974000000000000000e+03 1.002100000000000000e+04
7.977000000000000000e+03 1.001900000000000000e+04
7.977000000000000000e+03 1.002100000000000000e+04
7.981000000000000000e+03 1.001900000000000000e+04
7.986000000000000000e+03 1.001800000000000000e+04
7.988000000000000000e+03 1.001800000000000000e+04
8.002000000000000000e+03 1.001800000000000000e+04
8.022000000000000000e+03 1.001600000000000000e+04
8.022000000000000000e+03 1.001800000000000000e+04
8.033000000000000000e+03 1.001100000000000000e+04
8.076000000000000000e+03 1.001000000000000000e+04
8.077000000000000000e+03 1.000400000000000000e+04
8.094000000000000000e+03 1.000400000000000000e+04
8.096000000000000000e+03 9.999000000000000000e+03
8.098000000000000000e+03 9.998000000000000000e+03
8.099000000000000000e+03 9.996000000000000000e+03
8.104000000000000000e+03 9.992000000000000000e+03
8.107000000000000000e+03 9.990000000000000000e+03
8.113000000000000000e+03 9.989000000000000000e+03
8.119000000000000000e+03 9.988000000000000000e+03
8.124000000000000000e+03 9.987000000000000000e+03
8.135000000000000000e+03 9.987000000000000000e+03
8.136000000000000000e+03 9.985000000000000000e+03
8.137000000000000000e+03 9.984000000000000000e+03
8.138000000000000000e+03 9.984000000000000000e+03
8.139000000000000000e+03 9.984000000000000000e+03
8.175000000000000000e+03 9.984000000000000000e+03
8.182000000000000000e+03 9.976000000000000000e+03
8.182000000000000000e+03 9.979000000000000000e+03
8.188000000000000000e+03 9.976000000000000000e+03
8.199000000000000000e+03 9.974000000000000000e+03
8.224000000000000000e+03 9.972000000000000000e+03
8.253000000000000000e+03 9.963000000000000000e+03
8.260000000000000000e+03 9.957000000000000000e+03
8.262000000000000000e+03 9.952000000000000000e+03
8.262000000000000000e+03 9.956000000000000000e+03
8.265000000000000000e+03 9.950000000000000000e+03
8.265000000000000000e+03 9.952000000000000000e+03
8.276000000000000000e+03 9.949000000000000000e+03
8.286000000000000000e+03 9.949000000000000000e+03
8.307000000000000000e+03 9.939000000000000000e+03
8.307000000000000000e+03 9.948000000000000000e+03
8.322000000000000000e+03 9.938000000000000000e+03
8.323000000000000000e+03 9.934000000000000000e+03
8.323000000000000000e+03 9.936000000000000000e+03
8.330000000000000000e+03 9.933000000000000000e+03
8.345000000000000000e+03 9.931000000000000000e+03
8.352000000000000000e+03 9.927000000000000000e+03
8.352000000000000000e+03 9.929000000000000000e+03
8.368000000000000000e+03 9.927000000000000000e+03
8.375000000000000000e+03 9.919000000000000000e+03
8.376000000000000000e+03 9.918000000000000000e+03
8.388000000000000000e+03 9.918000000000000000e+03
8.398000000000000000e+03 9.918000000000000000e+03
8.420000000000000000e+03 9.899000000000000000e+03
8.420000000000000000e+03 9.905000000000000000e+03
8.446000000000000000e+03 9.896000000000000000e+03
8.446000000000000000e+03 9.897000000000000000e+03
8.464000000000000000e+03 9.884000000000000000e+03
8.464000000000000000e+03 9.888000000000000000e+03
8.474000000000000000e+03 9.883000000000000000e+03
8.501000000000000000e+03 9.883000000000000000e+03
8.503000000000000000e+03 9.872000000000000000e+03
8.514000000000000000e+03 9.870000000000000000e+03
8.522000000000000000e+03 9.863000000000000000e+03
8.523000000000000000e+03 9.860000000000000000e+03
8.527000000000000000e+03 9.858000000000000000e+03
8.528000000000000000e+03 9.857000000000000000e+03
8.529000000000000000e+03 9.856000000000000000e+03
8.532000000000000000e+03 9.854000000000000000e+03
8.532000000000000000e+03 9.855000000000000000e+03
8.533000000000000000e+03 9.853000000000000000e+03
8.536000000000000000e+03 9.853000000000000000e+03
8.543000000000000000e+03 9.851000000000000000e+03
8.552000000000000000e+03 9.850000000000000000e+03
8.553000000000000000e+03 9.843000000000000000e+03
8.553000000000000000e+03 9.844000000000000000e+03
8.558000000000000000e+03 9.843000000000000000e+03
8.559000000000000000e+03 9.839000000000000000e+03
8.560000000000000000e+03 9.837000000000000000e+03
8.567000000000000000e+03 9.836000000000000000e+03
8.568000000000000000e+03 9.836000000000000000e+03
8.580000000000000000e+03 9.833000000000000000e+03
8.581000000000000000e+03 9.830000000000000000e+03
8.586000000000000000e+03 9.827000000000000000e+03
8.591000000000000000e+03 9.825000000000000000e+03
8.592000000000000000e+03 9.824000000000000000e+03
8.603000000000000000e+03 9.821000000000000000e+03
8.609000000000000000e+03 9.819000000000000000e+03
8.621000000000000000e+03 9.818000000000000000e+03
8.625000000000000000e+03 9.815000000000000000e+03
8.629000000000000000e+03 9.812000000000000000e+03
8.632000000000000000e+03 9.810000000000000000e+03
8.639000000000000000e+03 9.805000000000000000e+03
8.643000000000000000e+03 9.803000000000000000e+03
8.648000000000000000e+03 9.803000000000000000e+03
8.663000000000000000e+03 9.794000000000000000e+03
8.663000000000000000e+03 9.803000000000000000e+03
8.667000000000000000e+03 9.790000000000000000e+03
8.667000000000000000e+03 9.791000000000000000e+03
8.671000000000000000e+03 9.790000000000000000e+03
8.674000000000000000e+03 9.789000000000000000e+03
8.677000000000000000e+03 9.788000000000000000e+03
8.692000000000000000e+03 9.784000000000000000e+03
8.695000000000000000e+03 9.772000000000000000e+03
8.695000000000000000e+03 9.781000000000000000e+03
8.696000000000000000e+03 9.771000000000000000e+03
8.697000000000000000e+03 9.771000000000000000e+03
8.703000000000000000e+03 9.771000000000000000e+03
8.713000000000000000e+03 9.770000000000000000e+03
8.717000000000000000e+03 9.761000000000000000e+03
8.722000000000000000e+03 9.761000000000000000e+03
8.724000000000000000e+03 9.761000000000000000e+03
8.736000000000000000e+03 9.758000000000000000e+03
8.748000000000000000e+03 9.752000000000000000e+03
8.760000000000000000e+03 9.749000000000000000e+03
8.762000000000000000e+03 9.734000000000000000e+03
8.766000000000000000e+03 9.733000000000000000e+03
8.768000000000000000e+03 9.731000000000000000e+03
8.769000000000000000e+03 9.731000000000000000e+03
8.773000000000000000e+03 9.731000000000000000e+03
8.781000000000000000e+03 9.731000000000000000e+03
8.782000000000000000e+03 9.728000000000000000e+03
8.807000000000000000e+03 9.727000000000000000e+03
8.808000000000000000e+03 9.714000000000000000e+03
8.815000000000000000e+03 9.711000000000000000e+03
8.818000000000000000e+03 9.704000000000000000e+03
8.824000000000000000e+03 9.703000000000000000e+03
8.825000000000000000e+03 9.700000000000000000e+03
8.832000000000000000e+03 9.698000000000000000e+03
8.834000000000000000e+03 9.696000000000000000e+03
8.836000000000000000e+03 9.692000000000000000e+03
8.837000000000000000e+03 9.691000000000000000e+03
8.845000000000000000e+03 9.691000000000000000e+03
8.847000000000000000e+03 9.685000000000000000e+03
8.847000000000000000e+03 9.686000000000000000e+03
8.847000000000000000e+03 9.687000000000000000e+03
8.848000000000000000e+03 9.684000000000000000e+03
8.851000000000000000e+03 9.681000000000000000e+03
8.852000000000000000e+03 9.679000000000000000e+03
8.852000000000000000e+03 9.681000000000000000e+03
8.857000000000000000e+03 9.678000000000000000e+03
8.858000000000000000e+03 9.675000000000000000e+03
8.858000000000000000e+03 9.678000000000000000e+03
8.872000000000000000e+03 9.675000000000000000e+03
8.873000000000000000e+03 9.667000000000000000e+03
8.876000000000000000e+03 9.664000000000000000e+03
8.882000000000000000e+03 9.663000000000000000e+03
8.886000000000000000e+03 9.663000000000000000e+03
8.887000000000000000e+03 9.661000000000000000e+03
8.893000000000000000e+03 9.658000000000000000e+03
8.903000000000000000e+03 9.653000000000000000e+03
8.910000000000000000e+03 9.650000000000000000e+03
8.925000000000000000e+03 9.639000000000000000e+03
8.925000000000000000e+03 9.647000000000000000e+03
8.926000000000000000e+03 9.636000000000000000e+03
8.932000000000000000e+03 9.631000000000000000e+03
8.935000000000000000e+03 9.628000000000000000e+03
8.936000000000000000e+03 9.625000000000000000e+03
8.938000000000000000e+03 9.623000000000000000e+03
8.943000000000000000e+03 9.621000000000000000e+03
8.944000000000000000e+03 9.616000000000000000e+03
8.956000000000000000e+03 9.612000000000000000e+03
8.956000000000000000e+03 9.616000000000000000e+03
8.957000000000000000e+03 9.608000000000000000e+03
8.959000000000000000e+03 9.604000000000000000e+03
8.962000000000000000e+03 9.603000000000000000e+03
8.972000000000000000e+03 9.602000000000000000e+03
8.978000000000000000e+03 9.594000000000000000e+03
8.979000000000000000e+03 9.594000000000000000e+03
8.984000000000000000e+03 9.594000000000000000e+03
8.989000000000000000e+03 9.586000000000000000e+03
8.994000000000000000e+03 9.586000000000000000e+03
8.999000000000000000e+03 9.574000000000000000e+03
8.999000000000000000e+03 9.584000000000000000e+03
9.016000000000000000e+03 9.572000000000000000e+03
9.020000000000000000e+03 9.563000000000000000e+03
9.023000000000000000e+03 9.558000000000000000e+03
9.031000000000000000e+03 9.552000000000000000e+03
9.038000000000000000e+03 9.547000000000000000e+03
9.040000000000000000e+03 9.543000000000000000e+03
9.041000000000000000e+03 9.541000000000000000e+03
9.046000000000000000e+03 9.541000000000000000e+03
9.059000000000000000e+03 9.527000000000000000e+03
9.059000000000000000e+03 9.540000000000000000e+03
9.070000000000000000e+03 9.525000000000000000e+03
9.082000000000000000e+03 9.521000000000000000e+03
9.086000000000000000e+03 9.518000000000000000e+03
9.091000000000000000e+03 9.509000000000000000e+03
9.097000000000000000e+03 9.503000000000000000e+03
9.102000000000000000e+03 9.498000000000000000e+03
9.103000000000000000e+03 9.492000000000000000e+03
9.105000000000000000e+03 9.484000000000000000e+03
9.105000000000000000e+03 9.488000000000000000e+03
9.106000000000000000e+03 9.483000000000000000e+03
9.114000000000000000e+03 9.480000000000000000e+03
9.114000000000000000e+03 9.483000000000000000e+03
9.116000000000000000e+03 9.477000000000000000e+03
9.118000000000000000e+03 9.476000000000000000e+03
9.122000000000000000e+03 9.475000000000000000e+03
9.126000000000000000e+03 9.473000000000000000e+03
9.135000000000000000e+03 9.464000000000000000e+03
9.138000000000000000e+03 9.464000000000000000e+03
9.151000000000000000e+03 9.442000000000000000e+03
9.151000000000000000e+03 9.456000000000000000e+03
9.153000000000000000e+03 9.440000000000000000e+03
9.154000000000000000e+03 9.437000000000000000e+03
9.155000000000000000e+03 9.437000000000000000e+03
9.157000000000000000e+03 9.434000000000000000e+03
9.160000000000000000e+03 9.434000000000000000e+03
9.161000000000000000e+03 9.433000000000000000e+03
9.164000000000000000e+03 9.433000000000000000e+03
9.167000000000000000e+03 9.430000000000000000e+03
9.167000000000000000e+03 9.432000000000000000e+03
9.174000000000000000e+03 9.423000000000000000e+03
9.174000000000000000e+03 9.429000000000000000e+03
9.175000000000000000e+03 9.420000000000000000e+03
9.175000000000000000e+03 9.422000000000000000e+03
9.176000000000000000e+03 9.416000000000000000e+03
9.176000000000000000e+03 9.417000000000000000e+03
9.176000000000000000e+03 9.420000000000000000e+03
9.178000000000000000e+03 9.414000000000000000e+03
9.180000000000000000e+03 9.413000000000000000e+03
9.181000000000000000e+03 9.413000000000000000e+03
9.182000000000000000e+03 9.412000000000000000e+03
9.182000000000000000e+03 9.413000000000000000e+03
9.183000000000000000e+03 9.410000000000000000e+03
9.188000000000000000e+03 9.409000000000000000e+03
9.190000000000000000e+03 9.406000000000000000e+03
9.193000000000000000e+03 9.403000000000000000e+03
9.195000000000000000e+03 9.399000000000000000e+03
9.201000000000000000e+03 9.399000000000000000e+03
9.203000000000000000e+03 9.397000000000000000e+03
9.207000000000000000e+03 9.393000000000000000e+03
9.208000000000000000e+03 9.384000000000000000e+03
9.212000000000000000e+03 9.383000000000000000e+03
9.213000000000000000e+03 9.383000000000000000e+03
9.215000000000000000e+03 9.376000000000000000e+03
9.216000000000000000e+03 9.374000000000000000e+03
9.217000000000000000e+03 9.372000000000000000e+03
9.222000000000000000e+03 9.372000000000000000e+03
9.225000000000000000e+03 9.371000000000000000e+03
9.226000000000000000e+03 9.367000000000000000e+03
9.233000000000000000e+03 9.367000000000000000e+03
9.234000000000000000e+03 9.363000000000000000e+03
9.237000000000000000e+03 9.358000000000000000e+03
9.242000000000000000e+03 9.357000000000000000e+03
9.243000000000000000e+03 9.352000000000000000e+03
9.243000000000000000e+03 9.357000000000000000e+03
9.246000000000000000e+03 9.344000000000000000e+03
9.246000000000000000e+03 9.348000000000000000e+03
9.251000000000000000e+03 9.344000000000000000e+03
9.253000000000000000e+03 9.344000000000000000e+03
9.260000000000000000e+03 9.343000000000000000e+03
9.264000000000000000e+03 9.327000000000000000e+03
9.264000000000000000e+03 9.332000000000000000e+03
9.266000000000000000e+03 9.322000000000000000e+03
9.266000000000000000e+03 9.325000000000000000e+03
9.268000000000000000e+03 9.321000000000000000e+03
9.272000000000000000e+03 9.321000000000000000e+03
9.285000000000000000e+03 9.309000000000000000e+03
9.285000000000000000e+03 9.320000000000000000e+03
9.287000000000000000e+03 9.303000000000000000e+03
9.287000000000000000e+03 9.306000000000000000e+03
9.293000000000000000e+03 9.302000000000000000e+03
9.294000000000000000e+03 9.297000000000000000e+03
9.295000000000000000e+03 9.292000000000000000e+03
9.296000000000000000e+03 9.292000000000000000e+03
9.297000000000000000e+03 9.288000000000000000e+03
9.304000000000000000e+03 9.286000000000000000e+03
9.310000000000000000e+03 9.282000000000000000e+03
9.312000000000000000e+03 9.281000000000000000e+03
9.321000000000000000e+03 9.260000000000000000e+03
9.321000000000000000e+03 9.271000000000000000e+03
9.325000000000000000e+03 9.259000000000000000e+03
9.327000000000000000e+03 9.256000000000000000e+03
9.328000000000000000e+03 9.252000000000000000e+03
9.328000000000000000e+03 9.256000000000000000e+03
9.329000000000000000e+03 9.249000000000000000e+03
9.331000000000000000e+03 9.246000000000000000e+03
9.331000000000000000e+03 9.247000000000000000e+03
9.332000000000000000e+03 9.246000000000000000e+03
9.336000000000000000e+03 9.239000000000000000e+03
9.336000000000000000e+03 9.243000000000000000e+03
9.336000000000000000e+03 9.246000000000000000e+03
9.337000000000000000e+03 9.239000000000000000e+03
9.344000000000000000e+03 9.235000000000000000e+03
9.344000000000000000e+03 9.236000000000000000e+03
9.344000000000000000e+03 9.239000000000000000e+03
9.355000000000000000e+03 9.222000000000000000e+03
9.355000000000000000e+03 9.233000000000000000e+03
9.356000000000000000e+03 9.217000000000000000e+03
9.357000000000000000e+03 9.215000000000000000e+03
9.363000000000000000e+03 9.215000000000000000e+03
9.365000000000000000e+03 9.212000000000000000e+03
9.366000000000000000e+03 9.206000000000000000e+03
9.372000000000000000e+03 9.206000000000000000e+03
9.378000000000000000e+03 9.198000000000000000e+03
9.378000000000000000e+03 9.202000000000000000e+03
9.382000000000000000e+03 9.184000000000000000e+03
9.382000000000000000e+03 9.193000000000000000e+03
9.385000000000000000e+03 9.184000000000000000e+03
9.387000000000000000e+03 9.183000000000000000e+03
9.389000000000000000e+03 9.179000000000000000e+03
9.389000000000000000e+03 9.180000000000000000e+03
9.393000000000000000e+03 9.176000000000000000e+03
9.394000000000000000e+03 9.173000000000000000e+03
9.394000000000000000e+03 9.176000000000000000e+03
9.397000000000000000e+03 9.173000000000000000e+03
9.398000000000000000e+03 9.172000000000000000e+03
9.399000000000000000e+03 9.167000000000000000e+03
9.399000000000000000e+03 9.170000000000000000e+03
9.399000000000000000e+03 9.172000000000000000e+03
9.402000000000000000e+03 9.165000000000000000e+03
9.406000000000000000e+03 9.164000000000000000e+03
9.407000000000000000e+03 9.153000000000000000e+03
9.407000000000000000e+03 9.158000000000000000e+03
9.408000000000000000e+03 9.152000000000000000e+03
9.408000000000000000e+03 9.153000000000000000e+03
9.409000000000000000e+03 9.151000000000000000e+03
9.410000000000000000e+03 9.151000000000000000e+03
9.414000000000000000e+03 9.148000000000000000e+03
9.414000000000000000e+03 9.149000000000000000e+03
9.414000000000000000e+03 9.150000000000000000e+03
9.415000000000000000e+03 9.148000000000000000e+03
9.418000000000000000e+03 9.147000000000000000e+03
9.424000000000000000e+03 9.137000000000000000e+03
9.424000000000000000e+03 9.141000000000000000e+03
9.424000000000000000e+03 9.142000000000000000e+03
9.429000000000000000e+03 9.137000000000000000e+03
9.433000000000000000e+03 9.129000000000000000e+03
9.436000000000000000e+03 9.116000000000000000e+03
9.436000000000000000e+03 9.122000000000000000e+03
9.438000000000000000e+03 9.116000000000000000e+03
9.439000000000000000e+03 9.114000000000000000e+03
9.440000000000000000e+03 9.112000000000000000e+03
9.444000000000000000e+03 9.109000000000000000e+03
9.444000000000000000e+03 9.111000000000000000e+03
9.449000000000000000e+03 9.108000000000000000e+03
9.450000000000000000e+03 9.099000000000000000e+03
9.456000000000000000e+03 9.096000000000000000e+03
9.456000000000000000e+03 9.097000000000000000e+03
9.457000000000000000e+03 9.094000000000000000e+03
9.461000000000000000e+03 9.089000000000000000e+03
9.462000000000000000e+03 9.082000000000000000e+03
9.462000000000000000e+03 9.083000000000000000e+03
9.462000000000000000e+03 9.084000000000000000e+03
9.462000000000000000e+03 9.085000000000000000e+03
9.464000000000000000e+03 9.082000000000000000e+03
9.465000000000000000e+03 9.079000000000000000e+03
9.465000000000000000e+03 9.080000000000000000e+03
9.472000000000000000e+03 9.079000000000000000e+03
9.474000000000000000e+03 9.066000000000000000e+03
9.474000000000000000e+03 9.069000000000000000e+03
9.475000000000000000e+03 9.061000000000000000e+03
9.475000000000000000e+03 9.066000000000000000e+03
9.476000000000000000e+03 9.061000000000000000e+03
9.486000000000000000e+03 9.061000000000000000e+03
9.487000000000000000e+03 9.047000000000000000e+03
9.490000000000000000e+03 9.046000000000000000e+03
9.491000000000000000e+03 9.041000000000000000e+03
9.491000000000000000e+03 9.043000000000000000e+03
9.494000000000000000e+03 9.039000000000000000e+03
9.494000000000000000e+03 9.041000000000000000e+03
9.495000000000000000e+03 9.037000000000000000e+03
9.500000000000000000e+03 9.032000000000000000e+03
9.503000000000000000e+03 9.022000000000000000e+03
9.503000000000000000e+03 9.027000000000000000e+03
9.503000000000000000e+03 9.032000000000000000e+03
9.506000000000000000e+03 9.022000000000000000e+03
9.507000000000000000e+03 9.020000000000000000e+03
9.519000000000000000e+03 9.019000000000000000e+03
9.521000000000000000e+03 9.013000000000000000e+03
9.525000000000000000e+03 9.000000000000000000e+03
9.528000000000000000e+03 8.999000000000000000e+03
9.536000000000000000e+03 8.997000000000000000e+03
9.538000000000000000e+03 8.982000000000000000e+03
9.542000000000000000e+03 8.974000000000000000e+03
9.551000000000000000e+03 8.973000000000000000e+03
9.555000000000000000e+03 8.954000000000000000e+03
9.556000000000000000e+03 8.953000000000000000e+03
9.560000000000000000e+03 8.949000000000000000e+03
9.565000000000000000e+03 8.944000000000000000e+03
9.566000000000000000e+03 8.935000000000000000e+03
9.568000000000000000e+03 8.935000000000000000e+03
9.575000000000000000e+03 8.923000000000000000e+03
9.575000000000000000e+03 8.931000000000000000e+03
9.579000000000000000e+03 8.916000000000000000e+03
9.581000000000000000e+03 8.902000000000000000e+03
9.581000000000000000e+03 8.912000000000000000e+03
9.583000000000000000e+03 8.899000000000000000e+03
9.584000000000000000e+03 8.897000000000000000e+03
9.584000000000000000e+03 8.899000000000000000e+03
9.587000000000000000e+03 8.893000000000000000e+03
9.587000000000000000e+03 8.897000000000000000e+03
9.589000000000000000e+03 8.891000000000000000e+03
9.590000000000000000e+03 8.891000000000000000e+03
9.591000000000000000e+03 8.888000000000000000e+03
9.591000000000000000e+03 8.889000000000000000e+03
9.593000000000000000e+03 8.879000000000000000e+03
9.593000000000000000e+03 8.880000000000000000e+03
9.593000000000000000e+03 8.881000000000000000e+03
9.593000000000000000e+03 8.883000000000000000e+03
9.593000000000000000e+03 8.888000000000000000e+03
9.597000000000000000e+03 8.877000000000000000e+03
9.599000000000000000e+03 8.875000000000000000e+03
9.600000000000000000e+03 8.875000000000000000e+03
9.604000000000000000e+03 8.874000000000000000e+03
9.607000000000000000e+03 8.854000000000000000e+03
9.607000000000000000e+03 8.855000000000000000e+03
9.607000000000000000e+03 8.860000000000000000e+03
9.607000000000000000e+03 8.874000000000000000e+03
9.608000000000000000e+03 8.854000000000000000e+03
9.610000000000000000e+03 8.852000000000000000e+03
9.610000000000000000e+03 8.853000000000000000e+03
9.613000000000000000e+03 8.847000000000000000e+03
9.615000000000000000e+03 8.837000000000000000e+03
9.615000000000000000e+03 8.839000000000000000e+03
9.617000000000000000e+03 8.834000000000000000e+03
9.622000000000000000e+03 8.833000000000000000e+03
9.622000000000000000e+03 8.834000000000000000e+03
9.623000000000000000e+03 8.816000000000000000e+03
9.623000000000000000e+03 8.818000000000000000e+03
9.623000000000000000e+03 8.826000000000000000e+03
9.623000000000000000e+03 8.827000000000000000e+03
9.625000000000000000e+03 8.816000000000000000e+03
9.626000000000000000e+03 8.810000000000000000e+03
9.626000000000000000e+03 8.814000000000000000e+03
9.632000000000000000e+03 8.809000000000000000e+03
9.633000000000000000e+03 8.805000000000000000e+03
9.634000000000000000e+03 8.802000000000000000e+03
9.635000000000000000e+03 8.794000000000000000e+03
9.635000000000000000e+03 8.796000000000000000e+03
9.639000000000000000e+03 8.794000000000000000e+03
9.645000000000000000e+03 8.791000000000000000e+03
9.646000000000000000e+03 8.786000000000000000e+03
9.651000000000000000e+03 8.769000000000000000e+03
9.651000000000000000e+03 8.770000000000000000e+03
9.651000000000000000e+03 8.779000000000000000e+03
9.652000000000000000e+03 8.764000000000000000e+03
9.652000000000000000e+03 8.765000000000000000e+03
9.662000000000000000e+03 8.764000000000000000e+03
9.663000000000000000e+03 8.748000000000000000e+03
9.669000000000000000e+03 8.746000000000000000e+03
9.670000000000000000e+03 8.743000000000000000e+03
9.673000000000000000e+03 8.735000000000000000e+03
9.679000000000000000e+03 8.733000000000000000e+03
9.682000000000000000e+03 8.696000000000000000e+03
9.682000000000000000e+03 8.708000000000000000e+03
9.683000000000000000e+03 8.693000000000000000e+03
9.683000000000000000e+03 8.696000000000000000e+03
9.684000000000000000e+03 8.692000000000000000e+03
9.685000000000000000e+03 8.691000000000000000e+03
9.685000000000000000e+03 8.692000000000000000e+03
9.687000000000000000e+03 8.683000000000000000e+03
9.693000000000000000e+03 8.681000000000000000e+03
9.697000000000000000e+03 8.679000000000000000e+03
9.699000000000000000e+03 8.662000000000000000e+03
9.700000000000000000e+03 8.659000000000000000e+03
9.702000000000000000e+03 8.655000000000000000e+03
9.703000000000000000e+03 8.646000000000000000e+03
9.705000000000000000e+03 8.639000000000000000e+03
9.705000000000000000e+03 8.640000000000000000e+03
9.708000000000000000e+03 8.635000000000000000e+03
9.708000000000000000e+03 8.637000000000000000e+03
9.710000000000000000e+03 8.632000000000000000e+03
9.711000000000000000e+03 8.629000000000000000e+03
9.712000000000000000e+03 8.628000000000000000e+03
9.713000000000000000e+03 8.621000000000000000e+03
9.716000000000000000e+03 8.617000000000000000e+03
9.719000000000000000e+03 8.615000000000000000e+03
9.722000000000000000e+03 8.608000000000000000e+03
9.725000000000000000e+03 8.602000000000000000e+03
9.726000000000000000e+03 8.596000000000000000e+03
9.727000000000000000e+03 8.595000000000000000e+03
9.729000000000000000e+03 8.588000000000000000e+03
9.733000000000000000e+03 8.586000000000000000e+03
9.735000000000000000e+03 8.552000000000000000e+03
9.735000000000000000e+03 8.569000000000000000e+03
9.735000000000000000e+03 8.571000000000000000e+03
9.737000000000000000e+03 8.552000000000000000e+03
9.745000000000000000e+03 8.532000000000000000e+03
9.745000000000000000e+03 8.538000000000000000e+03
9.745000000000000000e+03 8.541000000000000000e+03
9.745000000000000000e+03 8.552000000000000000e+03
9.746000000000000000e+03 8.530000000000000000e+03
9.747000000000000000e+03 8.527000000000000000e+03
9.747000000000000000e+03 8.529000000000000000e+03
9.754000000000000000e+03 8.525000000000000000e+03
9.754000000000000000e+03 8.526000000000000000e+03
9.755000000000000000e+03 8.494000000000000000e+03
9.755000000000000000e+03 8.495000000000000000e+03
9.755000000000000000e+03 8.500000000000000000e+03
9.755000000000000000e+03 8.504000000000000000e+03
9.756000000000000000e+03 8.494000000000000000e+03
9.759000000000000000e+03 8.491000000000000000e+03
9.760000000000000000e+03 8.486000000000000000e+03
9.760000000000000000e+03 8.487000000000000000e+03
9.762000000000000000e+03 8.486000000000000000e+03
9.766000000000000000e+03 8.457000000000000000e+03
9.766000000000000000e+03 8.469000000000000000e+03
9.766000000000000000e+03 8.483000000000000000e+03
9.767000000000000000e+03 8.457000000000000000e+03
9.768000000000000000e+03 8.451000000000000000e+03
9.771000000000000000e+03 8.446000000000000000e+03
9.775000000000000000e+03 8.445000000000000000e+03
9.779000000000000000e+03 8.428000000000000000e+03
9.783000000000000000e+03 8.402000000000000000e+03
9.783000000000000000e+03 8.407000000000000000e+03
9.783000000000000000e+03 8.418000000000000000e+03
9.786000000000000000e+03 8.399000000000000000e+03
9.788000000000000000e+03 8.375000000000000000e+03
9.788000000000000000e+03 8.376000000000000000e+03
9.788000000000000000e+03 8.380000000000000000e+03
9.788000000000000000e+03 8.389000000000000000e+03
9.789000000000000000e+03 8.375000000000000000e+03
9.790000000000000000e+03 8.374000000000000000e+03
9.791000000000000000e+03 8.361000000000000000e+03
9.791000000000000000e+03 8.374000000000000000e+03
9.792000000000000000e+03 8.360000000000000000e+03
9.797000000000000000e+03 8.359000000000000000e+03
9.800000000000000000e+03 8.345000000000000000e+03
9.800000000000000000e+03 8.348000000000000000e+03
9.802000000000000000e+03 8.344000000000000000e+03
9.804000000000000000e+03 8.337000000000000000e+03
9.806000000000000000e+03 8.322000000000000000e+03
9.807000000000000000e+03 8.309000000000000000e+03
9.807000000000000000e+03 8.310000000000000000e+03
9.808000000000000000e+03 8.296000000000000000e+03
9.808000000000000000e+03 8.298000000000000000e+03
9.808000000000000000e+03 8.306000000000000000e+03
9.810000000000000000e+03 8.296000000000000000e+03
9.812000000000000000e+03 8.281000000000000000e+03
9.812000000000000000e+03 8.282000000000000000e+03
9.812000000000000000e+03 8.283000000000000000e+03
9.812000000000000000e+03 8.296000000000000000e+03
9.813000000000000000e+03 8.280000000000000000e+03
9.816000000000000000e+03 8.280000000000000000e+03
9.817000000000000000e+03 8.263000000000000000e+03
9.817000000000000000e+03 8.268000000000000000e+03
9.821000000000000000e+03 8.260000000000000000e+03
9.821000000000000000e+03 8.263000000000000000e+03
9.822000000000000000e+03 8.244000000000000000e+03
9.823000000000000000e+03 8.234000000000000000e+03
9.827000000000000000e+03 8.222000000000000000e+03
9.827000000000000000e+03 8.224000000000000000e+03
9.827000000000000000e+03 8.234000000000000000e+03
9.828000000000000000e+03 8.221000000000000000e+03
9.829000000000000000e+03 8.210000000000000000e+03
9.829000000000000000e+03 8.215000000000000000e+03
9.829000000000000000e+03 8.218000000000000000e+03
9.830000000000000000e+03 8.209000000000000000e+03
9.833000000000000000e+03 8.207000000000000000e+03
9.834000000000000000e+03 8.195000000000000000e+03
9.834000000000000000e+03 8.204000000000000000e+03
9.836000000000000000e+03 8.189000000000000000e+03
9.836000000000000000e+03 8.193000000000000000e+03
9.838000000000000000e+03 8.170000000000000000e+03
9.838000000000000000e+03 8.178000000000000000e+03
9.838000000000000000e+03 8.179000000000000000e+03
9.838000000000000000e+03 8.184000000000000000e+03
9.842000000000000000e+03 8.159000000000000000e+03
9.842000000000000000e+03 8.163000000000000000e+03
9.842000000000000000e+03 8.168000000000000000e+03
9.844000000000000000e+03 8.156000000000000000e+03
9.845000000000000000e+03 8.138000000000000000e+03
9.845000000000000000e+03 8.149000000000000000e+03
9.846000000000000000e+03 8.137000000000000000e+03
9.851000000000000000e+03 8.111000000000000000e+03
9.851000000000000000e+03 8.112000000000000000e+03
9.851000000000000000e+03 8.114000000000000000e+03
9.851000000000000000e+03 8.137000000000000000e+03
9.852000000000000000e+03 8.109000000000000000e+03
9.855000000000000000e+03 8.097000000000000000e+03
9.855000000000000000e+03 8.107000000000000000e+03
9.857000000000000000e+03 8.085000000000000000e+03
9.857000000000000000e+03 8.090000000000000000e+03
9.861000000000000000e+03 8.072000000000000000e+03
9.861000000000000000e+03 8.084000000000000000e+03
9.863000000000000000e+03 8.070000000000000000e+03
9.864000000000000000e+03 8.070000000000000000e+03
9.865000000000000000e+03 8.064000000000000000e+03
9.866000000000000000e+03 8.034000000000000000e+03
9.866000000000000000e+03 8.040000000000000000e+03
9.868000000000000000e+03 8.027000000000000000e+03
9.869000000000000000e+03 8.022000000000000000e+03
9.869000000000000000e+03 8.024000000000000000e+03
9.871000000000000000e+03 8.021000000000000000e+03
9.873000000000000000e+03 8.002000000000000000e+03
9.879000000000000000e+03 7.993000000000000000e+03
9.880000000000000000e+03 7.922000000000000000e+03
9.883000000000000000e+03 7.896000000000000000e+03
9.883000000000000000e+03 7.911000000000000000e+03
9.886000000000000000e+03 7.778000000000000000e+03
9.886000000000000000e+03 7.807000000000000000e+03
9.886000000000000000e+03 7.854000000000000000e+03
9.888000000000000000e+03 7.746000000000000000e+03
9.888000000000000000e+03 7.750000000000000000e+03
9.888000000000000000e+03 7.751000000000000000e+03
9.888000000000000000e+03 7.756000000000000000e+03
9.889000000000000000e+03 7.713000000000000000e+03
9.889000000000000000e+03 7.728000000000000000e+03
9.891000000000000000e+03 7.633000000000000000e+03
9.891000000000000000e+03 7.707000000000000000e+03
9.893000000000000000e+03 7.570000000000000000e+03
