7.849000000000000000e+03 9.956000000000000000e+03
7.839000000000000000e+03 1.002100000000000000e+04
7.788000000000000000e+03 1.002200000000000000e+04
7.756000000000000000e+03 1.002500000000000000e+04
8.150000000000000000e+03 9.923000000000000000e+03
8.194000000000000000e+03 9.916000000000000000e+03
8.216000000000000000e+03 9.904000000000000000e+03
8.213000000000000000e+03 9.914000000000000000e+03
8.264000000000000000e+03 9.894000000000000000e+03
8.243000000000000000e+03 9.903000000000000000e+03
8.307000000000000000e+03 9.891000000000000000e+03
8.347000000000000000e+03 9.881000000000000000e+03
8.403000000000000000e+03 9.848000000000000000e+03
8.348000000000000000e+03 9.868000000000000000e+03
8.401000000000000000e+03 9.867000000000000000e+03
8.426000000000000000e+03 9.842000000000000000e+03
8.472000000000000000e+03 9.821000000000000000e+03
8.480000000000000000e+03 9.812000000000000000e+03
8.562000000000000000e+03 9.789000000000000000e+03
8.525000000000000000e+03 9.805000000000000000e+03
8.568000000000000000e+03 9.781000000000000000e+03
8.552000000000000000e+03 9.792000000000000000e+03
8.573000000000000000e+03 9.778000000000000000e+03
8.577000000000000000e+03 9.772000000000000000e+03
8.604000000000000000e+03 9.767000000000000000e+03
8.644000000000000000e+03 9.737000000000000000e+03
8.630000000000000000e+03 9.751000000000000000e+03
8.618000000000000000e+03 9.754000000000000000e+03
8.641000000000000000e+03 9.741000000000000000e+03
8.703000000000000000e+03 9.713000000000000000e+03
8.694000000000000000e+03 9.721000000000000000e+03
8.729000000000000000e+03 9.698000000000000000e+03
8.791000000000000000e+03 9.681000000000000000e+03
8.768000000000000000e+03 9.694000000000000000e+03
8.822000000000000000e+03 9.664000000000000000e+03
8.770000000000000000e+03 9.692000000000000000e+03
8.811000000000000000e+03 9.669000000000000000e+03
8.838000000000000000e+03 9.635000000000000000e+03
8.829000000000000000e+03 9.650000000000000000e+03
8.855000000000000000e+03 9.631000000000000000e+03
8.879000000000000000e+03 9.620000000000000000e+03
8.902000000000000000e+03 9.598000000000000000e+03
8.883000000000000000e+03 9.613000000000000000e+03
8.869000000000000000e+03 9.630000000000000000e+03
8.937000000000000000e+03 9.580000000000000000e+03
8.925000000000000000e+03 9.585000000000000000e+03
8.957000000000000000e+03 9.557000000000000000e+03
8.952000000000000000e+03 9.564000000000000000e+03
8.988000000000000000e+03 9.527000000000000000e+03
8.963000000000000000e+03 9.538000000000000000e+03
9.011000000000000000e+03 9.498000000000000000e+03
9.018000000000000000e+03 9.496000000000000000e+03
9.052000000000000000e+03 9.475000000000000000e+03
9.003000000000000000e+03 9.504000000000000000e+03
9.051000000000000000e+03 9.478000000000000000e+03
8.999000000000000000e+03 9.515000000000000000e+03
9.023000000000000000e+03 9.492000000000000000e+03
9.068000000000000000e+03 9.448000000000000000e+03
9.149000000000000000e+03 9.353000000000000000e+03
9.143000000000000000e+03 9.357000000000000000e+03
9.170000000000000000e+03 9.337000000000000000e+03
9.181000000000000000e+03 9.322000000000000000e+03
9.141000000000000000e+03 9.358000000000000000e+03
9.173000000000000000e+03 9.323000000000000000e+03
9.158000000000000000e+03 9.344000000000000000e+03
9.197000000000000000e+03 9.305000000000000000e+03
9.163000000000000000e+03 9.338000000000000000e+03
7.461000000000000000e+03 1.004300000000000000e+04
7.817000000000000000e+03 1.003800000000000000e+04
7.914000000000000000e+03 1.001500000000000000e+04
7.875000000000000000e+03 1.002500000000000000e+04
8.003000000000000000e+03 9.990000000000000000e+03
7.984000000000000000e+03 9.994000000000000000e+03
7.978000000000000000e+03 9.998000000000000000e+03
8.077000000000000000e+03 9.987000000000000000e+03
8.102000000000000000e+03 9.970000000000000000e+03
8.192000000000000000e+03 9.963000000000000000e+03
8.159000000000000000e+03 9.968000000000000000e+03
8.197000000000000000e+03 9.956000000000000000e+03
8.236000000000000000e+03 9.951000000000000000e+03
8.259000000000000000e+03 9.940000000000000000e+03
8.271000000000000000e+03 9.937000000000000000e+03
8.234000000000000000e+03 9.953000000000000000e+03
8.272000000000000000e+03 9.934000000000000000e+03
8.346000000000000000e+03 9.902000000000000000e+03
8.423000000000000000e+03 9.894000000000000000e+03
8.479000000000000000e+03 9.860000000000000000e+03
8.512000000000000000e+03 9.842000000000000000e+03
8.461000000000000000e+03 9.891000000000000000e+03
8.509000000000000000e+03 9.854000000000000000e+03
8.515000000000000000e+03 9.840000000000000000e+03
8.524000000000000000e+03 9.837000000000000000e+03
8.565000000000000000e+03 9.819000000000000000e+03
8.591000000000000000e+03 9.813000000000000000e+03
8.606000000000000000e+03 9.796000000000000000e+03
8.580000000000000000e+03 9.816000000000000000e+03
8.562000000000000000e+03 9.831000000000000000e+03
8.597000000000000000e+03 9.799000000000000000e+03
8.627000000000000000e+03 9.790000000000000000e+03
8.635000000000000000e+03 9.777000000000000000e+03
8.596000000000000000e+03 9.806000000000000000e+03
8.628000000000000000e+03 9.779000000000000000e+03
8.654000000000000000e+03 9.769000000000000000e+03
8.670000000000000000e+03 9.760000000000000000e+03
8.665000000000000000e+03 9.762000000000000000e+03
8.715000000000000000e+03 9.738000000000000000e+03
8.658000000000000000e+03 9.763000000000000000e+03
8.708000000000000000e+03 9.755000000000000000e+03
8.710000000000000000e+03 9.749000000000000000e+03
8.713000000000000000e+03 9.743000000000000000e+03
8.696000000000000000e+03 9.756000000000000000e+03
8.749000000000000000e+03 9.722000000000000000e+03
8.759000000000000000e+03 9.711000000000000000e+03
8.738000000000000000e+03 9.736000000000000000e+03
8.751000000000000000e+03 9.713000000000000000e+03
8.739000000000000000e+03 9.734000000000000000e+03
8.799000000000000000e+03 9.699000000000000000e+03
8.790000000000000000e+03 9.708000000000000000e+03
8.828000000000000000e+03 9.687000000000000000e+03
8.831000000000000000e+03 9.665000000000000000e+03
8.851000000000000000e+03 9.659000000000000000e+03
8.873000000000000000e+03 9.653000000000000000e+03
8.877000000000000000e+03 9.641000000000000000e+03
8.912000000000000000e+03 9.599000000000000000e+03
8.891000000000000000e+03 9.638000000000000000e+03
8.913000000000000000e+03 9.597000000000000000e+03
8.905000000000000000e+03 9.619000000000000000e+03
8.892000000000000000e+03 9.627000000000000000e+03
8.963000000000000000e+03 9.545000000000000000e+03
8.973000000000000000e+03 9.540000000000000000e+03
8.965000000000000000e+03 9.541000000000000000e+03
8.988000000000000000e+03 9.528000000000000000e+03
8.951000000000000000e+03 9.576000000000000000e+03
8.975000000000000000e+03 9.532000000000000000e+03
8.956000000000000000e+03 9.558000000000000000e+03
8.957000000000000000e+03 9.552000000000000000e+03
9.009000000000000000e+03 9.519000000000000000e+03
9.013000000000000000e+03 9.502000000000000000e+03
9.051000000000000000e+03 9.481000000000000000e+03
8.989000000000000000e+03 9.527000000000000000e+03
9.020000000000000000e+03 9.493000000000000000e+03
9.038000000000000000e+03 9.483000000000000000e+03
9.083000000000000000e+03 9.416000000000000000e+03
9.078000000000000000e+03 9.449000000000000000e+03
9.061000000000000000e+03 9.458000000000000000e+03
